# relative_time, cycles_done, cur_item, corpus_count, pending_total, pending_favs, map_size, saved_crashes, saved_hangs, max_depth, execs_per_sec, total_execs, edges_found
62, 0, 30, 99, 87, 0, 8.13%, 12, 8, 4, 705.37, 26939, 30
67, 0, 32, 100, 88, 0, 8.13%, 12, 8, 4, 724.61, 30512, 30
72, 1, 30, 100, 88, 0, 8.13%, 12, 8, 4, 760.98, 34103, 30
77, 1, 1, 101, 89, 0, 8.13%, 12, 8, 4, 750.67, 37856, 30
82, 1, 18, 101, 88, 0, 8.13%, 12, 8, 4, 790.33, 41895, 30
87, 1, 18, 101, 87, 0, 8.13%, 12, 9, 4, 892.41, 45381, 30
92, 1, 32, 101, 83, 0, 8.13%, 12, 9, 4, 800.13, 49087, 30
97, 1, 45, 101, 82, 0, 8.13%, 12, 10, 4, 817.92, 52216, 30
102, 1, 4, 101, 82, 0, 8.13%, 12, 10, 4, 799.34, 56270, 30
108, 2, 33, 101, 81, 0, 8.13%, 12, 10, 4, 860.54, 60733, 30
113, 2, 4, 101, 80, 0, 8.13%, 12, 10, 4, 803.24, 64845, 30
118, 2, 4, 101, 79, 0, 8.13%, 12, 10, 4, 862.21, 69126, 30
123, 2, 30, 101, 78, 0, 8.13%, 12, 10, 4, 913.88, 73690, 30
128, 2, 49, 101, 77, 0, 8.13%, 12, 10, 4, 821.47, 77723, 30
133, 3, 32, 101, 75, 0, 8.13%, 12, 11, 4, 934.96, 81170, 30
138, 3, 4, 101, 73, 0, 8.13%, 12, 11, 4, 842.87, 85327, 30
143, 3, 4, 101, 72, 0, 8.13%, 12, 11, 4, 722.49, 88819, 30
148, 3, 30, 101, 71, 0, 8.13%, 12, 11, 4, 807.69, 92900, 30
154, 3, 77, 101, 71, 0, 8.13%, 12, 11, 4, 841.11, 97281, 30
159, 3, 37, 101, 71, 0, 8.13%, 12, 12, 4, 780.73, 99860, 30
164, 3, 4, 101, 70, 0, 8.13%, 12, 12, 4, 200.84, 103505, 30
169, 4, 4, 101, 69, 0, 8.13%, 12, 12, 4, 707.89, 107667, 30
174, 4, 30, 101, 67, 0, 8.13%, 12, 12, 4, 1051.06, 111589, 30
179, 4, 18, 101, 66, 0, 8.13%, 12, 12, 4, 821.06, 115200, 30
184, 4, 37, 101, 64, 0, 8.13%, 12, 12, 4, 977.84, 119498, 30
189, 4, 4, 101, 62, 0, 8.13%, 12, 12, 4, 1201.10, 123956, 30
194, 5, 45, 101, 61, 0, 8.13%, 12, 12, 4, 848.57, 128102, 30
199, 5, 50, 102, 62, 0, 8.13%, 12, 12, 4, 720.17, 131788, 30
205, 5, 32, 103, 62, 0, 8.13%, 12, 12, 4, 573.37, 134916, 30
210, 5, 4, 103, 62, 0, 8.13%, 12, 12, 4, 544.87, 138047, 30
215, 5, 4, 104, 63, 0, 8.13%, 12, 12, 4, 659.29, 141280, 30
220, 5, 18, 104, 63, 0, 8.13%, 12, 12, 4, 1128.50, 144728, 30
225, 5, 30, 104, 63, 0, 8.13%, 12, 12, 4, 760.93, 148035, 30
230, 5, 4, 104, 63, 0, 8.13%, 12, 12, 4, 691.09, 151436, 30
235, 6, 45, 104, 62, 0, 8.13%, 12, 12, 4, 743.36, 155178, 30
240, 6, 4, 104, 61, 0, 8.13%, 12, 12, 4, 812.07, 158903, 30
246, 6, 30, 104, 61, 0, 8.13%, 12, 12, 4, 709.88, 162335, 30
251, 6, 18, 104, 61, 0, 8.13%, 12, 12, 4, 654.60, 165720, 30
256, 6, 18, 105, 61, 0, 8.13%, 12, 12, 4, 668.96, 169303, 30
261, 6, 4, 105, 60, 0, 8.13%, 12, 12, 4, 711.09, 172946, 30
266, 6, 45, 105, 60, 0, 8.13%, 12, 12, 4, 719.90, 176518, 30
271, 7, 30, 105, 58, 0, 8.13%, 12, 12, 4, 497.18, 179797, 30
276, 7, 4, 105, 57, 0, 8.13%, 12, 12, 4, 113.16, 183213, 30
281, 7, 32, 105, 56, 0, 8.13%, 12, 12, 4, 810.73, 186851, 30
287, 7, 4, 105, 55, 0, 8.13%, 12, 12, 4, 761.23, 190541, 30
292, 7, 37, 105, 54, 0, 8.13%, 12, 12, 4, 716.82, 194088, 30
297, 7, 30, 105, 53, 0, 8.13%, 12, 12, 4, 726.49, 197633, 30
302, 8, 32, 105, 52, 0, 8.13%, 12, 12, 4, 916.37, 201340, 30
307, 8, 4, 105, 51, 0, 8.13%, 12, 12, 4, 626.52, 204102, 30
313, 8, 18, 105, 51, 0, 8.13%, 12, 12, 4, 740.10, 206845, 30
318, 8, 30, 105, 50, 0, 8.13%, 12, 12, 4, 530.33, 210135, 30
323, 8, 58, 105, 50, 0, 8.13%, 12, 12, 4, 713.08, 213731, 30
328, 8, 4, 105, 49, 0, 8.13%, 12, 12, 4, 693.51, 217195, 30
333, 8, 56, 105, 48, 0, 8.13%, 12, 12, 4, 727.44, 220576, 30
338, 8, 18, 105, 47, 0, 8.13%, 12, 12, 4, 118.94, 223905, 30
343, 9, 37, 105, 47, 0, 8.13%, 12, 12, 4, 573.28, 226396, 30
348, 9, 32, 105, 46, 0, 8.13%, 12, 12, 4, 100.46, 229218, 30
353, 9, 30, 105, 46, 0, 8.13%, 12, 12, 4, 722.13, 232757, 30
358, 9, 18, 105, 46, 0, 8.13%, 12, 12, 4, 641.33, 235905, 30
364, 9, 4, 105, 45, 0, 8.13%, 12, 12, 4, 730.00, 238793, 30
369, 9, 46, 105, 43, 0, 8.13%, 12, 12, 4, 684.31, 242157, 30
374, 9, 77, 105, 43, 0, 8.13%, 12, 12, 4, 630.84, 245135, 30
379, 9, 4, 105, 43, 0, 8.13%, 12, 12, 4, 624.97, 248415, 30
384, 10, 29, 105, 42, 0, 8.13%, 12, 12, 4, 654.76, 251750, 30
389, 10, 70, 105, 41, 0, 8.13%, 12, 12, 4, 619.26, 254943, 30
395, 10, 4, 105, 41, 0, 8.13%, 12, 12, 4, 587.03, 258090, 30
400, 10, 4, 105, 41, 0, 8.13%, 12, 12, 4, 639.96, 261575, 30
405, 10, 18, 105, 40, 0, 8.13%, 12, 12, 4, 576.00, 264431, 30
410, 10, 18, 105, 40, 0, 8.13%, 12, 12, 4, 630.85, 267797, 30
415, 10, 70, 106, 41, 0, 8.13%, 12, 12, 4, 673.31, 270816, 30
420, 10, 32, 106, 39, 0, 8.13%, 12, 12, 4, 757.42, 273809, 30
425, 11, 4, 106, 39, 0, 8.13%, 12, 12, 4, 118.18, 276776, 30
431, 11, 4, 106, 39, 0, 8.13%, 12, 12, 4, 549.89, 280272, 30
436, 11, 4, 106, 38, 0, 8.13%, 12, 12, 4, 651.40, 283699, 30
441, 11, 4, 106, 38, 0, 8.13%, 12, 12, 4, 602.40, 286616, 30
446, 11, 4, 106, 38, 0, 8.13%, 12, 12, 4, 657.86, 289469, 30
451, 11, 56, 106, 37, 0, 8.13%, 12, 12, 4, 674.60, 292826, 30
456, 11, 18, 106, 36, 0, 8.13%, 12, 12, 4, 633.82, 296068, 30
461, 11, 70, 106, 34, 0, 8.13%, 12, 12, 4, 624.16, 299135, 30
466, 12, 45, 106, 33, 0, 8.13%, 12, 12, 4, 641.79, 302251, 30
471, 12, 1, 106, 32, 0, 8.13%, 12, 12, 4, 558.11, 305407, 30
476, 12, 70, 106, 32, 0, 8.13%, 12, 12, 4, 622.45, 308613, 30
481, 12, 4, 106, 32, 0, 8.13%, 12, 12, 4, 726.26, 312112, 30
487, 12, 4, 106, 31, 0, 8.13%, 12, 12, 4, 718.65, 315093, 30
492, 12, 45, 106, 31, 0, 8.13%, 12, 12, 4, 638.62, 318080, 30
497, 12, 102, 106, 31, 0, 8.13%, 12, 12, 4, 651.85, 321321, 30
502, 12, 4, 106, 28, 0, 8.13%, 12, 12, 4, 577.20, 324060, 30
507, 13, 37, 106, 28, 0, 8.13%, 12, 12, 4, 592.22, 326855, 30
512, 13, 18, 106, 28, 0, 8.13%, 12, 12, 4, 637.91, 330029, 30
517, 13, 56, 106, 28, 0, 8.13%, 12, 12, 4, 693.19, 333624, 30
522, 13, 70, 106, 28, 0, 8.13%, 12, 12, 4, 584.55, 336348, 30
527, 13, 18, 106, 27, 0, 8.13%, 12, 12, 4, 614.88, 339510, 30
532, 13, 45, 106, 26, 0, 8.13%, 12, 12, 4, 213.38, 342302, 30
538, 13, 32, 106, 26, 0, 8.13%, 12, 12, 4, 724.19, 345464, 30
543, 13, 77, 106, 25, 0, 8.13%, 12, 12, 4, 760.26, 349049, 30
548, 14, 18, 106, 25, 0, 8.13%, 12, 12, 4, 766.06, 352219, 30
553, 14, 45, 106, 25, 0, 8.13%, 12, 12, 4, 537.52, 355774, 30
558, 14, 56, 106, 24, 0, 8.13%, 12, 12, 4, 609.55, 359187, 30
563, 14, 4, 106, 24, 0, 8.13%, 12, 12, 4, 492.21, 362318, 30
568, 14, 4, 106, 24, 0, 8.13%, 12, 12, 4, 652.96, 365857, 30
573, 14, 37, 106, 24, 0, 8.13%, 12, 12, 4, 651.69, 368858, 30
578, 14, 4, 106, 24, 0, 8.13%, 12, 12, 4, 598.88, 371776, 30
583, 15, 30, 106, 23, 0, 8.13%, 12, 12, 4, 577.89, 374763, 30
589, 15, 1, 106, 23, 0, 8.13%, 12, 12, 4, 803.75, 377850, 30
594, 15, 56, 106, 23, 0, 8.13%, 12, 12, 4, 622.42, 380693, 30
599, 15, 18, 106, 23, 0, 8.13%, 12, 12, 4, 730.61, 383815, 30
604, 15, 45, 110, 27, 0, 8.13%, 12, 12, 4, 127.66, 385384, 30
609, 15, 37, 112, 29, 0, 8.13%, 12, 12, 4, 199.04, 387253, 30
614, 15, 18, 114, 30, 0, 8.13%, 12, 12, 4, 424.54, 389607, 30
619, 15, 30, 117, 33, 0, 8.13%, 12, 12, 4, 394.64, 391384, 30
624, 15, 118, 119, 34, 0, 19.78%, 13, 12, 4, 66.74, 392150, 73
630, 15, 118, 121, 36, 0, 21.68%, 15, 12, 4, 50.69, 392407, 80
635, 15, 118, 121, 36, 0, 21.68%, 15, 12, 4, 42.63, 392621, 80
640, 15, 118, 122, 37, 0, 23.04%, 16, 12, 4, 44.38, 392846, 85
645, 15, 118, 123, 38, 0, 23.85%, 17, 12, 4, 50.80, 393124, 88
650, 15, 118, 123, 38, 0, 23.85%, 17, 12, 4, 46.37, 393373, 88
655, 15, 118, 123, 38, 0, 23.85%, 17, 12, 4, 40.39, 393583, 88
660, 15, 118, 123, 38, 0, 23.85%, 17, 12, 4, 51.65, 393866, 88
665, 15, 118, 123, 38, 0, 23.85%, 17, 12, 4, 52.85, 394143, 88
670, 15, 118, 123, 38, 0, 23.85%, 17, 12, 4, 48.20, 394395, 88
675, 15, 118, 124, 39, 0, 23.85%, 17, 12, 4, 47.28, 394642, 88
681, 15, 118, 124, 39, 0, 23.85%, 17, 12, 4, 50.54, 394899, 88
686, 15, 118, 124, 39, 0, 23.85%, 17, 12, 4, 55.78, 395210, 88
691, 15, 118, 124, 39, 0, 23.85%, 17, 12, 4, 55.47, 395503, 88
696, 15, 118, 124, 39, 0, 23.85%, 17, 12, 4, 57.22, 395799, 88
701, 15, 118, 124, 39, 0, 23.85%, 17, 12, 4, 50.44, 396040, 88
706, 15, 118, 124, 39, 0, 23.85%, 17, 12, 4, 55.59, 396340, 88
711, 15, 118, 124, 39, 0, 23.85%, 17, 12, 4, 46.51, 396576, 88
717, 15, 118, 124, 39, 0, 23.85%, 17, 12, 4, 48.67, 396841, 88
722, 15, 118, 124, 39, 0, 23.85%, 17, 12, 4, 28.47, 396996, 88
727, 15, 118, 124, 39, 0, 23.85%, 17, 12, 4, 41.18, 397214, 88
732, 15, 118, 124, 39, 0, 23.85%, 17, 12, 4, 35.65, 397478, 88
737, 15, 118, 124, 39, 0, 23.85%, 17, 12, 4, 227.16, 397796, 88
742, 15, 119, 124, 38, 3, 23.85%, 17, 12, 4, 145.40, 398520, 88
747, 15, 119, 124, 38, 3, 23.85%, 17, 12, 4, 130.94, 399183, 88
752, 15, 119, 124, 38, 3, 23.85%, 17, 12, 4, 148.07, 399864, 88
757, 15, 119, 124, 38, 3, 23.85%, 17, 12, 4, 81.74, 400202, 88
762, 15, 119, 124, 38, 3, 23.85%, 17, 12, 4, 96.78, 400816, 88
768, 15, 119, 124, 38, 3, 23.85%, 17, 12, 4, 16.21, 400944, 88
773, 15, 119, 124, 38, 3, 23.85%, 17, 12, 4, 16.43, 401029, 88
778, 15, 119, 124, 38, 3, 23.85%, 17, 12, 4, 16.28, 401114, 88
783, 15, 119, 124, 38, 3, 23.85%, 17, 12, 4, 28.85, 401251, 88
788, 15, 120, 124, 37, 2, 23.85%, 17, 12, 4, 51.82, 401571, 88
793, 15, 120, 124, 37, 2, 23.85%, 17, 12, 4, 50.37, 401838, 88
798, 15, 120, 124, 37, 2, 23.85%, 17, 12, 4, 51.14, 402099, 88
803, 15, 120, 124, 37, 2, 23.85%, 17, 12, 4, 50.22, 402354, 88
808, 15, 120, 124, 37, 2, 23.85%, 17, 12, 4, 45.80, 402588, 88
814, 15, 120, 124, 37, 2, 23.85%, 17, 12, 4, 68.25, 402952, 88
819, 15, 120, 124, 37, 2, 23.85%, 17, 12, 4, 61.35, 403277, 88
824, 15, 120, 124, 37, 2, 23.85%, 17, 12, 4, 16.98, 403519, 88
829, 15, 120, 124, 37, 2, 23.85%, 17, 12, 4, 17.21, 403611, 88
834, 15, 120, 124, 37, 2, 23.85%, 17, 12, 4, 17.18, 403700, 88
839, 15, 120, 124, 37, 2, 23.85%, 17, 12, 4, 44.13, 403916, 88
844, 15, 120, 124, 37, 2, 23.85%, 17, 12, 4, 50.01, 404170, 88
849, 15, 120, 124, 37, 2, 23.85%, 17, 12, 4, 108.43, 404853, 88
855, 15, 122, 124, 36, 1, 23.85%, 17, 12, 4, 78.76, 405232, 88
860, 15, 122, 124, 36, 1, 23.85%, 17, 12, 4, 68.47, 405545, 88
865, 15, 122, 124, 36, 1, 23.85%, 17, 12, 4, 53.17, 405807, 88
870, 15, 122, 125, 37, 1, 23.85%, 17, 12, 5, 50.22, 406035, 88
875, 15, 122, 125, 37, 1, 23.85%, 17, 12, 5, 47.11, 406285, 88
880, 15, 122, 125, 37, 1, 23.85%, 17, 12, 5, 51.90, 406551, 88
885, 15, 122, 125, 37, 1, 23.85%, 17, 12, 5, 46.06, 406783, 88
890, 15, 122, 125, 37, 1, 23.85%, 17, 12, 5, 51.87, 407041, 88
896, 15, 122, 125, 37, 1, 23.85%, 17, 12, 5, 53.87, 407310, 88
901, 15, 122, 125, 37, 1, 23.85%, 17, 12, 5, 60.37, 407708, 88
906, 15, 122, 125, 37, 1, 23.85%, 17, 12, 5, 53.27, 408018, 88
911, 15, 122, 125, 37, 1, 23.85%, 17, 12, 5, 43.67, 408233, 88
916, 15, 122, 125, 37, 1, 23.85%, 17, 12, 5, 436.78, 408736, 88
921, 15, 122, 125, 37, 1, 23.85%, 17, 12, 5, 24.50, 408865, 88
926, 15, 122, 125, 37, 1, 23.85%, 17, 12, 5, 51.03, 409151, 88
931, 15, 122, 125, 37, 1, 23.85%, 17, 12, 5, 28.02, 409280, 88
936, 15, 122, 125, 37, 1, 23.85%, 17, 12, 5, 35.65, 409441, 88
941, 15, 120, 125, 36, 0, 23.85%, 17, 12, 5, 52.46, 410128, 88
947, 15, 120, 125, 36, 0, 23.85%, 17, 12, 5, 76.50, 410560, 88
952, 15, 120, 125, 36, 0, 23.85%, 17, 12, 5, 80.47, 410957, 88
957, 15, 120, 125, 36, 0, 23.85%, 17, 12, 5, 111.62, 411622, 88
962, 15, 120, 125, 36, 0, 23.85%, 17, 12, 5, 88.23, 412107, 88
967, 15, 120, 125, 36, 0, 23.85%, 17, 12, 5, 83.21, 412511, 88
972, 15, 120, 125, 36, 0, 23.85%, 17, 12, 5, 54.05, 412808, 88
977, 15, 120, 125, 36, 0, 23.85%, 17, 12, 5, 64.79, 413144, 88
982, 15, 119, 125, 36, 0, 23.85%, 17, 12, 5, 51.79, 413406, 88
987, 15, 119, 125, 36, 0, 23.85%, 17, 12, 5, 45.91, 413653, 88
993, 15, 119, 125, 36, 0, 23.85%, 17, 12, 5, 46.03, 413889, 88
998, 15, 119, 125, 36, 0, 23.85%, 17, 12, 5, 53.37, 414177, 88
1003, 15, 119, 125, 36, 0, 23.85%, 17, 12, 5, 52.09, 414447, 88
1008, 15, 119, 125, 36, 0, 23.85%, 17, 12, 5, 42.31, 414685, 88
1013, 15, 119, 125, 36, 0, 23.85%, 17, 12, 5, 22.78, 414775, 88
1018, 15, 119, 125, 36, 0, 23.85%, 17, 12, 5, 109.44, 415142, 88
1023, 15, 119, 125, 36, 0, 23.85%, 17, 12, 5, 21.61, 415599, 88
1028, 15, 119, 125, 36, 0, 23.85%, 17, 12, 5, 43.79, 415847, 88
1034, 15, 119, 125, 36, 0, 23.85%, 17, 12, 5, 65.09, 416280, 88
1039, 15, 119, 125, 36, 0, 23.85%, 17, 12, 5, 15.65, 416515, 88
1044, 15, 119, 125, 36, 0, 23.85%, 17, 12, 5, 15.98, 416600, 88
1049, 15, 121, 125, 36, 0, 23.85%, 17, 12, 5, 23.31, 416927, 88
1054, 15, 121, 125, 36, 0, 23.85%, 17, 12, 5, 42.78, 417167, 88
1059, 15, 121, 125, 36, 0, 23.85%, 17, 12, 5, 44.70, 417385, 88
1064, 15, 121, 125, 36, 0, 23.85%, 17, 12, 5, 89.58, 417777, 88
1070, 15, 121, 125, 36, 0, 23.85%, 17, 12, 5, 17.44, 417942, 88
1075, 15, 121, 125, 36, 0, 23.85%, 17, 12, 5, 66.78, 418210, 88
1080, 15, 121, 125, 36, 0, 23.85%, 17, 12, 5, 29.98, 418332, 88
1085, 15, 121, 125, 36, 0, 23.85%, 17, 12, 5, 52.55, 418852, 88
1090, 15, 121, 125, 36, 0, 23.85%, 17, 12, 5, 49.04, 419223, 88
1095, 15, 121, 125, 36, 0, 23.85%, 17, 12, 5, 44.52, 419439, 88
1100, 15, 121, 125, 36, 0, 23.85%, 17, 12, 5, 41.82, 419638, 88
1105, 15, 121, 125, 36, 0, 23.85%, 17, 12, 5, 35.27, 419812, 88
1111, 15, 121, 125, 36, 0, 23.85%, 17, 12, 5, 48.05, 420075, 88
1116, 15, 121, 125, 36, 0, 23.85%, 17, 12, 5, 15.29, 420285, 88
1121, 15, 121, 125, 36, 0, 23.85%, 17, 12, 5, 25.05, 420478, 88
1126, 15, 121, 125, 36, 0, 23.85%, 17, 12, 5, 21.07, 420601, 88
1131, 15, 121, 125, 36, 0, 23.85%, 17, 12, 5, 105.89, 420884, 88
1136, 15, 121, 125, 36, 0, 23.85%, 17, 12, 5, 23.13, 421131, 88
1142, 15, 121, 125, 36, 0, 23.85%, 17, 12, 5, 17.98, 421220, 88
1147, 15, 120, 125, 36, 0, 23.85%, 17, 12, 5, 40.79, 421479, 88
1152, 15, 120, 125, 36, 0, 23.85%, 17, 12, 5, 59.26, 421804, 88
1157, 15, 120, 125, 36, 0, 23.85%, 17, 12, 5, 71.65, 422172, 88
1162, 15, 120, 125, 36, 0, 23.85%, 17, 12, 5, 67.57, 422523, 88
1167, 15, 120, 125, 36, 0, 23.85%, 17, 12, 5, 42.56, 423067, 88
1172, 15, 120, 125, 36, 0, 23.85%, 17, 12, 5, 68.46, 423439, 88
1177, 15, 120, 125, 36, 0, 23.85%, 17, 12, 5, 51.95, 423699, 88
1182, 15, 120, 125, 36, 0, 23.85%, 17, 12, 5, 47.89, 423928, 88
1187, 15, 120, 125, 36, 0, 23.85%, 17, 12, 5, 38.75, 424129, 88
1193, 15, 120, 125, 36, 0, 23.85%, 17, 12, 5, 40.61, 424325, 88
1198, 15, 120, 125, 36, 0, 23.85%, 17, 12, 5, 55.54, 424694, 88
1203, 15, 121, 125, 36, 0, 23.85%, 17, 12, 5, 65.77, 425033, 88
1208, 15, 121, 125, 36, 0, 23.85%, 17, 12, 5, 70.71, 425377, 88
1213, 15, 121, 125, 36, 0, 23.85%, 17, 12, 5, 54.03, 425676, 88
1218, 15, 121, 125, 36, 0, 23.85%, 17, 12, 5, 33.81, 425850, 88
1223, 15, 121, 125, 36, 0, 23.85%, 17, 12, 5, 14.74, 426028, 88
1228, 15, 121, 125, 36, 0, 23.85%, 17, 12, 5, 19.96, 426126, 88
1234, 15, 121, 126, 37, 0, 23.85%, 17, 12, 5, 17.23, 426680, 88
1239, 15, 121, 126, 37, 0, 23.85%, 17, 12, 5, 19.93, 426777, 88
1244, 15, 121, 126, 37, 0, 23.85%, 17, 12, 5, 40.81, 426992, 88
1249, 15, 121, 126, 37, 0, 23.85%, 17, 12, 5, 35.24, 427205, 88
1254, 15, 119, 126, 37, 0, 23.85%, 17, 12, 5, 38.00, 427406, 88
1259, 15, 119, 126, 37, 0, 23.85%, 17, 12, 5, 53.83, 427698, 88
1264, 15, 119, 126, 37, 0, 23.85%, 17, 12, 5, 60.37, 428005, 88
1269, 15, 119, 126, 37, 0, 23.85%, 17, 12, 5, 51.03, 428265, 88
1275, 15, 119, 126, 37, 0, 23.85%, 17, 12, 5, 62.70, 428577, 88
1280, 15, 119, 126, 37, 0, 23.85%, 17, 12, 5, 52.93, 428823, 88
1285, 15, 119, 126, 37, 0, 23.85%, 17, 12, 5, 68.21, 429146, 88
1290, 15, 119, 126, 37, 0, 23.85%, 17, 12, 5, 47.62, 429545, 88
1295, 15, 119, 126, 37, 0, 23.85%, 17, 12, 5, 51.77, 429880, 88
1300, 15, 119, 126, 37, 0, 23.85%, 17, 12, 5, 68.69, 430262, 88
1305, 15, 121, 126, 37, 0, 23.85%, 17, 12, 5, 61.91, 430701, 88
1311, 15, 121, 126, 37, 0, 23.85%, 17, 12, 5, 49.01, 430938, 88
1316, 15, 121, 126, 37, 0, 23.85%, 17, 12, 5, 52.20, 431213, 88
1321, 15, 121, 126, 37, 0, 23.85%, 17, 12, 5, 48.41, 431469, 88
1326, 15, 121, 126, 37, 0, 23.85%, 17, 12, 5, 30.35, 431659, 88
1331, 15, 121, 126, 37, 0, 23.85%, 17, 12, 5, 23.91, 431763, 88
1336, 15, 121, 126, 37, 0, 23.85%, 17, 12, 5, 47.68, 431999, 88
1341, 15, 121, 126, 37, 0, 23.85%, 17, 12, 5, 36.74, 432206, 88
1346, 15, 121, 126, 37, 0, 23.85%, 17, 12, 5, 24.09, 432321, 88
1351, 15, 121, 126, 37, 0, 23.85%, 17, 12, 5, 59.49, 432634, 88
1356, 15, 121, 126, 37, 0, 23.85%, 17, 12, 5, 33.01, 432852, 88
1361, 15, 121, 126, 37, 0, 23.85%, 17, 12, 5, 57.23, 433114, 88
1367, 15, 121, 126, 37, 0, 23.85%, 17, 12, 5, 55.60, 433429, 88
1372, 15, 121, 126, 37, 0, 23.85%, 17, 12, 5, 60.69, 433759, 88
1377, 15, 121, 126, 37, 0, 23.85%, 17, 12, 5, 47.72, 434247, 88
1382, 15, 121, 126, 37, 0, 23.85%, 17, 12, 5, 48.40, 434477, 88
1387, 15, 121, 126, 37, 0, 23.85%, 17, 12, 5, 22.24, 434560, 88
1392, 15, 121, 126, 37, 0, 23.85%, 17, 12, 5, 28.40, 434718, 88
1397, 15, 121, 126, 37, 0, 23.85%, 17, 12, 5, 19.46, 434811, 88
1402, 15, 121, 126, 37, 0, 23.85%, 17, 12, 5, 23.47, 434918, 88
1407, 15, 121, 126, 37, 0, 23.85%, 17, 12, 5, 41.30, 435255, 88
1413, 15, 120, 126, 37, 0, 23.85%, 17, 12, 5, 50.02, 435504, 88
1418, 15, 120, 126, 37, 0, 23.85%, 17, 12, 5, 58.99, 435842, 88
1423, 15, 120, 126, 37, 0, 23.85%, 17, 12, 5, 56.39, 436120, 88
1428, 15, 120, 126, 37, 0, 23.85%, 17, 12, 5, 60.95, 436442, 88
1433, 15, 120, 126, 37, 0, 23.85%, 17, 12, 5, 58.45, 436739, 88
1438, 15, 120, 126, 37, 0, 23.85%, 17, 12, 5, 50.90, 436991, 88
1444, 15, 120, 126, 37, 0, 23.85%, 17, 12, 5, 50.50, 437248, 88
1449, 15, 120, 126, 37, 0, 23.85%, 17, 12, 5, 38.96, 437605, 88
1454, 15, 120, 126, 37, 0, 23.85%, 17, 12, 5, 71.00, 438060, 88
1459, 15, 120, 126, 37, 0, 23.85%, 17, 12, 5, 35.06, 438329, 88
1464, 15, 120, 126, 37, 0, 23.85%, 17, 12, 5, 33.85, 438511, 88
1469, 15, 122, 126, 37, 0, 23.85%, 17, 12, 5, 46.37, 438754, 88
1474, 15, 122, 126, 37, 0, 23.85%, 17, 12, 5, 53.15, 439038, 88
1479, 15, 122, 126, 37, 0, 23.85%, 17, 12, 5, 58.51, 439354, 88
1485, 15, 122, 126, 37, 0, 23.85%, 17, 12, 5, 52.59, 439632, 88
1490, 15, 122, 126, 37, 0, 23.85%, 17, 12, 5, 52.05, 439900, 88
1495, 15, 122, 126, 37, 0, 23.85%, 17, 12, 5, 66.02, 440249, 88
1500, 15, 122, 126, 37, 0, 23.85%, 17, 12, 5, 56.67, 440673, 88
1505, 15, 122, 126, 37, 0, 23.85%, 17, 12, 5, 60.65, 440984, 88
1510, 15, 122, 126, 37, 0, 23.85%, 17, 12, 5, 67.29, 441308, 88
1515, 15, 122, 126, 37, 0, 23.85%, 17, 12, 5, 51.72, 441539, 88
1520, 15, 122, 126, 37, 0, 23.85%, 17, 12, 5, 65.66, 441859, 88
1525, 15, 121, 126, 37, 0, 23.85%, 17, 12, 5, 67.80, 442192, 88
1531, 15, 121, 126, 37, 0, 23.85%, 17, 12, 5, 53.06, 442461, 88
1536, 15, 121, 126, 37, 0, 23.85%, 17, 12, 5, 44.20, 442680, 88
1541, 15, 121, 126, 37, 0, 23.85%, 17, 12, 5, 47.51, 442918, 88
1546, 15, 121, 126, 37, 0, 23.85%, 17, 12, 5, 56.04, 443297, 88
1551, 15, 121, 126, 37, 0, 23.85%, 17, 12, 5, 29.46, 443446, 88
1556, 15, 121, 126, 37, 0, 23.85%, 17, 12, 5, 34.85, 443607, 88
1561, 15, 121, 126, 37, 0, 23.85%, 17, 12, 5, 23.06, 443742, 88
1566, 15, 121, 126, 37, 0, 23.85%, 17, 12, 5, 31.41, 443899, 88
1571, 15, 121, 126, 37, 0, 23.85%, 17, 12, 5, 25.23, 444016, 88
1577, 15, 121, 126, 37, 0, 23.85%, 17, 12, 5, 37.87, 444244, 88
1582, 15, 121, 126, 37, 0, 23.85%, 17, 12, 5, 30.64, 444431, 88
1587, 15, 122, 126, 37, 0, 23.85%, 17, 12, 5, 227.32, 445112, 88
1592, 15, 122, 126, 37, 0, 23.85%, 17, 12, 5, 53.15, 445378, 88
1597, 15, 122, 126, 37, 0, 23.85%, 17, 12, 5, 56.34, 445657, 88
1602, 15, 122, 126, 37, 0, 23.85%, 17, 12, 5, 48.20, 445904, 88
1607, 15, 122, 126, 37, 0, 23.85%, 17, 12, 5, 60.71, 446228, 88
1612, 15, 122, 126, 37, 0, 23.85%, 17, 12, 5, 51.10, 446461, 88
1617, 15, 122, 126, 37, 0, 23.85%, 17, 12, 5, 61.82, 446900, 88
1622, 15, 122, 126, 37, 0, 23.85%, 17, 12, 5, 51.87, 447123, 88
1627, 15, 122, 126, 37, 0, 23.85%, 17, 12, 5, 58.60, 447430, 88
1632, 15, 122, 126, 37, 0, 23.85%, 17, 12, 5, 63.88, 447981, 88
1638, 15, 122, 126, 37, 0, 23.85%, 17, 12, 5, 39.03, 448134, 88
1643, 15, 122, 126, 37, 0, 23.85%, 17, 12, 5, 29.75, 448299, 88
1648, 15, 122, 126, 37, 0, 23.85%, 17, 12, 5, 22.60, 448403, 88
1653, 15, 121, 126, 37, 0, 23.85%, 17, 12, 5, 35.95, 448840, 88
1658, 15, 121, 126, 37, 0, 23.85%, 17, 12, 5, 43.27, 449081, 88
1663, 15, 121, 126, 37, 0, 23.85%, 17, 12, 5, 45.71, 449313, 88
1668, 15, 121, 126, 37, 0, 23.85%, 17, 12, 5, 47.89, 449561, 88
1673, 15, 121, 126, 37, 0, 23.85%, 17, 12, 5, 226.10, 449771, 88
1678, 15, 121, 126, 37, 0, 23.85%, 17, 12, 5, 31.15, 449992, 88
1684, 15, 121, 126, 37, 0, 23.85%, 17, 12, 5, 26.55, 450104, 88
1689, 15, 121, 126, 37, 0, 23.85%, 17, 12, 5, 25.89, 450246, 88
1694, 15, 121, 126, 37, 0, 23.85%, 17, 12, 5, 19.31, 450333, 88
1699, 15, 121, 126, 37, 0, 23.85%, 17, 12, 5, 23.14, 450452, 88
1704, 15, 121, 126, 37, 0, 23.85%, 17, 12, 5, 24.86, 450618, 88
1709, 15, 121, 126, 37, 0, 23.85%, 17, 12, 5, 37.29, 450866, 88
1714, 15, 121, 126, 37, 0, 23.85%, 17, 12, 5, 20.16, 450947, 88
1719, 15, 121, 126, 37, 0, 23.85%, 17, 12, 5, 20.99, 451049, 88
1724, 15, 122, 126, 37, 0, 23.85%, 17, 12, 5, 44.68, 451303, 88
1729, 15, 122, 126, 37, 0, 23.85%, 17, 12, 5, 59.81, 451620, 88
1734, 15, 122, 126, 37, 0, 23.85%, 17, 12, 5, 51.25, 451881, 88
1740, 15, 122, 126, 37, 0, 23.85%, 17, 12, 5, 53.71, 452151, 88
1745, 15, 122, 126, 37, 0, 23.85%, 17, 12, 5, 54.67, 452574, 88
1750, 15, 122, 126, 37, 0, 23.85%, 17, 12, 5, 29.56, 452690, 88
1755, 15, 122, 126, 37, 0, 23.85%, 17, 12, 5, 48.90, 453173, 88
1760, 15, 122, 126, 37, 0, 23.85%, 17, 12, 5, 53.48, 453452, 88
1765, 15, 122, 126, 37, 0, 23.85%, 17, 12, 5, 46.33, 454020, 88
1770, 15, 122, 126, 37, 0, 23.85%, 17, 12, 5, 77.03, 454445, 88
1775, 15, 121, 126, 37, 0, 23.85%, 17, 12, 5, 47.98, 455144, 88
1780, 15, 121, 126, 37, 0, 23.85%, 17, 12, 5, 48.96, 455382, 88
1785, 15, 121, 126, 37, 0, 23.85%, 17, 12, 5, 47.76, 455614, 88
1790, 15, 121, 126, 37, 0, 23.85%, 17, 12, 5, 33.34, 455791, 88
1796, 15, 121, 126, 37, 0, 23.85%, 17, 12, 5, 21.59, 455890, 88
1801, 15, 121, 126, 37, 0, 23.85%, 17, 12, 5, 19.51, 456164, 88
1806, 15, 121, 126, 37, 0, 23.85%, 17, 12, 5, 210.60, 456688, 88
1811, 15, 121, 126, 37, 0, 23.85%, 17, 12, 5, 60.65, 457058, 88
1816, 15, 121, 126, 37, 0, 23.85%, 17, 12, 5, 31.57, 457183, 88
1821, 15, 121, 126, 37, 0, 23.85%, 17, 12, 5, 33.92, 457331, 88
1826, 15, 121, 126, 37, 0, 23.85%, 17, 12, 5, 46.63, 457576, 88
1831, 15, 121, 126, 37, 0, 23.85%, 17, 12, 5, 50.30, 457819, 88
1836, 15, 121, 126, 37, 0, 23.85%, 17, 12, 5, 44.50, 458036, 88
1842, 15, 121, 126, 37, 0, 23.85%, 17, 12, 5, 56.33, 458376, 88
1847, 15, 121, 126, 37, 0, 23.85%, 17, 12, 5, 38.31, 458526, 88
1852, 15, 121, 126, 37, 0, 23.85%, 17, 12, 5, 45.81, 458841, 88
1857, 15, 121, 126, 37, 0, 23.85%, 17, 12, 5, 251.63, 459162, 88
1862, 15, 121, 126, 37, 0, 23.85%, 17, 12, 5, 17.56, 459413, 88
1867, 15, 119, 126, 37, 0, 23.85%, 17, 12, 5, 66.46, 459862, 88
1872, 15, 119, 126, 37, 0, 23.85%, 17, 12, 5, 58.57, 460161, 88
1877, 15, 119, 126, 37, 0, 23.85%, 17, 12, 5, 59.96, 460450, 88
1883, 15, 119, 126, 37, 0, 23.85%, 17, 12, 5, 57.69, 460764, 88
1888, 15, 119, 126, 37, 0, 23.85%, 17, 12, 5, 800.95, 461282, 88
1893, 15, 119, 126, 37, 0, 23.85%, 17, 12, 5, 44.70, 461522, 88
1898, 15, 119, 126, 37, 0, 23.85%, 17, 12, 5, 70.06, 461890, 88
1903, 15, 119, 126, 37, 0, 23.85%, 17, 12, 5, 57.85, 462197, 88
1908, 15, 119, 126, 37, 0, 23.85%, 17, 12, 5, 112.92, 462968, 88
1913, 15, 121, 126, 37, 0, 23.85%, 17, 12, 5, 78.60, 463310, 88
1918, 15, 121, 126, 37, 0, 23.85%, 17, 12, 5, 58.34, 463594, 88
1923, 15, 121, 126, 37, 0, 23.85%, 17, 12, 5, 49.42, 463849, 88
1928, 15, 121, 126, 37, 0, 23.85%, 17, 12, 5, 36.40, 464256, 88
1933, 15, 121, 126, 37, 0, 23.85%, 17, 12, 5, 249.29, 464442, 88
1939, 15, 121, 126, 37, 0, 23.85%, 17, 12, 5, 22.07, 464709, 88
1944, 15, 121, 126, 37, 0, 23.85%, 17, 12, 5, 59.49, 465041, 88
1949, 15, 121, 126, 37, 0, 23.85%, 17, 12, 5, 21.33, 465442, 88
1954, 15, 121, 126, 37, 0, 23.85%, 17, 12, 5, 31.98, 466019, 88
1959, 15, 121, 126, 37, 0, 23.85%, 17, 12, 5, 35.60, 466222, 88
1964, 15, 121, 126, 37, 0, 23.85%, 17, 12, 5, 37.14, 466406, 88
1969, 15, 121, 126, 37, 0, 23.85%, 17, 12, 5, 40.93, 466621, 88
1974, 15, 121, 126, 37, 0, 23.85%, 17, 12, 5, 240.15, 467012, 88
1980, 15, 121, 126, 37, 0, 23.85%, 17, 12, 5, 46.92, 467307, 88
1985, 15, 121, 126, 37, 0, 23.85%, 17, 12, 5, 21.64, 467386, 88
1990, 15, 121, 126, 37, 0, 23.85%, 17, 12, 5, 37.25, 467808, 88
1995, 15, 121, 126, 37, 0, 23.85%, 17, 12, 5, 34.24, 468020, 88
2000, 15, 121, 126, 37, 0, 23.85%, 17, 12, 5, 21.96, 468110, 88
2005, 15, 122, 126, 37, 0, 23.85%, 17, 12, 5, 40.38, 468367, 88
2010, 15, 122, 126, 37, 0, 23.85%, 17, 12, 5, 49.43, 468617, 88
2015, 15, 122, 126, 37, 0, 23.85%, 17, 12, 5, 49.51, 468884, 88
2020, 15, 122, 126, 37, 0, 23.85%, 17, 12, 5, 48.68, 469168, 88
2026, 15, 122, 126, 37, 0, 23.85%, 17, 12, 5, 47.03, 469415, 88
2031, 15, 122, 126, 37, 0, 23.85%, 17, 12, 5, 45.50, 469666, 88
2036, 15, 122, 126, 37, 0, 23.85%, 17, 12, 5, 58.38, 469954, 88
2041, 15, 122, 126, 37, 0, 23.85%, 17, 12, 5, 153.50, 470452, 88
2046, 15, 122, 126, 37, 0, 23.85%, 17, 12, 5, 17.61, 470593, 88
2051, 15, 122, 126, 37, 0, 23.85%, 17, 12, 5, 15.56, 470671, 88
2056, 15, 122, 126, 37, 0, 23.85%, 17, 12, 5, 72.67, 471047, 88
2061, 15, 122, 126, 37, 0, 23.85%, 17, 12, 5, 15.22, 471475, 88
2067, 15, 122, 126, 37, 0, 23.85%, 17, 12, 5, 15.72, 471556, 88
2072, 15, 121, 126, 37, 0, 23.85%, 17, 12, 5, 82.45, 471803, 88
2077, 15, 121, 126, 37, 0, 23.85%, 17, 12, 5, 50.65, 472017, 88
2082, 15, 121, 126, 37, 0, 23.85%, 17, 12, 5, 42.85, 472230, 88
2087, 15, 121, 126, 37, 0, 23.85%, 17, 12, 5, 43.23, 472449, 88
2092, 15, 121, 126, 37, 0, 23.85%, 17, 12, 5, 52.51, 472725, 88
2097, 15, 121, 126, 37, 0, 23.85%, 17, 12, 5, 43.06, 472975, 88
2102, 15, 121, 126, 37, 0, 23.85%, 17, 12, 5, 38.17, 473181, 88
2108, 15, 121, 126, 37, 0, 23.85%, 17, 12, 5, 23.88, 473314, 88
2113, 15, 121, 126, 37, 0, 23.85%, 17, 12, 5, 92.23, 473638, 88
2118, 15, 120, 126, 37, 0, 23.85%, 17, 12, 5, 73.53, 474060, 88
2123, 15, 120, 126, 37, 0, 23.85%, 17, 12, 5, 111.63, 474668, 88
2128, 15, 120, 126, 37, 0, 23.85%, 17, 12, 5, 105.64, 475250, 88
2133, 15, 120, 126, 37, 0, 23.85%, 17, 12, 5, 57.17, 475481, 88
2138, 15, 120, 126, 37, 0, 23.85%, 17, 12, 5, 15.76, 475747, 88
2143, 15, 120, 126, 37, 0, 23.85%, 17, 12, 5, 15.40, 475826, 88
2148, 15, 120, 126, 37, 0, 23.85%, 17, 12, 5, 17.05, 475914, 88
2154, 15, 120, 126, 37, 0, 23.85%, 17, 12, 5, 16.30, 475995, 88
2159, 15, 120, 126, 37, 0, 23.85%, 17, 12, 5, 43.98, 476238, 88
2164, 15, 120, 126, 37, 0, 23.85%, 17, 12, 5, 50.09, 476850, 88
2169, 15, 120, 126, 37, 0, 23.85%, 17, 12, 5, 34.91, 477171, 88
2174, 15, 121, 126, 37, 0, 23.85%, 17, 12, 5, 63.87, 477561, 88
2179, 15, 121, 126, 37, 0, 23.85%, 17, 12, 5, 62.06, 477880, 88
2184, 15, 121, 126, 37, 0, 23.85%, 17, 12, 5, 54.74, 478171, 88
2189, 15, 121, 126, 37, 0, 23.85%, 17, 12, 5, 80.53, 478638, 88
2194, 15, 121, 126, 37, 0, 23.85%, 17, 12, 5, 42.01, 478811, 88
2199, 15, 121, 126, 37, 0, 23.85%, 17, 12, 5, 25.91, 478915, 88
2204, 15, 121, 126, 37, 0, 23.85%, 17, 12, 5, 24.25, 479034, 88
2210, 15, 121, 126, 37, 0, 23.85%, 17, 12, 5, 33.12, 479199, 88
2215, 15, 121, 126, 37, 0, 23.85%, 17, 12, 5, 19.81, 479281, 88
2220, 15, 121, 126, 37, 0, 23.85%, 17, 12, 5, 42.19, 479791, 88
2225, 15, 121, 126, 37, 0, 23.85%, 17, 12, 5, 60.20, 480117, 88
2230, 15, 121, 126, 37, 0, 23.85%, 17, 12, 5, 48.22, 480363, 88
2235, 15, 121, 126, 37, 0, 23.85%, 17, 12, 5, 73.10, 480783, 88
2240, 15, 121, 126, 37, 0, 23.85%, 17, 12, 5, 26.80, 480965, 88
2245, 15, 121, 126, 37, 0, 23.85%, 17, 12, 5, 27.08, 481089, 88
2250, 15, 121, 126, 37, 0, 23.85%, 17, 12, 5, 47.76, 481464, 88
2255, 15, 121, 126, 37, 0, 23.85%, 17, 12, 5, 42.47, 481737, 88
2260, 15, 121, 126, 37, 0, 23.85%, 17, 12, 5, 28.71, 481850, 88
2266, 15, 121, 126, 37, 0, 23.85%, 17, 12, 5, 19.34, 481949, 88
2271, 15, 121, 126, 37, 0, 23.85%, 17, 12, 5, 21.82, 482054, 88
2276, 15, 121, 126, 37, 0, 23.85%, 17, 12, 5, 40.68, 482267, 88
2281, 15, 121, 126, 37, 0, 23.85%, 17, 12, 5, 42.46, 482483, 88
2286, 15, 121, 126, 37, 0, 23.85%, 17, 12, 5, 37.80, 482656, 88
2291, 15, 121, 126, 37, 0, 23.85%, 17, 12, 5, 41.63, 482876, 88
2296, 15, 121, 126, 37, 0, 23.85%, 17, 12, 5, 22.51, 482975, 88
2301, 15, 121, 126, 37, 0, 23.85%, 17, 12, 5, 17.65, 483398, 88
2307, 15, 121, 126, 37, 0, 23.85%, 17, 12, 5, 15.78, 483478, 88
2312, 15, 121, 126, 37, 0, 23.85%, 17, 12, 5, 15.84, 483559, 88
2317, 15, 121, 126, 37, 0, 23.85%, 17, 12, 5, 23.01, 483679, 88
2322, 15, 121, 126, 37, 0, 23.85%, 17, 12, 5, 25.25, 483848, 88
2327, 15, 121, 126, 37, 0, 23.85%, 17, 12, 5, 109.88, 484114, 88
2332, 15, 122, 126, 37, 0, 23.85%, 17, 12, 5, 77.66, 484482, 88
2337, 15, 122, 126, 37, 0, 23.85%, 17, 12, 5, 67.88, 484821, 88
2342, 15, 122, 126, 37, 0, 23.85%, 17, 12, 5, 68.81, 485194, 88
2347, 15, 122, 126, 37, 0, 23.85%, 17, 12, 5, 53.72, 485474, 88
2352, 15, 122, 126, 37, 0, 23.85%, 17, 12, 5, 84.57, 485914, 88
2357, 15, 122, 126, 37, 0, 23.85%, 17, 12, 5, 14.85, 486389, 88
2362, 15, 122, 126, 37, 0, 23.85%, 17, 12, 5, 41.66, 486618, 88
2368, 15, 122, 126, 37, 0, 23.85%, 17, 12, 5, 41.60, 486882, 88
2373, 15, 122, 126, 37, 0, 23.85%, 17, 12, 5, 43.96, 487092, 88
2378, 15, 122, 126, 37, 0, 23.85%, 17, 12, 5, 53.83, 487397, 88
2383, 15, 122, 126, 37, 0, 23.85%, 17, 12, 5, 68.17, 487815, 88
2388, 15, 121, 126, 37, 0, 23.85%, 17, 12, 5, 49.49, 488047, 88
2393, 15, 121, 126, 37, 0, 23.85%, 17, 12, 5, 46.41, 488287, 88
2398, 15, 121, 126, 37, 0, 23.85%, 17, 12, 5, 45.88, 488509, 88
2403, 15, 121, 126, 37, 0, 23.85%, 17, 12, 5, 50.81, 489008, 88
2408, 15, 121, 126, 37, 0, 23.85%, 17, 12, 5, 38.46, 489358, 88
2413, 15, 121, 126, 37, 0, 23.85%, 17, 12, 5, 57.58, 489661, 88
2418, 15, 121, 126, 37, 0, 23.85%, 17, 12, 5, 66.38, 490004, 88
2424, 15, 121, 126, 37, 0, 23.85%, 17, 12, 5, 27.75, 490113, 88
2429, 15, 121, 126, 37, 0, 23.85%, 17, 12, 5, 38.12, 490298, 88
2434, 15, 121, 126, 37, 0, 23.85%, 17, 12, 5, 40.49, 490523, 88
2439, 15, 121, 126, 37, 0, 23.85%, 17, 12, 5, 45.59, 490770, 88
2444, 15, 121, 126, 37, 0, 23.85%, 17, 12, 5, 39.04, 490985, 88
2449, 15, 121, 126, 37, 0, 23.85%, 17, 12, 5, 25.85, 491105, 88
2454, 15, 121, 126, 37, 0, 23.85%, 17, 12, 5, 83.92, 491371, 88
2459, 15, 121, 126, 37, 0, 23.85%, 17, 12, 5, 14.99, 491508, 88
2464, 15, 121, 126, 37, 0, 23.85%, 17, 12, 5, 16.93, 491684, 88
2469, 15, 121, 126, 37, 0, 23.85%, 17, 12, 5, 29.98, 491832, 88
2475, 15, 121, 126, 37, 0, 23.85%, 17, 12, 5, 31.51, 492040, 88
2480, 15, 121, 126, 37, 0, 23.85%, 17, 12, 5, 135.80, 492352, 88
2485, 15, 122, 126, 36, 0, 23.85%, 17, 12, 5, 38.72, 492780, 88
2490, 15, 122, 126, 36, 0, 23.85%, 17, 12, 5, 57.19, 493099, 88
2495, 15, 122, 126, 36, 0, 23.85%, 17, 12, 5, 56.57, 493380, 88
2500, 15, 122, 126, 36, 0, 23.85%, 17, 12, 5, 70.13, 493814, 88
2505, 15, 122, 126, 36, 0, 23.85%, 17, 12, 5, 68.70, 494178, 88
2510, 15, 120, 126, 36, 0, 23.85%, 17, 12, 5, 68.11, 494526, 88
2515, 15, 120, 126, 36, 0, 23.85%, 17, 12, 5, 58.81, 494787, 88
2521, 15, 120, 126, 36, 0, 23.85%, 17, 12, 5, 47.40, 495006, 88
2526, 15, 120, 126, 36, 0, 23.85%, 17, 12, 5, 314.39, 495557, 88
2531, 15, 120, 126, 36, 0, 23.85%, 17, 12, 5, 64.50, 495992, 88
2536, 15, 121, 126, 36, 0, 23.85%, 17, 12, 5, 47.81, 496501, 88
2541, 15, 121, 126, 36, 0, 23.85%, 17, 12, 5, 58.28, 496821, 88
2546, 15, 121, 126, 36, 0, 23.85%, 17, 12, 5, 52.97, 497098, 88
2551, 15, 121, 126, 36, 0, 23.85%, 17, 12, 5, 27.06, 497236, 88
2557, 15, 121, 126, 36, 0, 23.85%, 17, 12, 5, 17.53, 497316, 88
2562, 15, 121, 126, 36, 0, 23.85%, 17, 12, 5, 23.44, 497496, 88
2567, 15, 121, 126, 36, 0, 23.85%, 17, 12, 5, 52.72, 497926, 88
2572, 15, 121, 126, 36, 0, 23.85%, 17, 12, 5, 48.70, 498160, 88
2577, 15, 121, 126, 36, 0, 23.85%, 17, 12, 5, 40.37, 498345, 88
2582, 15, 121, 126, 36, 0, 23.85%, 17, 12, 5, 26.56, 498473, 88
2587, 15, 121, 126, 36, 0, 23.85%, 17, 12, 5, 44.10, 498725, 88
2592, 15, 121, 126, 36, 0, 23.85%, 17, 12, 5, 50.00, 498993, 88
2598, 15, 121, 126, 36, 0, 23.85%, 17, 12, 5, 54.41, 499268, 88
2603, 15, 121, 126, 36, 0, 23.85%, 17, 12, 5, 33.63, 499467, 88
2608, 15, 121, 126, 36, 0, 23.85%, 17, 12, 5, 34.73, 499670, 88
2613, 15, 121, 126, 36, 0, 23.85%, 17, 12, 5, 21.98, 499966, 88
2618, 15, 122, 126, 36, 0, 23.85%, 17, 12, 5, 43.14, 500295, 88
2623, 15, 122, 126, 36, 0, 23.85%, 17, 12, 5, 56.54, 500604, 88
2629, 15, 122, 126, 36, 0, 23.85%, 17, 12, 5, 25.61, 500716, 88
2634, 15, 122, 126, 36, 0, 23.85%, 17, 12, 5, 19.63, 500803, 88
2639, 15, 122, 126, 36, 0, 23.85%, 17, 12, 5, 43.90, 501210, 88
2644, 15, 122, 126, 36, 0, 23.85%, 17, 12, 5, 43.59, 501403, 88
2649, 15, 122, 126, 36, 0, 23.85%, 17, 12, 5, 72.82, 501877, 88
2654, 15, 122, 126, 36, 0, 23.85%, 17, 12, 5, 56.94, 502145, 88
2659, 15, 122, 126, 36, 0, 23.85%, 17, 12, 5, 56.34, 502425, 88
2664, 15, 122, 126, 36, 0, 23.85%, 17, 12, 5, 50.77, 502684, 88
2670, 15, 122, 126, 36, 0, 23.85%, 17, 12, 5, 26.09, 502778, 88
2675, 15, 122, 126, 36, 0, 23.85%, 17, 12, 5, 60.55, 503268, 88
2680, 16, 121, 126, 36, 0, 23.85%, 17, 12, 5, 69.57, 503675, 88
2685, 16, 121, 126, 36, 0, 23.85%, 17, 12, 5, 77.21, 504057, 88
2690, 16, 121, 126, 36, 0, 23.85%, 17, 12, 5, 71.47, 504388, 88
2695, 16, 121, 126, 36, 0, 23.85%, 17, 12, 5, 19.70, 504595, 88
2701, 16, 122, 126, 36, 0, 23.85%, 17, 12, 5, 68.83, 505032, 88
2706, 16, 122, 126, 36, 0, 23.85%, 17, 12, 5, 99.42, 505554, 88
2711, 16, 122, 126, 36, 0, 23.85%, 17, 12, 5, 77.78, 505910, 88
2716, 16, 122, 126, 36, 0, 23.85%, 17, 12, 5, 86.26, 506412, 88
2721, 16, 119, 126, 36, 0, 23.85%, 17, 12, 5, 87.07, 507005, 88
2726, 16, 119, 126, 36, 0, 23.85%, 17, 12, 5, 58.95, 507355, 88
2731, 16, 119, 126, 36, 0, 23.85%, 17, 12, 5, 58.52, 507673, 88
2736, 16, 119, 126, 36, 0, 23.85%, 17, 12, 5, 59.24, 508146, 88
2741, 16, 119, 126, 36, 0, 23.85%, 17, 12, 5, 39.15, 508369, 88
2747, 16, 121, 126, 36, 0, 23.85%, 17, 12, 5, 58.48, 508803, 88
2752, 16, 121, 126, 36, 0, 23.85%, 17, 12, 5, 88.18, 509253, 88
2757, 16, 121, 126, 36, 0, 23.85%, 17, 12, 5, 41.04, 509439, 88
2762, 16, 121, 126, 36, 0, 23.85%, 17, 12, 5, 61.56, 509869, 88
2767, 16, 121, 126, 36, 0, 23.85%, 17, 12, 5, 58.82, 510148, 88
2772, 16, 121, 126, 36, 0, 23.85%, 17, 12, 5, 30.89, 510266, 88
2777, 16, 121, 126, 36, 0, 23.85%, 17, 12, 5, 20.83, 510477, 88
2782, 16, 121, 126, 36, 0, 23.85%, 17, 12, 5, 20.08, 510624, 88
2788, 16, 122, 126, 36, 0, 23.85%, 17, 12, 5, 43.84, 510911, 88
2793, 16, 122, 126, 36, 0, 23.85%, 17, 12, 5, 82.95, 511379, 88
2798, 16, 122, 126, 36, 0, 23.85%, 17, 12, 5, 19.49, 511537, 88
2803, 16, 122, 126, 36, 0, 23.85%, 17, 12, 5, 69.40, 511951, 88
2808, 16, 122, 126, 36, 0, 23.85%, 17, 12, 5, 59.05, 512288, 88
2813, 16, 122, 126, 36, 0, 23.85%, 17, 12, 5, 55.36, 512534, 88
2818, 16, 121, 126, 35, 0, 23.85%, 17, 12, 5, 36.91, 513825, 88
2823, 16, 121, 126, 35, 0, 23.85%, 17, 12, 5, 47.58, 514098, 88
2828, 16, 121, 126, 35, 0, 23.85%, 17, 12, 5, 48.24, 514306, 88
2833, 16, 121, 126, 35, 0, 23.85%, 17, 12, 5, 29.74, 514442, 88
2839, 16, 121, 126, 35, 0, 23.85%, 17, 12, 5, 27.55, 514593, 88
2844, 16, 121, 126, 35, 0, 23.85%, 17, 12, 5, 26.03, 514705, 88
2849, 16, 121, 126, 35, 0, 23.85%, 17, 12, 5, 52.98, 515082, 88
2854, 16, 121, 126, 35, 0, 23.85%, 17, 12, 5, 45.43, 515314, 88
2859, 16, 121, 126, 35, 0, 23.85%, 17, 12, 5, 28.65, 515464, 88
2864, 16, 121, 126, 35, 0, 23.85%, 17, 12, 5, 130.43, 515672, 88
2869, 16, 121, 126, 35, 0, 23.85%, 17, 12, 5, 49.76, 516022, 88
2874, 16, 121, 126, 35, 0, 23.85%, 17, 12, 5, 30.47, 516143, 88
2879, 16, 121, 126, 35, 0, 23.85%, 17, 12, 5, 48.46, 516400, 88
2885, 16, 121, 126, 35, 0, 23.85%, 17, 12, 5, 64.40, 516750, 88
2890, 16, 121, 126, 35, 0, 23.85%, 17, 12, 5, 17.54, 516986, 88
2895, 16, 121, 126, 35, 0, 23.85%, 17, 12, 5, 28.81, 517155, 88
2900, 16, 121, 126, 35, 0, 23.85%, 17, 12, 5, 21.64, 517267, 88
2905, 16, 122, 126, 35, 0, 23.85%, 17, 12, 5, 74.57, 517652, 88
2910, 16, 122, 126, 35, 0, 23.85%, 17, 12, 5, 39.45, 518154, 88
2915, 16, 122, 126, 35, 0, 23.85%, 17, 12, 5, 28.13, 518265, 88
2920, 16, 122, 126, 35, 0, 23.85%, 17, 12, 5, 62.41, 518603, 88
2925, 16, 122, 126, 35, 0, 23.85%, 17, 12, 5, 47.19, 518867, 88
2930, 16, 121, 126, 35, 0, 23.85%, 17, 12, 5, 46.27, 519181, 88
2936, 16, 121, 126, 35, 0, 23.85%, 17, 12, 5, 43.74, 519410, 88
2941, 16, 121, 126, 35, 0, 23.85%, 17, 12, 5, 34.10, 519742, 88
2946, 16, 121, 126, 35, 0, 23.85%, 17, 12, 5, 33.52, 520088, 88
2951, 16, 121, 126, 35, 0, 23.85%, 17, 12, 5, 48.19, 520635, 88
2956, 16, 121, 126, 35, 0, 23.85%, 17, 12, 5, 46.20, 520987, 88
2961, 16, 121, 126, 35, 0, 23.85%, 17, 12, 5, 51.15, 521243, 88
2966, 16, 121, 126, 35, 0, 23.85%, 17, 12, 5, 75.55, 521671, 88
2971, 16, 121, 126, 35, 0, 23.85%, 17, 12, 5, 59.77, 521969, 88
2977, 16, 121, 126, 35, 0, 23.85%, 17, 12, 5, 52.62, 522430, 88
2982, 16, 121, 126, 35, 0, 23.85%, 17, 12, 5, 42.78, 522597, 88
2987, 16, 120, 126, 35, 0, 23.85%, 17, 12, 5, 71.08, 522982, 88
2992, 16, 120, 126, 35, 0, 23.85%, 17, 12, 5, 62.78, 523499, 88
2997, 16, 120, 126, 35, 0, 23.85%, 17, 12, 5, 38.20, 524051, 88
3002, 16, 120, 126, 35, 0, 23.85%, 17, 12, 5, 53.30, 524335, 88
3007, 16, 121, 126, 35, 0, 23.85%, 17, 12, 5, 53.03, 524622, 88
3012, 16, 121, 126, 35, 0, 23.85%, 17, 12, 5, 53.71, 524914, 88
3018, 16, 121, 126, 35, 0, 23.85%, 17, 12, 5, 14.71, 525216, 88
3023, 16, 121, 126, 35, 0, 23.85%, 17, 12, 5, 17.18, 525304, 88
3028, 16, 120, 126, 35, 0, 23.85%, 17, 12, 5, 61.87, 525699, 88
3033, 16, 120, 126, 35, 0, 23.85%, 17, 12, 5, 62.79, 526016, 88
3038, 16, 120, 126, 35, 0, 23.85%, 17, 12, 5, 77.06, 526378, 88
3043, 16, 120, 126, 35, 0, 23.85%, 17, 12, 5, 60.10, 526696, 88
3048, 16, 120, 126, 35, 0, 23.85%, 17, 12, 5, 74.70, 527300, 88
3053, 16, 121, 126, 35, 0, 23.85%, 17, 12, 5, 54.54, 527568, 88
3058, 16, 121, 126, 35, 0, 23.85%, 17, 12, 5, 57.92, 527846, 88
3064, 16, 121, 126, 35, 0, 23.85%, 17, 12, 5, 56.08, 528147, 88
3069, 16, 121, 126, 35, 0, 23.85%, 17, 12, 5, 56.97, 528400, 88
3074, 16, 121, 126, 35, 0, 23.85%, 17, 12, 5, 102.52, 528806, 88
3079, 16, 121, 126, 35, 0, 23.85%, 17, 12, 5, 76.29, 529145, 88
3084, 16, 121, 126, 35, 0, 23.85%, 17, 12, 5, 18.49, 529430, 88
3089, 16, 121, 126, 35, 0, 23.85%, 17, 12, 5, 34.72, 529628, 88
3094, 16, 121, 126, 35, 0, 23.85%, 17, 12, 5, 24.84, 529767, 88
3099, 16, 121, 126, 35, 0, 23.85%, 17, 12, 5, 48.64, 530003, 88
3105, 16, 121, 126, 35, 0, 23.85%, 17, 12, 5, 34.96, 530447, 88
3110, 16, 121, 126, 35, 0, 23.85%, 17, 12, 5, 57.88, 530812, 88
3115, 16, 121, 126, 35, 0, 23.85%, 17, 12, 5, 29.13, 530958, 88
3120, 16, 121, 126, 35, 0, 23.85%, 17, 12, 5, 49.04, 531191, 88
3125, 16, 121, 126, 35, 0, 23.85%, 17, 12, 5, 46.22, 531422, 88
3130, 16, 121, 126, 35, 0, 23.85%, 17, 12, 5, 34.90, 531681, 88
3135, 16, 121, 126, 35, 0, 23.85%, 17, 12, 5, 37.60, 532042, 88
3140, 16, 121, 126, 35, 0, 23.85%, 17, 12, 5, 30.79, 532174, 88
3145, 16, 121, 126, 35, 0, 23.85%, 17, 12, 5, 38.82, 532389, 88
3150, 16, 121, 126, 35, 0, 23.85%, 17, 12, 5, 52.73, 532667, 88
3155, 16, 121, 126, 35, 0, 23.85%, 17, 12, 5, 33.95, 532823, 88
3160, 16, 121, 126, 35, 0, 23.85%, 17, 12, 5, 21.33, 533036, 88
3166, 16, 121, 126, 35, 0, 23.85%, 17, 12, 5, 36.37, 533411, 88
3171, 16, 121, 126, 35, 0, 23.85%, 17, 12, 5, 39.71, 533612, 88
3176, 16, 121, 126, 35, 0, 23.85%, 17, 12, 5, 30.37, 533763, 88
3181, 16, 121, 126, 35, 0, 23.85%, 17, 12, 5, 31.26, 533930, 88
3186, 16, 121, 126, 35, 0, 23.85%, 17, 12, 5, 43.50, 534268, 88
3191, 16, 121, 126, 35, 0, 23.85%, 17, 12, 5, 42.75, 534643, 88
3196, 16, 121, 126, 35, 0, 23.85%, 17, 12, 5, 40.67, 534881, 88
3201, 16, 121, 126, 35, 0, 23.85%, 17, 12, 5, 19.23, 535158, 88
3206, 16, 121, 126, 35, 0, 23.85%, 17, 12, 5, 29.91, 535335, 88
3211, 16, 121, 126, 35, 0, 23.85%, 17, 12, 5, 49.83, 535643, 88
3216, 16, 121, 126, 35, 0, 23.85%, 17, 12, 5, 56.60, 535941, 88
3221, 16, 121, 126, 35, 0, 23.85%, 17, 12, 5, 65.88, 536321, 88
3227, 16, 121, 126, 35, 0, 23.85%, 17, 12, 5, 33.38, 536487, 88
3232, 16, 121, 126, 35, 0, 23.85%, 17, 12, 5, 27.90, 536606, 88
3237, 16, 121, 126, 35, 0, 23.85%, 17, 12, 5, 23.90, 536731, 88
3242, 16, 120, 126, 35, 0, 23.85%, 17, 12, 5, 47.27, 536984, 88
3247, 16, 120, 126, 35, 0, 23.85%, 17, 12, 5, 45.86, 537212, 88
3252, 16, 120, 126, 35, 0, 23.85%, 17, 12, 5, 87.29, 537669, 88
3257, 16, 120, 126, 35, 0, 23.85%, 17, 12, 5, 15.64, 537913, 88
3262, 16, 120, 126, 35, 0, 23.85%, 17, 12, 5, 73.64, 538146, 88
3267, 16, 121, 126, 35, 0, 23.85%, 17, 12, 5, 61.92, 538571, 88
3273, 16, 121, 126, 35, 0, 23.85%, 17, 12, 5, 53.49, 538835, 88
3278, 16, 121, 126, 35, 0, 23.85%, 17, 12, 5, 73.02, 539272, 88
3283, 16, 121, 126, 35, 0, 23.85%, 17, 12, 5, 64.08, 539555, 88
3288, 16, 121, 126, 35, 0, 23.85%, 17, 12, 5, 67.31, 539933, 88
3293, 16, 121, 126, 35, 0, 23.85%, 17, 12, 5, 34.95, 540102, 88
3298, 16, 121, 126, 35, 0, 23.85%, 17, 12, 5, 17.64, 540260, 88
3303, 16, 121, 126, 35, 0, 23.85%, 17, 12, 5, 20.31, 540594, 88
3308, 16, 120, 126, 35, 0, 23.85%, 17, 12, 5, 41.70, 540818, 88
3313, 16, 120, 126, 35, 0, 23.85%, 17, 12, 5, 48.58, 541078, 88
3318, 16, 120, 126, 35, 0, 23.85%, 17, 12, 5, 49.92, 541338, 88
3324, 16, 120, 126, 35, 0, 23.85%, 17, 12, 5, 108.13, 541877, 88
3329, 16, 120, 126, 35, 0, 23.85%, 17, 12, 5, 19.77, 541988, 88
3334, 16, 120, 126, 35, 0, 23.85%, 17, 12, 5, 65.08, 542372, 88
3339, 16, 121, 126, 35, 0, 23.85%, 17, 12, 5, 51.62, 542643, 88
3344, 16, 121, 126, 35, 0, 23.85%, 17, 12, 5, 46.75, 542877, 88
3349, 16, 121, 126, 35, 0, 23.85%, 17, 12, 5, 23.51, 543063, 88
3354, 16, 121, 126, 35, 0, 23.85%, 17, 12, 5, 132.07, 543404, 88
3359, 16, 121, 126, 35, 0, 23.85%, 17, 12, 5, 17.92, 543526, 88
3365, 16, 121, 126, 35, 0, 23.85%, 17, 12, 5, 76.02, 543787, 88
3370, 16, 121, 126, 35, 0, 23.85%, 17, 12, 5, 55.89, 544058, 88
3375, 16, 121, 126, 35, 0, 23.85%, 17, 12, 5, 33.98, 544286, 88
3380, 16, 121, 126, 35, 0, 23.85%, 17, 12, 5, 25.43, 544404, 88
3385, 16, 121, 126, 35, 0, 23.85%, 17, 12, 5, 27.06, 544532, 88
3390, 16, 121, 126, 35, 0, 23.85%, 17, 12, 5, 27.55, 544789, 88
3395, 16, 121, 126, 35, 0, 23.85%, 17, 12, 5, 47.02, 545039, 88
3400, 16, 121, 126, 35, 0, 23.85%, 17, 12, 5, 51.52, 545314, 88
3405, 16, 121, 126, 35, 0, 23.85%, 17, 12, 5, 53.99, 545629, 88
3411, 16, 121, 126, 35, 0, 23.85%, 17, 12, 5, 53.47, 545914, 88
3416, 16, 121, 126, 35, 0, 23.85%, 17, 12, 5, 40.09, 546075, 88
3421, 16, 121, 126, 35, 0, 23.85%, 17, 12, 5, 41.27, 546293, 88
3426, 16, 121, 126, 35, 0, 23.85%, 17, 12, 5, 365.00, 546507, 88
3431, 16, 121, 126, 35, 0, 23.85%, 17, 12, 5, 48.39, 546767, 88
3436, 16, 121, 126, 35, 0, 23.85%, 17, 12, 5, 32.24, 546910, 88
3441, 16, 121, 126, 35, 0, 23.85%, 17, 12, 5, 50.52, 547154, 88
3446, 16, 121, 126, 35, 0, 23.85%, 17, 12, 5, 51.73, 547422, 88
3451, 16, 121, 126, 35, 0, 23.85%, 17, 12, 5, 66.29, 547787, 88
3457, 16, 121, 126, 35, 0, 23.85%, 17, 12, 5, 72.16, 548209, 88
3462, 16, 121, 126, 35, 0, 23.85%, 17, 12, 5, 60.22, 548923, 88
3467, 16, 121, 126, 35, 0, 23.85%, 17, 12, 5, 73.43, 549341, 88
3472, 16, 121, 126, 35, 0, 23.85%, 17, 12, 5, 18.75, 549561, 88
3477, 16, 121, 126, 35, 0, 23.85%, 17, 12, 5, 16.55, 549642, 88
3482, 16, 121, 126, 35, 0, 23.85%, 17, 12, 5, 38.14, 549950, 88
3487, 16, 121, 126, 35, 0, 23.85%, 17, 12, 5, 68.83, 550330, 88
3492, 16, 121, 126, 35, 0, 23.85%, 17, 12, 5, 54.95, 550547, 88
3497, 16, 121, 126, 35, 0, 23.85%, 17, 12, 5, 27.35, 550767, 88
3502, 16, 121, 126, 35, 0, 23.85%, 17, 12, 5, 28.71, 550951, 88
3507, 16, 121, 126, 35, 0, 23.85%, 17, 12, 5, 28.84, 551076, 88
3512, 16, 121, 126, 35, 0, 23.85%, 17, 12, 5, 46.43, 551336, 88
3518, 16, 121, 126, 35, 0, 23.85%, 17, 12, 5, 37.46, 551554, 88
3523, 16, 121, 126, 35, 0, 23.85%, 17, 12, 5, 51.09, 551885, 88
3528, 16, 121, 126, 35, 0, 23.85%, 17, 12, 5, 17.40, 552126, 88
3533, 16, 121, 126, 35, 0, 23.85%, 17, 12, 5, 33.16, 552306, 88
3538, 16, 121, 126, 35, 0, 23.85%, 17, 12, 5, 40.41, 552513, 88
3543, 16, 121, 126, 35, 0, 23.85%, 17, 12, 5, 38.08, 552787, 88
3548, 16, 121, 126, 35, 0, 23.85%, 17, 12, 5, 33.20, 553026, 88
3553, 16, 121, 126, 35, 0, 23.85%, 17, 12, 5, 22.56, 553150, 88
3558, 16, 45, 126, 35, 0, 23.85%, 17, 12, 5, 32.81, 553299, 88
3564, 16, 122, 126, 35, 0, 23.85%, 17, 12, 5, 52.51, 553813, 88
3569, 16, 122, 126, 35, 0, 23.85%, 17, 12, 5, 56.06, 554120, 88
3574, 16, 122, 126, 35, 0, 23.85%, 17, 12, 5, 68.51, 554549, 88
3579, 16, 122, 126, 35, 0, 23.85%, 17, 12, 5, 80.80, 554977, 88
3584, 16, 121, 126, 35, 0, 23.85%, 17, 12, 5, 43.48, 555517, 88
3589, 16, 121, 126, 35, 0, 23.85%, 17, 12, 5, 47.62, 555753, 88
3594, 16, 121, 126, 35, 0, 23.85%, 17, 12, 5, 32.65, 555928, 88
3599, 16, 121, 126, 35, 0, 23.85%, 17, 12, 5, 36.53, 556226, 88
3604, 16, 121, 126, 35, 0, 23.85%, 17, 12, 5, 38.61, 556399, 88
3609, 16, 121, 126, 35, 0, 23.85%, 17, 12, 5, 31.39, 556575, 88
3614, 16, 121, 126, 35, 0, 23.85%, 17, 12, 5, 49.43, 556853, 88
3619, 16, 121, 126, 35, 0, 23.85%, 17, 12, 5, 14.88, 557153, 88
3625, 16, 121, 126, 35, 0, 23.85%, 17, 12, 5, 14.93, 557473, 88
3630, 16, 121, 126, 35, 0, 23.85%, 17, 12, 5, 20.02, 557672, 88
3635, 16, 122, 126, 35, 0, 23.85%, 17, 12, 5, 24.73, 557794, 88
3640, 16, 122, 126, 35, 0, 23.85%, 17, 12, 5, 90.89, 558151, 88
3645, 16, 122, 126, 35, 0, 23.85%, 17, 12, 5, 68.86, 558488, 88
3650, 16, 122, 126, 35, 0, 23.85%, 17, 12, 5, 49.91, 558879, 88
3655, 16, 122, 126, 35, 0, 23.85%, 17, 12, 5, 21.63, 559175, 88
3660, 16, 122, 126, 35, 0, 23.85%, 17, 12, 5, 47.65, 559454, 88
3665, 16, 122, 126, 35, 0, 23.85%, 17, 12, 5, 59.23, 559765, 88
3670, 16, 122, 126, 35, 0, 23.85%, 17, 12, 5, 57.06, 560063, 88
3676, 16, 122, 126, 35, 0, 23.85%, 17, 12, 5, 44.57, 560351, 88
3681, 16, 122, 126, 35, 0, 23.85%, 17, 12, 5, 35.39, 560497, 88
3686, 16, 122, 126, 35, 0, 23.85%, 17, 12, 5, 56.31, 560876, 88
3691, 16, 122, 126, 35, 0, 23.85%, 17, 12, 5, 38.51, 561161, 88
3696, 16, 121, 126, 35, 0, 23.85%, 17, 12, 5, 59.65, 561481, 88
3701, 16, 121, 126, 35, 0, 23.85%, 17, 12, 5, 48.51, 561705, 88
3706, 16, 121, 126, 35, 0, 23.85%, 17, 12, 5, 40.07, 561895, 88
3711, 16, 121, 126, 35, 0, 23.85%, 17, 12, 5, 40.14, 562077, 88
3716, 16, 121, 126, 35, 0, 23.85%, 17, 12, 5, 49.11, 562324, 88
3721, 16, 121, 126, 35, 0, 23.85%, 17, 12, 5, 22.14, 562548, 88
3726, 16, 121, 126, 35, 0, 23.85%, 17, 12, 5, 43.20, 562979, 88
3731, 16, 121, 126, 35, 0, 23.85%, 17, 12, 5, 50.87, 563240, 88
3737, 16, 121, 126, 35, 0, 23.85%, 17, 12, 5, 189.49, 563602, 88
3742, 16, 121, 126, 35, 0, 23.85%, 17, 12, 5, 27.84, 563947, 88
3747, 16, 120, 126, 35, 0, 23.85%, 17, 12, 5, 44.85, 564181, 88
3752, 16, 120, 126, 35, 0, 23.85%, 17, 12, 5, 53.61, 564475, 88
3757, 16, 120, 126, 35, 0, 23.85%, 17, 12, 5, 39.32, 564681, 88
3762, 16, 120, 126, 35, 0, 23.85%, 17, 12, 5, 39.09, 564892, 88
3767, 16, 120, 126, 35, 0, 23.85%, 17, 12, 5, 66.08, 565183, 88
3772, 16, 121, 126, 35, 0, 23.85%, 17, 12, 5, 14.85, 565750, 88
3778, 16, 121, 126, 35, 0, 23.85%, 17, 12, 5, 61.87, 566036, 88
3783, 16, 121, 126, 35, 0, 23.85%, 17, 12, 5, 42.19, 566270, 88
3788, 16, 121, 126, 35, 0, 23.85%, 17, 12, 5, 32.24, 566393, 88
3793, 16, 121, 126, 35, 0, 23.85%, 17, 12, 5, 194.21, 566644, 88
3798, 16, 120, 126, 35, 0, 23.85%, 17, 12, 5, 25.11, 566852, 88
3803, 16, 120, 126, 35, 0, 23.85%, 17, 12, 5, 77.38, 567305, 88
3808, 16, 120, 126, 35, 0, 23.85%, 17, 12, 5, 74.21, 567713, 88
3813, 16, 120, 126, 35, 0, 23.85%, 17, 12, 5, 46.39, 567954, 88
3818, 16, 120, 126, 35, 0, 23.85%, 17, 12, 5, 75.79, 568377, 88
3823, 16, 122, 126, 35, 0, 23.85%, 17, 12, 5, 44.91, 568906, 88
3828, 16, 122, 126, 35, 0, 23.85%, 17, 12, 5, 57.10, 569212, 88
3833, 16, 122, 126, 35, 0, 23.85%, 17, 12, 5, 23.37, 569505, 88
3838, 16, 122, 126, 35, 0, 23.85%, 17, 12, 5, 32.92, 569696, 88
3843, 16, 122, 126, 35, 0, 23.85%, 17, 12, 5, 19.31, 569842, 88
3849, 16, 122, 126, 35, 0, 23.85%, 17, 12, 5, 24.86, 569956, 88
3854, 16, 122, 126, 35, 0, 23.85%, 17, 12, 5, 50.83, 570263, 88
3859, 16, 121, 126, 35, 0, 23.85%, 17, 12, 5, 62.22, 570604, 88
3864, 16, 121, 126, 35, 0, 23.85%, 17, 12, 5, 47.83, 570825, 88
3869, 16, 121, 126, 35, 0, 23.85%, 17, 12, 5, 33.82, 570994, 88
3874, 16, 121, 126, 35, 0, 23.85%, 17, 12, 5, 21.45, 571535, 88
3879, 16, 121, 126, 35, 0, 23.85%, 17, 12, 5, 45.60, 571822, 88
3884, 16, 121, 126, 35, 0, 23.85%, 17, 12, 5, 64.21, 572164, 88
3889, 16, 121, 126, 35, 0, 23.85%, 17, 12, 5, 35.54, 572575, 88
3894, 16, 121, 126, 35, 0, 23.85%, 17, 12, 5, 30.47, 572772, 88
3900, 16, 121, 126, 35, 0, 23.85%, 17, 12, 5, 53.00, 573082, 88
3905, 16, 121, 126, 35, 0, 23.85%, 17, 12, 5, 38.68, 573293, 88
3910, 16, 121, 126, 35, 0, 23.85%, 17, 12, 5, 32.39, 573465, 88
3915, 16, 121, 126, 35, 0, 23.85%, 17, 12, 5, 33.53, 573615, 88
3920, 16, 121, 126, 35, 0, 23.85%, 17, 12, 5, 22.55, 573877, 88
3925, 16, 122, 126, 35, 0, 23.85%, 17, 12, 5, 39.53, 574097, 88
3930, 16, 122, 126, 35, 0, 23.85%, 17, 12, 5, 55.78, 574415, 88
3935, 16, 122, 126, 35, 0, 23.85%, 17, 12, 5, 39.40, 574625, 88
3940, 16, 122, 126, 35, 0, 23.85%, 17, 12, 5, 70.95, 575053, 88
3946, 16, 122, 126, 35, 0, 23.85%, 17, 12, 5, 39.43, 575271, 88
3951, 16, 122, 126, 35, 0, 23.85%, 17, 12, 5, 52.01, 575504, 88
3956, 16, 121, 126, 35, 0, 23.85%, 17, 12, 5, 56.88, 575838, 88
3961, 16, 121, 126, 35, 0, 23.85%, 17, 12, 5, 47.56, 576095, 88
3966, 16, 121, 126, 35, 0, 23.85%, 17, 12, 5, 39.49, 576484, 88
3971, 16, 121, 126, 35, 0, 23.85%, 17, 12, 5, 21.13, 576613, 88
3976, 16, 121, 126, 35, 0, 23.85%, 17, 12, 5, 14.87, 576819, 88
3981, 16, 122, 126, 35, 0, 23.85%, 17, 12, 5, 65.45, 577058, 88
3987, 16, 122, 126, 35, 0, 23.85%, 17, 12, 5, 49.62, 577323, 88
3992, 16, 122, 126, 35, 0, 23.85%, 17, 12, 5, 50.43, 577606, 88
3997, 16, 122, 126, 35, 0, 23.85%, 17, 12, 5, 70.00, 577973, 88
4002, 16, 122, 126, 35, 0, 23.85%, 17, 12, 5, 66.35, 578350, 88
4007, 16, 122, 126, 35, 0, 23.85%, 17, 12, 5, 81.22, 578812, 88
4012, 16, 122, 126, 35, 0, 23.85%, 17, 12, 5, 90.82, 579351, 88
4017, 16, 122, 126, 35, 0, 23.85%, 17, 12, 5, 86.91, 579837, 88
4022, 16, 122, 126, 35, 0, 23.85%, 17, 12, 5, 62.67, 580133, 88
4027, 16, 120, 126, 35, 0, 23.85%, 17, 12, 5, 53.38, 580508, 88
4032, 16, 120, 126, 35, 0, 23.85%, 17, 12, 5, 66.36, 580857, 88
4037, 16, 120, 126, 35, 0, 23.85%, 17, 12, 5, 57.37, 581136, 88
4043, 16, 120, 126, 35, 0, 23.85%, 17, 12, 5, 25.61, 581235, 88
4048, 16, 120, 126, 35, 0, 23.85%, 17, 12, 5, 14.63, 581487, 88
4053, 16, 120, 126, 35, 0, 23.85%, 17, 12, 5, 21.38, 581590, 88
4058, 16, 121, 126, 35, 0, 23.85%, 17, 12, 5, 32.46, 582036, 88
4063, 16, 121, 126, 35, 0, 23.85%, 17, 12, 5, 42.80, 582269, 88
4068, 16, 121, 126, 35, 0, 23.85%, 17, 12, 5, 17.90, 582666, 88
4074, 16, 121, 126, 35, 0, 23.85%, 17, 12, 5, 34.43, 582845, 88
4079, 16, 121, 126, 35, 0, 23.85%, 17, 12, 5, 29.37, 583048, 88
4084, 16, 121, 126, 35, 0, 23.85%, 17, 12, 5, 55.55, 583391, 88
4089, 16, 121, 126, 35, 0, 23.85%, 17, 12, 5, 49.77, 583676, 88
4094, 16, 121, 126, 35, 0, 23.85%, 17, 12, 5, 28.36, 583805, 88
4099, 16, 121, 126, 35, 0, 23.85%, 17, 12, 5, 29.04, 583957, 88
4104, 16, 121, 126, 35, 0, 23.85%, 17, 12, 5, 17.89, 584109, 88
4110, 16, 121, 126, 35, 0, 23.85%, 17, 12, 5, 17.13, 584196, 88
4115, 16, 121, 126, 35, 0, 23.85%, 17, 12, 5, 34.92, 584406, 88
4120, 16, 121, 126, 35, 0, 23.85%, 17, 12, 5, 42.73, 584637, 88
4125, 16, 121, 126, 35, 0, 23.85%, 17, 12, 5, 79.05, 585036, 88
4130, 16, 121, 126, 35, 0, 23.85%, 17, 12, 5, 50.27, 585275, 88
4135, 16, 121, 126, 35, 0, 23.85%, 17, 12, 5, 32.35, 585452, 88
4140, 16, 122, 126, 35, 0, 23.85%, 17, 12, 5, 46.28, 585700, 88
4145, 16, 122, 126, 35, 0, 23.85%, 17, 12, 5, 57.01, 586003, 88
4151, 16, 122, 126, 35, 0, 23.85%, 17, 12, 5, 72.48, 586368, 88
4156, 16, 122, 126, 35, 0, 23.85%, 17, 12, 5, 85.51, 586885, 88
4161, 16, 121, 126, 35, 0, 23.85%, 17, 12, 5, 55.68, 587264, 88
4166, 16, 121, 126, 35, 0, 23.85%, 17, 12, 5, 45.47, 587490, 88
4171, 16, 121, 126, 35, 0, 23.85%, 17, 12, 5, 38.72, 587716, 88
4176, 16, 121, 126, 35, 0, 23.85%, 17, 12, 5, 33.95, 587902, 88
4181, 16, 121, 126, 35, 0, 23.85%, 17, 12, 5, 25.97, 588091, 88
4186, 16, 122, 126, 35, 0, 23.85%, 17, 12, 5, 43.93, 588492, 88
4192, 16, 122, 126, 35, 0, 23.85%, 17, 12, 5, 48.21, 588749, 88
4197, 16, 122, 126, 35, 0, 23.85%, 17, 12, 5, 50.73, 589010, 88
4202, 16, 122, 126, 35, 0, 23.85%, 17, 12, 5, 77.35, 589257, 88
4207, 16, 122, 126, 35, 0, 23.85%, 17, 12, 5, 43.86, 589489, 88
4212, 16, 122, 126, 35, 0, 23.85%, 17, 12, 5, 25.58, 589587, 88
4217, 16, 18, 126, 35, 0, 23.85%, 17, 12, 5, 99.89, 590079, 88
4222, 16, 121, 126, 35, 0, 23.85%, 17, 12, 5, 55.51, 590560, 88
4227, 16, 121, 126, 35, 0, 23.85%, 17, 12, 5, 66.08, 590900, 88
4232, 16, 121, 126, 35, 0, 23.85%, 17, 12, 5, 28.95, 591001, 88
4237, 16, 121, 126, 35, 0, 23.85%, 17, 12, 5, 37.37, 591166, 88
4243, 16, 121, 126, 35, 0, 23.85%, 17, 12, 5, 26.67, 591469, 88
4248, 16, 121, 126, 35, 0, 23.85%, 17, 12, 5, 59.37, 591812, 88
4253, 16, 121, 126, 35, 0, 23.85%, 17, 12, 5, 55.02, 592108, 88
4258, 16, 121, 126, 35, 0, 23.85%, 17, 12, 5, 47.87, 592346, 88
4263, 16, 121, 126, 35, 0, 23.85%, 17, 12, 5, 23.83, 592434, 88
4268, 16, 121, 126, 35, 0, 23.85%, 17, 12, 5, 19.63, 592529, 88
4273, 16, 121, 126, 35, 0, 23.85%, 17, 12, 5, 101.08, 592870, 88
4278, 16, 121, 126, 35, 0, 23.85%, 17, 12, 5, 14.65, 593112, 88
4283, 16, 121, 126, 35, 0, 23.85%, 17, 12, 5, 39.36, 593454, 88
4289, 16, 121, 126, 35, 0, 23.85%, 17, 12, 5, 31.75, 593593, 88
4294, 16, 121, 126, 35, 0, 23.85%, 17, 12, 5, 28.15, 593710, 88
4299, 16, 122, 126, 35, 0, 23.85%, 17, 12, 5, 61.84, 594197, 88
4304, 16, 122, 126, 35, 0, 23.85%, 17, 12, 5, 59.61, 594486, 88
4309, 16, 122, 126, 35, 0, 23.85%, 17, 12, 5, 67.21, 594797, 88
4314, 16, 122, 126, 35, 0, 23.85%, 17, 12, 5, 111.61, 595040, 88
4319, 16, 122, 126, 35, 0, 23.85%, 17, 12, 5, 30.38, 595228, 88
4324, 16, 122, 126, 35, 0, 23.85%, 17, 12, 5, 28.97, 595438, 88
4329, 16, 122, 126, 35, 0, 23.85%, 17, 12, 5, 51.59, 595744, 88
4334, 16, 122, 126, 35, 0, 23.85%, 17, 12, 5, 68.54, 596107, 88
4339, 16, 122, 126, 35, 0, 23.85%, 17, 12, 5, 80.42, 596568, 88
4345, 16, 122, 126, 35, 0, 23.85%, 17, 12, 5, 32.79, 596708, 88
4350, 16, 122, 126, 35, 0, 23.85%, 17, 12, 5, 17.92, 596920, 88
4355, 16, 122, 126, 35, 0, 23.85%, 17, 12, 5, 98.81, 597212, 88
4360, 16, 122, 126, 35, 0, 23.85%, 17, 12, 5, 73.33, 597625, 88
4365, 16, 122, 126, 35, 0, 23.85%, 17, 12, 5, 16.04, 598104, 88
4370, 16, 122, 126, 35, 0, 23.85%, 17, 12, 5, 91.84, 598372, 88
4375, 16, 122, 126, 35, 0, 23.85%, 17, 12, 5, 73.13, 598697, 88
4381, 16, 122, 126, 35, 0, 23.85%, 17, 12, 5, 138.97, 598953, 88
4386, 16, 122, 126, 35, 0, 23.85%, 17, 12, 5, 40.01, 599348, 88
