# relative_time, cycles_done, cur_item, corpus_count, pending_total, pending_favs, map_size, saved_crashes, saved_hangs, max_depth, execs_per_sec, total_execs, edges_found
62, 0, 13, 64, 62, 12, 30.52%, 17, 1, 3, 761.88, 14363, 76
67, 0, 13, 65, 63, 12, 30.52%, 17, 1, 3, 665.00, 16079, 76
72, 0, 52, 65, 55, 3, 30.52%, 18, 1, 3, 149.42, 17956, 76
77, 0, 36, 66, 53, 0, 30.52%, 18, 2, 3, 13.95, 19317, 76
82, 0, 2, 67, 54, 0, 30.52%, 18, 2, 3, 236.91, 20685, 76
87, 0, 2, 68, 55, 0, 30.52%, 18, 2, 3, 296.48, 22079, 76
92, 0, 20, 70, 57, 0, 30.52%, 18, 2, 3, 450.00, 24122, 76
98, 0, 70, 75, 61, 2, 31.33%, 18, 2, 4, 544.55, 25031, 78
103, 0, 2, 76, 58, 0, 31.33%, 18, 2, 4, 523.39, 27446, 78
108, 0, 61, 78, 58, 0, 31.33%, 18, 2, 4, 317.93, 29596, 78
113, 0, 61, 81, 61, 0, 31.33%, 18, 2, 4, 48.94, 29958, 78
118, 0, 61, 81, 61, 0, 31.33%, 18, 2, 4, 338.64, 31492, 78
124, 0, 70, 81, 60, 0, 31.33%, 18, 2, 4, 461.86, 34109, 78
129, 0, 2, 81, 60, 0, 31.33%, 18, 2, 4, 36.04, 36285, 78
134, 0, 43, 81, 59, 0, 31.33%, 18, 2, 4, 58.54, 38186, 78
139, 0, 40, 81, 57, 0, 31.33%, 18, 2, 4, 386.55, 40073, 78
144, 0, 44, 81, 56, 0, 31.33%, 18, 2, 4, 387.60, 41988, 78
149, 0, 43, 81, 56, 0, 31.33%, 18, 2, 4, 266.44, 43807, 78
154, 1, 15, 81, 54, 0, 31.33%, 18, 2, 4, 416.31, 46124, 78
159, 1, 43, 81, 53, 0, 31.33%, 18, 2, 4, 213.65, 47440, 78
164, 1, 21, 81, 51, 0, 31.33%, 18, 2, 4, 378.93, 49488, 78
169, 1, 44, 81, 47, 0, 31.33%, 18, 2, 4, 554.18, 51120, 78
175, 1, 20, 81, 44, 0, 31.33%, 18, 2, 4, 460.47, 53150, 78
180, 1, 43, 81, 41, 0, 31.33%, 18, 2, 4, 248.69, 54449, 78
185, 1, 32, 81, 40, 0, 31.33%, 18, 2, 4, 328.79, 56161, 78
190, 1, 28, 81, 36, 0, 31.33%, 18, 2, 4, 323.02, 58076, 78
195, 1, 34, 82, 36, 0, 31.33%, 18, 2, 4, 37.09, 60004, 78
201, 1, 70, 82, 35, 0, 31.33%, 18, 2, 4, 349.34, 61575, 78
206, 1, 64, 82, 35, 0, 31.33%, 18, 2, 4, 613.16, 63441, 78
211, 1, 57, 82, 32, 0, 31.33%, 18, 2, 4, 495.94, 65676, 78
216, 1, 56, 82, 31, 0, 31.33%, 18, 2, 4, 323.05, 67022, 78
221, 1, 80, 82, 30, 0, 31.33%, 18, 2, 4, 62.17, 68561, 78
226, 1, 13, 82, 28, 0, 31.33%, 18, 2, 4, 288.98, 69882, 78
232, 1, 29, 82, 28, 0, 31.33%, 18, 2, 4, 248.64, 71351, 78
237, 2, 55, 82, 27, 0, 31.33%, 18, 2, 4, 78.71, 72050, 78
242, 2, 43, 82, 26, 0, 31.33%, 18, 2, 4, 113.44, 72696, 78
247, 2, 2, 82, 25, 0, 31.33%, 18, 2, 4, 154.45, 73492, 78
252, 2, 36, 82, 25, 0, 31.33%, 18, 2, 4, 172.55, 74205, 78
257, 2, 6, 82, 23, 0, 31.33%, 18, 2, 4, 242.13, 75413, 78
262, 2, 36, 82, 21, 0, 31.33%, 18, 2, 4, 251.87, 76666, 78
267, 2, 71, 82, 21, 0, 31.33%, 18, 2, 4, 297.63, 78172, 78
272, 2, 32, 82, 21, 0, 31.33%, 18, 2, 4, 327.94, 80117, 78
277, 2, 70, 82, 21, 0, 31.33%, 18, 2, 4, 293.97, 81449, 78
282, 2, 17, 82, 21, 0, 31.33%, 18, 2, 4, 292.52, 82954, 78
287, 2, 61, 82, 20, 0, 31.33%, 18, 2, 4, 256.62, 84285, 78
293, 2, 41, 82, 19, 0, 31.33%, 18, 2, 4, 190.37, 85408, 78
298, 2, 10, 82, 18, 0, 31.33%, 18, 2, 4, 157.46, 86193, 78
303, 2, 71, 82, 17, 0, 31.33%, 18, 2, 4, 177.32, 86906, 78
308, 2, 72, 82, 17, 0, 31.33%, 18, 2, 4, 243.78, 88012, 78
313, 2, 76, 82, 17, 0, 31.33%, 18, 2, 4, 278.99, 89452, 78
318, 2, 2, 82, 15, 0, 31.33%, 18, 2, 4, 248.67, 90712, 78
323, 2, 34, 83, 16, 0, 31.33%, 18, 2, 4, 55.25, 91213, 78
329, 2, 57, 83, 16, 0, 31.33%, 18, 2, 4, 132.93, 91881, 78
334, 2, 67, 84, 17, 0, 31.73%, 18, 2, 4, 31.52, 92725, 79
339, 2, 34, 84, 16, 0, 31.73%, 18, 2, 4, 427.89, 94247, 79
344, 2, 70, 84, 15, 0, 31.73%, 18, 2, 4, 347.71, 95848, 79
349, 2, 15, 84, 14, 0, 31.73%, 18, 2, 4, 307.51, 97304, 79
354, 2, 3, 84, 13, 0, 31.73%, 18, 2, 4, 85.77, 98346, 79
359, 2, 71, 84, 12, 0, 31.73%, 18, 2, 4, 174.18, 99211, 79
364, 3, 83, 84, 12, 0, 31.73%, 18, 2, 4, 280.51, 100743, 79
369, 3, 34, 84, 11, 0, 31.73%, 18, 2, 4, 271.25, 101954, 79
374, 3, 44, 84, 11, 0, 31.73%, 18, 2, 4, 189.59, 102856, 79
379, 3, 70, 84, 10, 0, 31.73%, 18, 2, 4, 234.50, 103860, 79
384, 3, 61, 84, 10, 0, 31.73%, 18, 2, 4, 165.51, 104666, 79
389, 3, 9, 84, 9, 0, 31.73%, 18, 2, 4, 396.37, 105877, 79
394, 3, 11, 84, 9, 0, 31.73%, 18, 2, 4, 155.60, 106953, 79
400, 3, 43, 84, 9, 0, 31.73%, 18, 2, 4, 224.64, 108059, 79
405, 3, 44, 84, 9, 0, 31.73%, 19, 2, 4, 241.59, 109399, 79
410, 3, 72, 84, 9, 0, 31.73%, 19, 2, 4, 392.75, 111186, 79
415, 3, 23, 84, 8, 0, 31.73%, 19, 2, 4, 85.10, 112414, 79
420, 3, 43, 84, 7, 0, 31.73%, 19, 2, 4, 169.08, 113482, 79
425, 3, 15, 84, 7, 0, 31.73%, 19, 2, 4, 253.31, 114924, 79
430, 3, 39, 84, 7, 0, 31.73%, 19, 2, 4, 230.21, 116081, 79
435, 3, 77, 84, 6, 0, 31.73%, 19, 2, 4, 370.91, 117178, 79
441, 3, 43, 84, 6, 0, 31.73%, 19, 2, 4, 300.67, 118191, 79
446, 3, 40, 84, 5, 0, 31.73%, 19, 2, 4, 230.15, 119289, 79
451, 3, 73, 84, 5, 0, 31.73%, 19, 2, 4, 354.65, 121246, 79
456, 3, 34, 84, 4, 0, 31.73%, 19, 2, 4, 314.73, 122762, 79
461, 3, 71, 84, 4, 0, 31.73%, 19, 2, 4, 275.18, 124361, 79
466, 3, 30, 84, 4, 0, 31.73%, 19, 2, 4, 230.65, 125617, 79
471, 3, 43, 84, 3, 0, 31.73%, 19, 2, 4, 43.29, 126893, 79
476, 3, 28, 84, 3, 0, 31.73%, 19, 2, 4, 159.44, 127847, 79
481, 3, 15, 84, 3, 0, 31.73%, 19, 2, 4, 42.02, 129148, 79
486, 3, 44, 84, 3, 0, 31.73%, 19, 2, 4, 93.88, 129691, 79
491, 4, 3, 84, 3, 0, 31.73%, 19, 2, 4, 304.16, 131425, 79
497, 4, 44, 84, 3, 0, 31.73%, 19, 2, 4, 426.38, 133152, 79
502, 4, 44, 84, 3, 0, 31.73%, 19, 2, 4, 308.27, 134602, 79
507, 4, 80, 84, 3, 0, 31.73%, 19, 2, 4, 285.50, 135857, 79
512, 4, 61, 84, 3, 0, 31.73%, 19, 2, 4, 261.46, 136993, 79
517, 4, 2, 84, 2, 0, 31.73%, 19, 2, 4, 26.58, 137998, 79
522, 4, 43, 84, 2, 0, 31.73%, 19, 2, 4, 231.45, 139266, 79
527, 4, 6, 84, 2, 0, 31.73%, 19, 2, 4, 346.52, 141108, 79
532, 4, 44, 84, 2, 0, 31.73%, 19, 2, 4, 143.34, 142144, 79
537, 4, 6, 84, 2, 0, 31.73%, 19, 2, 4, 227.45, 143328, 79
543, 4, 57, 84, 2, 0, 31.73%, 19, 2, 4, 18.66, 144712, 79
548, 4, 43, 84, 2, 0, 31.73%, 19, 2, 4, 278.61, 146338, 79
553, 4, 34, 84, 1, 0, 31.73%, 19, 2, 4, 222.55, 147523, 79
558, 4, 42, 84, 1, 0, 31.73%, 19, 2, 4, 228.05, 148513, 79
563, 4, 72, 84, 1, 0, 31.73%, 19, 2, 4, 196.53, 149709, 79
568, 4, 51, 84, 1, 0, 31.73%, 19, 2, 4, 155.30, 150480, 79
573, 4, 51, 84, 1, 0, 31.73%, 19, 2, 4, 32.91, 150678, 79
579, 4, 61, 84, 1, 0, 31.73%, 19, 2, 4, 43.97, 150907, 79
584, 4, 15, 84, 1, 0, 31.73%, 19, 2, 4, 241.97, 151677, 79
589, 4, 71, 84, 1, 0, 31.73%, 19, 2, 4, 445.88, 153424, 79
594, 4, 10, 84, 1, 0, 31.73%, 19, 2, 4, 154.04, 154650, 79
599, 4, 36, 84, 1, 0, 31.73%, 19, 2, 4, 317.48, 156453, 79
604, 4, 33, 85, 2, 0, 31.73%, 19, 2, 4, 61.06, 156978, 79
610, 4, 70, 86, 3, 0, 31.73%, 19, 2, 4, 49.95, 157578, 79
615, 4, 70, 87, 4, 0, 31.73%, 19, 2, 4, 62.19, 157996, 79
620, 4, 72, 87, 4, 0, 31.73%, 19, 2, 4, 388.23, 159124, 79
627, 4, 71, 88, 5, 0, 31.73%, 19, 2, 4, 18.98, 160271, 79
633, 4, 87, 88, 5, 0, 31.73%, 19, 2, 4, 188.15, 160896, 79
639, 4, 87, 90, 7, 0, 31.73%, 19, 2, 5, 23.96, 161413, 79
644, 4, 87, 90, 7, 0, 31.73%, 19, 2, 5, 15.67, 163000, 79
649, 4, 87, 90, 7, 0, 31.73%, 19, 2, 5, 352.82, 163300, 79
654, 4, 3, 90, 6, 0, 31.73%, 19, 2, 5, 109.78, 164401, 79
659, 4, 34, 90, 6, 0, 31.73%, 19, 2, 5, 49.58, 164960, 79
664, 4, 61, 90, 6, 0, 31.73%, 19, 2, 5, 91.95, 165477, 79
669, 4, 2, 91, 7, 0, 31.73%, 19, 2, 5, 14.50, 165752, 79
675, 4, 2, 91, 7, 0, 31.73%, 19, 2, 5, 163.27, 166253, 79
680, 5, 34, 91, 7, 0, 31.73%, 19, 2, 5, 94.01, 167081, 79
685, 5, 3, 91, 7, 0, 31.73%, 19, 2, 5, 257.12, 168494, 79
690, 5, 71, 91, 7, 0, 31.73%, 19, 2, 5, 344.78, 169990, 79
695, 5, 61, 91, 7, 0, 31.73%, 19, 2, 5, 126.13, 170926, 79
700, 5, 15, 91, 7, 0, 31.73%, 19, 2, 5, 168.32, 171816, 79
705, 5, 70, 91, 7, 0, 31.73%, 19, 2, 5, 189.67, 172746, 79
710, 5, 71, 91, 7, 0, 31.73%, 19, 2, 5, 273.58, 174322, 79
716, 5, 2, 91, 7, 0, 31.73%, 19, 2, 5, 214.58, 175537, 79
721, 5, 43, 91, 7, 0, 31.73%, 19, 2, 5, 213.56, 176603, 79
726, 5, 61, 91, 7, 0, 31.73%, 19, 2, 5, 313.01, 178173, 79
731, 5, 71, 91, 7, 0, 31.73%, 19, 2, 5, 257.27, 179387, 79
736, 5, 72, 91, 7, 0, 31.73%, 19, 2, 5, 230.08, 180515, 79
741, 5, 5, 91, 7, 0, 31.73%, 19, 2, 5, 199.63, 181503, 79
746, 5, 86, 91, 7, 0, 31.73%, 19, 2, 5, 58.46, 182088, 79
751, 5, 71, 91, 6, 0, 31.73%, 19, 2, 5, 93.83, 182531, 79
756, 5, 34, 91, 6, 0, 31.73%, 19, 2, 5, 171.91, 183484, 79
762, 5, 34, 91, 6, 0, 31.73%, 19, 2, 5, 310.44, 184770, 79
767, 5, 2, 91, 6, 0, 31.73%, 19, 2, 5, 273.27, 185646, 79
772, 5, 2, 91, 6, 0, 31.73%, 19, 2, 5, 279.02, 187025, 79
777, 5, 64, 91, 6, 0, 31.73%, 19, 2, 5, 74.08, 187997, 79
782, 5, 44, 91, 6, 0, 31.73%, 19, 2, 5, 90.89, 188499, 79
787, 5, 44, 91, 6, 0, 31.73%, 19, 2, 5, 110.35, 188764, 79
792, 5, 43, 91, 6, 0, 31.73%, 19, 2, 5, 58.49, 189055, 79
803, 5, 34, 92, 7, 0, 31.73%, 19, 2, 5, 3.62, 189401, 79
808, 5, 71, 92, 7, 0, 31.73%, 19, 2, 5, 218.01, 189790, 79
813, 5, 8, 92, 7, 0, 31.73%, 19, 2, 5, 227.46, 190987, 79
818, 5, 85, 92, 7, 0, 31.73%, 19, 2, 5, 314.91, 192662, 79
823, 5, 2, 92, 6, 0, 31.73%, 19, 2, 5, 51.29, 193699, 79
828, 5, 6, 92, 6, 0, 31.73%, 19, 2, 5, 352.70, 194933, 79
834, 5, 44, 92, 6, 0, 31.73%, 19, 2, 5, 22.56, 195889, 79
839, 5, 91, 92, 6, 0, 31.73%, 19, 2, 5, 40.34, 196791, 79
844, 5, 91, 92, 6, 0, 31.73%, 19, 2, 5, 68.69, 197164, 79
849, 5, 91, 92, 6, 0, 31.73%, 19, 2, 5, 117.02, 197672, 79
854, 5, 62, 92, 5, 0, 31.73%, 19, 2, 5, 254.00, 199211, 79
859, 5, 43, 92, 5, 0, 31.73%, 19, 2, 5, 314.00, 200547, 79
864, 5, 52, 92, 5, 0, 31.73%, 19, 2, 5, 70.57, 201437, 79
869, 5, 46, 92, 5, 0, 31.73%, 19, 2, 5, 195.03, 202471, 79
874, 6, 3, 92, 4, 0, 31.73%, 19, 2, 5, 422.96, 204888, 79
880, 6, 3, 92, 4, 0, 31.73%, 19, 2, 5, 293.81, 206088, 79
885, 6, 88, 92, 4, 0, 31.73%, 19, 2, 5, 387.86, 208012, 79
890, 6, 6, 92, 3, 0, 31.73%, 19, 2, 5, 473.02, 210404, 79
895, 6, 34, 92, 3, 0, 31.73%, 19, 2, 5, 326.77, 211749, 79
900, 6, 61, 92, 3, 0, 31.73%, 19, 2, 5, 229.34, 212927, 79
905, 6, 77, 92, 3, 0, 31.73%, 19, 2, 5, 508.76, 213944, 79
910, 6, 36, 92, 3, 0, 31.73%, 19, 2, 5, 105.36, 214814, 79
915, 6, 43, 92, 3, 0, 31.73%, 19, 2, 5, 243.98, 216119, 79
921, 6, 57, 92, 3, 0, 31.73%, 19, 2, 5, 110.81, 216731, 79
926, 6, 44, 92, 3, 0, 31.73%, 19, 2, 5, 265.24, 218140, 79
931, 6, 36, 92, 3, 0, 31.73%, 19, 2, 5, 317.15, 219651, 79
936, 6, 71, 92, 2, 0, 31.73%, 19, 2, 5, 364.38, 221322, 79
941, 6, 71, 92, 2, 0, 31.73%, 19, 2, 5, 357.21, 223008, 79
946, 6, 90, 92, 2, 0, 31.73%, 19, 2, 5, 27.78, 224241, 79
951, 6, 90, 92, 2, 0, 31.73%, 19, 2, 5, 51.55, 224531, 79
956, 6, 6, 92, 1, 0, 31.73%, 19, 2, 5, 629.70, 225294, 79
961, 6, 43, 92, 1, 0, 31.73%, 19, 2, 5, 171.52, 226300, 79
967, 6, 15, 92, 1, 0, 31.73%, 19, 2, 5, 161.88, 227095, 79
972, 6, 6, 92, 1, 0, 31.73%, 19, 2, 5, 214.74, 228182, 79
977, 6, 80, 92, 1, 0, 31.73%, 19, 2, 5, 147.21, 229185, 79
982, 6, 25, 92, 1, 0, 31.73%, 19, 2, 5, 236.67, 230301, 79
987, 6, 34, 92, 1, 0, 31.73%, 19, 2, 5, 288.35, 231757, 79
992, 6, 50, 92, 1, 0, 31.73%, 19, 2, 5, 373.54, 232809, 79
997, 6, 27, 92, 1, 0, 31.73%, 19, 2, 5, 185.52, 233932, 79
1002, 6, 73, 92, 1, 0, 31.73%, 19, 2, 5, 299.28, 235400, 79
1008, 6, 67, 92, 1, 0, 31.73%, 19, 2, 5, 69.22, 236547, 79
1013, 6, 5, 92, 1, 0, 31.73%, 19, 2, 5, 218.90, 237642, 79
1018, 6, 85, 92, 1, 0, 31.73%, 19, 2, 5, 305.70, 239122, 79
1023, 6, 57, 92, 1, 0, 31.73%, 19, 2, 5, 62.83, 239979, 79
1028, 7, 44, 92, 1, 0, 31.73%, 19, 2, 5, 428.70, 242159, 79
1033, 7, 64, 92, 1, 0, 31.73%, 19, 2, 5, 341.43, 244153, 79
1038, 7, 4, 92, 1, 0, 31.73%, 19, 2, 5, 462.41, 246500, 79
1043, 7, 57, 92, 1, 0, 31.73%, 19, 2, 5, 490.03, 249107, 79
1048, 7, 77, 92, 1, 0, 31.73%, 19, 2, 5, 448.48, 251220, 79
1053, 7, 15, 93, 2, 0, 31.73%, 19, 2, 5, 34.56, 251879, 79
1058, 7, 10, 93, 2, 0, 31.73%, 19, 2, 5, 376.87, 253421, 79
1160, 7, 36, 93, 2, 0, 31.73%, 19, 2, 5, 1.26, 254290, 79
1169, 7, 31, 93, 2, 0, 31.73%, 19, 2, 5, 5.31, 255104, 79
1174, 7, 15, 93, 2, 0, 31.73%, 19, 2, 5, 112.43, 255806, 79
1179, 7, 61, 93, 2, 0, 31.73%, 19, 2, 5, 38.78, 256425, 79
1184, 7, 15, 93, 2, 0, 31.73%, 19, 2, 5, 53.72, 257134, 79
1189, 7, 8, 93, 2, 0, 31.73%, 19, 2, 5, 234.15, 258193, 79
1194, 7, 71, 93, 2, 0, 31.73%, 19, 2, 5, 232.81, 259275, 79
1199, 7, 72, 93, 2, 0, 31.73%, 19, 2, 5, 201.90, 260267, 79
1204, 7, 47, 93, 2, 0, 31.73%, 19, 2, 5, 94.90, 261316, 79
1209, 7, 3, 93, 2, 0, 31.73%, 19, 2, 5, 294.12, 262196, 79
1214, 7, 83, 93, 2, 0, 31.73%, 19, 2, 5, 212.72, 263090, 79
1219, 7, 2, 93, 2, 0, 31.73%, 19, 2, 5, 22.06, 264032, 79
1225, 7, 84, 93, 2, 0, 31.73%, 19, 2, 5, 217.40, 265080, 79
1230, 7, 70, 93, 2, 0, 31.73%, 19, 2, 5, 227.40, 266331, 79
1235, 7, 36, 93, 2, 0, 31.73%, 19, 2, 5, 236.03, 267183, 79
1240, 7, 15, 93, 2, 0, 31.73%, 19, 2, 5, 160.00, 267906, 79
1245, 7, 11, 93, 2, 0, 31.73%, 19, 2, 5, 142.45, 268479, 79
1250, 7, 43, 93, 2, 0, 31.73%, 19, 2, 5, 180.01, 269457, 79
1255, 7, 43, 93, 2, 0, 31.73%, 19, 2, 5, 193.45, 270462, 79
1260, 7, 83, 93, 2, 0, 31.73%, 19, 2, 5, 289.08, 272073, 79
1265, 7, 2, 93, 2, 0, 31.73%, 19, 2, 5, 290.66, 273444, 79
1270, 7, 2, 93, 2, 0, 31.73%, 19, 2, 5, 284.19, 274741, 79
1276, 7, 34, 93, 2, 0, 31.73%, 19, 2, 5, 50.23, 275787, 79
1281, 7, 71, 93, 2, 0, 31.73%, 19, 2, 5, 431.29, 276879, 79
1286, 8, 1, 93, 2, 0, 31.73%, 19, 2, 5, 210.66, 278174, 79
1291, 8, 22, 93, 2, 0, 31.73%, 19, 2, 5, 186.15, 279126, 79
1296, 8, 88, 93, 2, 0, 31.73%, 19, 2, 5, 257.60, 280411, 79
1301, 8, 36, 93, 2, 0, 31.73%, 19, 2, 5, 217.82, 281497, 79
1306, 8, 36, 93, 2, 0, 31.73%, 19, 2, 5, 532.48, 282281, 79
1311, 8, 71, 93, 2, 0, 31.73%, 19, 2, 5, 462.93, 283969, 79
1317, 8, 34, 93, 2, 0, 31.73%, 19, 2, 5, 112.63, 284892, 79
1322, 8, 6, 93, 2, 0, 31.73%, 19, 2, 5, 217.61, 286012, 79
1327, 8, 2, 93, 2, 0, 31.73%, 19, 2, 5, 265.99, 287224, 79
1332, 8, 34, 93, 2, 0, 31.73%, 19, 2, 5, 306.76, 287815, 79
1337, 8, 44, 93, 2, 0, 31.73%, 19, 2, 5, 71.43, 288986, 79
1342, 8, 36, 93, 2, 0, 31.73%, 19, 2, 5, 195.00, 290079, 79
1347, 8, 3, 93, 2, 0, 31.73%, 19, 2, 5, 46.88, 291373, 79
1352, 8, 36, 93, 2, 0, 31.73%, 19, 2, 5, 186.75, 292458, 79
1357, 8, 14, 93, 2, 0, 31.73%, 19, 2, 5, 295.84, 293277, 79
1362, 8, 15, 93, 2, 0, 31.73%, 19, 2, 5, 228.48, 294345, 79
1368, 8, 11, 93, 2, 0, 31.73%, 19, 2, 5, 99.71, 295047, 79
1373, 8, 44, 93, 2, 0, 31.73%, 19, 2, 5, 182.22, 296113, 79
1378, 8, 49, 93, 2, 0, 31.73%, 19, 2, 5, 211.06, 297173, 79
1383, 8, 2, 93, 2, 0, 31.73%, 19, 2, 5, 119.06, 297729, 79
1388, 8, 2, 93, 2, 0, 31.73%, 19, 2, 5, 33.04, 297927, 79
1393, 8, 6, 93, 2, 0, 31.73%, 19, 2, 5, 87.82, 298359, 79
1398, 8, 16, 93, 2, 0, 31.73%, 19, 2, 5, 55.48, 298612, 79
1404, 8, 43, 93, 2, 0, 31.73%, 19, 2, 5, 69.74, 298935, 79
1409, 8, 15, 93, 2, 0, 31.73%, 19, 2, 5, 83.22, 299385, 79
1414, 8, 92, 93, 2, 0, 31.73%, 19, 2, 5, 164.48, 300207, 79
1419, 8, 92, 93, 2, 0, 31.73%, 19, 2, 5, 98.71, 301211, 79
1424, 8, 41, 93, 1, 0, 31.73%, 19, 2, 5, 252.72, 302737, 79
1429, 8, 43, 93, 1, 0, 31.73%, 19, 2, 5, 76.07, 303792, 79
1434, 8, 15, 93, 1, 0, 31.73%, 19, 2, 5, 100.04, 304314, 79
1439, 8, 2, 93, 1, 0, 31.73%, 19, 2, 5, 77.09, 305191, 79
1445, 8, 36, 93, 1, 0, 31.73%, 19, 2, 5, 29.27, 305940, 79
1450, 8, 39, 93, 1, 0, 31.73%, 19, 2, 5, 33.26, 306613, 79
1455, 8, 2, 93, 1, 0, 31.73%, 19, 2, 5, 312.49, 306946, 79
1460, 8, 43, 93, 1, 0, 31.73%, 19, 2, 5, 196.11, 307742, 79
1465, 8, 61, 93, 1, 0, 31.73%, 19, 2, 5, 213.18, 308734, 79
1470, 8, 61, 93, 1, 0, 31.73%, 19, 2, 5, 248.41, 310088, 79
1475, 8, 2, 93, 1, 0, 31.73%, 19, 2, 5, 42.20, 310515, 79
1480, 8, 57, 93, 1, 0, 31.73%, 19, 2, 5, 107.63, 311086, 79
1485, 8, 44, 93, 1, 0, 31.73%, 19, 2, 5, 174.91, 312036, 79
1491, 8, 57, 93, 1, 0, 31.73%, 19, 2, 5, 27.78, 312992, 79
1496, 8, 30, 93, 1, 0, 31.73%, 19, 2, 5, 39.58, 313771, 79
1501, 9, 23, 93, 1, 0, 31.73%, 19, 2, 5, 175.30, 314636, 79
1506, 9, 72, 93, 1, 0, 31.73%, 19, 2, 5, 238.39, 315517, 79
1511, 9, 84, 93, 1, 0, 31.73%, 19, 2, 5, 143.98, 316687, 79
1516, 9, 67, 93, 1, 0, 31.73%, 19, 2, 5, 237.99, 318059, 79
1521, 9, 72, 93, 1, 0, 31.73%, 19, 2, 5, 148.02, 318907, 79
1526, 9, 22, 93, 1, 0, 31.73%, 19, 2, 5, 228.28, 320037, 79
1531, 9, 3, 93, 1, 0, 31.73%, 19, 2, 5, 251.37, 321294, 79
1536, 9, 92, 93, 1, 0, 31.73%, 19, 2, 5, 86.97, 321937, 79
1541, 9, 71, 93, 1, 0, 31.73%, 19, 2, 5, 293.74, 323447, 79
1546, 9, 34, 93, 1, 0, 31.73%, 19, 2, 5, 136.26, 324657, 79
1552, 9, 19, 93, 1, 0, 31.73%, 19, 2, 5, 147.49, 325455, 79
1557, 9, 2, 93, 1, 0, 31.73%, 19, 2, 5, 147.45, 326301, 79
1562, 9, 36, 93, 1, 0, 31.73%, 19, 2, 5, 123.08, 326921, 79
1567, 9, 81, 93, 1, 0, 31.73%, 19, 2, 5, 32.56, 327270, 79
1572, 9, 83, 93, 1, 0, 31.73%, 19, 2, 5, 218.69, 328033, 79
1577, 9, 57, 93, 1, 0, 31.73%, 19, 2, 5, 206.40, 328882, 79
1582, 9, 13, 93, 1, 0, 31.73%, 19, 2, 5, 240.32, 329913, 79
1587, 9, 44, 93, 1, 0, 31.73%, 19, 2, 5, 130.29, 331121, 79
1592, 9, 2, 93, 1, 0, 31.73%, 19, 2, 5, 52.51, 331703, 79
1597, 9, 61, 93, 1, 0, 31.73%, 19, 2, 5, 72.69, 332261, 79
1602, 9, 2, 93, 1, 0, 31.73%, 19, 2, 5, 197.19, 332575, 79
1608, 9, 34, 93, 1, 0, 31.73%, 19, 2, 5, 53.05, 333268, 79
1613, 9, 2, 93, 1, 0, 31.73%, 19, 2, 5, 110.65, 333853, 79
1618, 9, 6, 93, 1, 0, 31.73%, 19, 2, 5, 86.67, 334519, 79
1623, 9, 62, 93, 1, 0, 31.73%, 19, 2, 5, 170.97, 335492, 79
1628, 9, 21, 93, 1, 0, 31.73%, 19, 2, 5, 206.38, 336551, 79
1633, 9, 44, 93, 1, 0, 31.73%, 19, 2, 5, 172.41, 337435, 79
1638, 9, 15, 93, 1, 0, 31.73%, 19, 2, 5, 177.95, 338355, 79
1643, 9, 15, 93, 1, 0, 31.73%, 19, 2, 5, 161.20, 339094, 79
1648, 9, 15, 93, 1, 0, 31.73%, 19, 2, 5, 121.46, 339615, 79
1654, 9, 44, 93, 1, 0, 31.73%, 19, 2, 5, 138.99, 340421, 79
1659, 9, 61, 93, 1, 0, 31.73%, 19, 2, 5, 269.40, 341913, 79
1664, 9, 36, 93, 1, 0, 31.73%, 19, 2, 5, 198.09, 342778, 79
1669, 9, 39, 93, 1, 0, 31.73%, 19, 2, 5, 310.00, 343714, 79
1674, 9, 34, 93, 1, 0, 31.73%, 19, 2, 5, 92.73, 344924, 79
1679, 9, 57, 93, 1, 0, 31.73%, 19, 2, 5, 170.72, 345852, 79
1684, 9, 43, 93, 1, 0, 31.73%, 19, 2, 5, 139.44, 346485, 79
1689, 9, 92, 93, 1, 0, 31.73%, 19, 2, 5, 124.31, 347019, 79
1694, 10, 57, 93, 1, 0, 31.73%, 19, 2, 5, 165.15, 347760, 79
1699, 10, 36, 93, 1, 0, 31.73%, 19, 2, 5, 47.45, 349108, 79
1705, 10, 2, 93, 1, 0, 31.73%, 19, 2, 5, 99.04, 350202, 79
1710, 10, 34, 93, 1, 0, 31.73%, 19, 2, 5, 159.80, 350975, 79
1715, 10, 52, 93, 1, 0, 31.73%, 19, 2, 5, 62.80, 351634, 79
1720, 10, 71, 93, 1, 0, 31.73%, 19, 2, 5, 100.43, 352120, 79
1725, 10, 87, 93, 1, 0, 31.73%, 19, 2, 5, 164.11, 352929, 79
1730, 10, 57, 93, 1, 0, 31.73%, 19, 2, 5, 15.04, 353890, 79
1735, 10, 44, 93, 1, 0, 31.73%, 19, 2, 5, 111.84, 354663, 79
1741, 10, 72, 93, 1, 0, 31.73%, 19, 2, 5, 125.71, 355333, 79
1746, 10, 43, 93, 1, 0, 31.73%, 19, 2, 5, 102.05, 355769, 79
1751, 10, 15, 93, 1, 0, 31.73%, 19, 2, 5, 167.31, 356485, 79
1756, 10, 57, 93, 1, 0, 31.73%, 19, 2, 5, 168.08, 357520, 79
1761, 10, 70, 93, 1, 0, 31.73%, 19, 2, 5, 200.82, 358614, 79
1766, 10, 72, 93, 1, 0, 31.73%, 19, 2, 5, 74.34, 359244, 79
1771, 10, 86, 93, 1, 0, 31.73%, 19, 2, 5, 136.74, 360092, 79
1776, 10, 72, 93, 1, 0, 31.73%, 19, 2, 5, 243.25, 360920, 79
1781, 10, 39, 93, 1, 0, 31.73%, 19, 2, 5, 196.28, 361586, 79
1787, 10, 15, 93, 1, 0, 31.73%, 19, 2, 5, 155.12, 362369, 79
1792, 10, 36, 93, 1, 0, 31.73%, 19, 2, 5, 171.55, 363165, 79
1797, 10, 15, 93, 1, 0, 31.73%, 19, 2, 5, 33.39, 363863, 79
1802, 10, 44, 93, 1, 0, 31.73%, 19, 2, 5, 121.57, 364520, 79
1807, 10, 72, 93, 1, 0, 31.73%, 19, 2, 5, 150.24, 365317, 79
1812, 10, 34, 93, 1, 0, 31.73%, 19, 2, 5, 161.33, 366141, 79
1817, 10, 34, 93, 1, 0, 31.73%, 19, 2, 5, 189.56, 366911, 79
1823, 10, 36, 93, 1, 0, 31.73%, 19, 2, 5, 176.45, 367757, 79
1828, 10, 34, 93, 1, 0, 31.73%, 19, 2, 5, 236.44, 369137, 79
1833, 10, 59, 93, 1, 0, 31.73%, 19, 2, 5, 489.89, 370247, 79
1838, 10, 6, 93, 1, 0, 31.73%, 19, 2, 5, 109.15, 370985, 79
1843, 10, 43, 93, 1, 0, 31.73%, 19, 2, 5, 168.23, 371945, 79
1848, 10, 34, 93, 1, 0, 31.73%, 19, 2, 5, 176.38, 372870, 79
1853, 10, 61, 93, 1, 0, 31.73%, 19, 2, 5, 156.74, 373526, 79
1858, 10, 2, 93, 1, 0, 31.73%, 19, 2, 5, 18.25, 374207, 79
1863, 10, 72, 93, 1, 0, 31.73%, 19, 2, 5, 102.47, 374903, 79
1869, 10, 2, 93, 1, 0, 31.73%, 19, 2, 5, 117.35, 375499, 79
1874, 10, 72, 93, 1, 0, 31.73%, 19, 2, 5, 158.10, 376484, 79
1879, 10, 57, 93, 1, 0, 31.73%, 19, 2, 5, 252.39, 377459, 79
1884, 10, 57, 93, 1, 0, 31.73%, 19, 2, 5, 152.75, 378265, 79
1889, 10, 44, 93, 1, 0, 31.73%, 19, 2, 5, 176.86, 378688, 79
1894, 10, 72, 93, 1, 0, 31.73%, 19, 2, 5, 113.10, 379212, 79
1899, 10, 43, 93, 1, 0, 31.73%, 19, 2, 5, 131.61, 379952, 79
1904, 10, 36, 93, 1, 0, 31.73%, 19, 2, 5, 33.61, 380646, 79
1910, 10, 70, 93, 1, 0, 31.73%, 19, 2, 5, 121.91, 381438, 79
1915, 11, 61, 93, 1, 0, 31.73%, 19, 2, 5, 17.78, 381972, 79
1920, 11, 2, 93, 1, 0, 31.73%, 19, 2, 5, 17.86, 382366, 79
1925, 11, 36, 93, 1, 0, 31.73%, 19, 2, 5, 196.73, 383357, 79
1930, 11, 72, 93, 1, 0, 31.73%, 19, 2, 5, 389.87, 384260, 79
1935, 11, 61, 93, 1, 0, 31.73%, 19, 2, 5, 110.97, 384960, 79
1940, 11, 6, 93, 1, 0, 31.73%, 19, 2, 5, 141.69, 385554, 79
1945, 11, 49, 93, 1, 0, 31.73%, 19, 2, 5, 273.86, 386262, 79
1951, 11, 71, 93, 1, 0, 31.73%, 19, 2, 5, 214.60, 387238, 79
1956, 11, 2, 93, 1, 0, 31.73%, 19, 2, 5, 135.36, 388103, 79
1961, 11, 72, 93, 1, 0, 31.73%, 19, 2, 5, 180.29, 388990, 79
1966, 11, 6, 93, 1, 0, 31.73%, 19, 2, 5, 183.74, 389828, 79
1971, 11, 9, 93, 1, 0, 31.73%, 19, 2, 5, 32.77, 390642, 79
1976, 11, 2, 93, 1, 0, 31.73%, 19, 2, 5, 98.13, 391259, 79
1981, 11, 57, 93, 1, 0, 31.73%, 19, 2, 5, 181.27, 392108, 79
1986, 11, 36, 93, 1, 0, 31.73%, 19, 2, 5, 25.82, 392968, 79
1991, 11, 49, 93, 1, 0, 31.73%, 19, 2, 5, 28.00, 393735, 79
1997, 11, 34, 93, 1, 0, 31.73%, 19, 2, 5, 57.26, 394568, 79
2002, 11, 92, 93, 1, 0, 31.73%, 19, 2, 5, 89.23, 395056, 79
2007, 11, 3, 93, 1, 0, 31.73%, 19, 2, 5, 196.41, 396245, 79
2012, 11, 6, 93, 1, 0, 31.73%, 19, 2, 5, 260.72, 396953, 79
2017, 11, 15, 93, 1, 0, 31.73%, 19, 2, 5, 74.38, 397557, 79
2022, 11, 72, 93, 1, 0, 31.73%, 19, 2, 5, 86.18, 397963, 79
2027, 11, 6, 93, 1, 0, 31.73%, 19, 2, 5, 116.41, 398529, 79
2032, 11, 43, 93, 1, 0, 31.73%, 19, 2, 5, 25.32, 398993, 79
2037, 11, 58, 93, 1, 0, 31.73%, 19, 2, 5, 257.01, 399700, 79
2043, 11, 21, 93, 1, 0, 31.73%, 19, 2, 5, 44.17, 400450, 79
2048, 11, 15, 93, 1, 0, 31.73%, 19, 2, 5, 28.51, 400994, 79
2053, 11, 22, 93, 1, 0, 31.73%, 19, 2, 5, 126.63, 401501, 79
2058, 11, 3, 93, 1, 0, 31.73%, 19, 2, 5, 125.60, 402127, 79
2063, 11, 3, 93, 1, 0, 31.73%, 19, 2, 5, 212.11, 402799, 79
2068, 11, 57, 93, 1, 0, 31.73%, 19, 2, 5, 42.01, 403408, 79
2073, 11, 71, 93, 1, 0, 31.73%, 19, 2, 5, 83.37, 403834, 79
2078, 11, 2, 93, 1, 0, 31.73%, 19, 2, 5, 171.80, 404918, 79
2084, 11, 36, 93, 1, 0, 31.73%, 19, 2, 5, 31.09, 405849, 79
2089, 11, 2, 93, 1, 0, 31.73%, 19, 2, 5, 72.76, 406375, 79
2094, 11, 85, 93, 1, 0, 31.73%, 19, 2, 5, 243.13, 407131, 79
2099, 11, 2, 93, 1, 0, 31.73%, 19, 2, 5, 46.37, 407591, 79
2104, 11, 71, 93, 1, 0, 31.73%, 19, 2, 5, 54.17, 407837, 79
2109, 11, 71, 93, 1, 0, 31.73%, 19, 2, 5, 74.72, 408264, 79
2115, 11, 78, 93, 1, 0, 31.73%, 19, 2, 5, 22.93, 408442, 79
2120, 11, 71, 93, 1, 0, 31.73%, 19, 2, 5, 52.87, 408697, 79
2125, 11, 71, 93, 1, 0, 31.73%, 19, 2, 5, 73.96, 409113, 79
2130, 11, 36, 93, 1, 0, 31.73%, 19, 2, 5, 81.60, 409468, 79
2135, 11, 15, 93, 1, 0, 31.73%, 19, 2, 5, 42.56, 409760, 79
2140, 11, 43, 93, 1, 0, 31.73%, 19, 2, 5, 34.58, 410365, 79
2145, 11, 43, 93, 1, 0, 31.73%, 19, 2, 5, 114.85, 411045, 79
2150, 11, 36, 93, 1, 0, 31.73%, 19, 2, 5, 216.19, 411851, 79
2155, 11, 72, 93, 1, 0, 31.73%, 19, 2, 5, 192.11, 412857, 79
2160, 11, 21, 93, 1, 0, 31.73%, 19, 2, 5, 136.54, 413496, 79
2166, 11, 11, 93, 1, 0, 31.73%, 19, 2, 5, 81.68, 413897, 79
2171, 11, 72, 93, 1, 0, 31.73%, 19, 2, 5, 171.28, 414607, 79
2176, 11, 15, 93, 1, 0, 31.73%, 19, 2, 5, 72.34, 415347, 79
2181, 11, 44, 93, 1, 0, 31.73%, 19, 2, 5, 60.53, 415604, 79
2186, 11, 34, 93, 1, 0, 31.73%, 19, 2, 5, 116.91, 416240, 79
2191, 12, 15, 93, 1, 0, 31.73%, 19, 2, 5, 110.43, 416944, 79
2196, 12, 61, 93, 1, 0, 31.73%, 19, 2, 5, 43.80, 417704, 79
2201, 12, 34, 93, 1, 0, 31.73%, 19, 2, 5, 124.50, 418500, 79
2207, 12, 36, 93, 1, 0, 31.73%, 19, 2, 5, 133.35, 419170, 79
2212, 12, 61, 93, 1, 0, 31.73%, 19, 2, 5, 149.38, 419977, 79
2217, 12, 43, 93, 1, 0, 31.73%, 19, 2, 5, 182.07, 420986, 79
2222, 12, 43, 93, 1, 0, 31.73%, 19, 2, 5, 131.45, 421601, 79
2227, 12, 90, 93, 1, 0, 31.73%, 19, 2, 5, 45.34, 421829, 79
2232, 12, 74, 93, 1, 0, 31.73%, 19, 2, 5, 47.21, 422050, 79
2237, 12, 2, 93, 1, 0, 31.73%, 19, 2, 5, 84.04, 422539, 79
2243, 12, 2, 93, 1, 0, 31.73%, 19, 2, 5, 27.03, 423205, 79
2247, 12, 51, 93, 1, 0, 31.73%, 19, 2, 5, 102.35, 423607, 79
2253, 12, 61, 93, 1, 0, 31.73%, 19, 2, 5, 37.00, 424511, 79
2258, 12, 15, 93, 1, 0, 31.73%, 19, 2, 5, 72.38, 424900, 79
2263, 12, 6, 93, 1, 0, 31.73%, 19, 2, 5, 182.86, 425640, 79
2268, 12, 75, 93, 1, 0, 31.73%, 19, 2, 5, 173.55, 426409, 79
2273, 12, 71, 93, 1, 0, 31.73%, 19, 2, 5, 230.98, 427546, 79
2278, 12, 70, 93, 1, 0, 31.73%, 19, 2, 5, 131.61, 428573, 79
2283, 12, 72, 93, 1, 0, 31.73%, 19, 2, 5, 190.65, 429398, 79
2288, 12, 70, 93, 1, 0, 31.73%, 19, 2, 5, 182.73, 430353, 79
2293, 12, 6, 93, 1, 0, 31.73%, 19, 2, 5, 232.48, 431038, 79
2298, 12, 71, 93, 1, 0, 31.73%, 19, 2, 5, 166.52, 431809, 79
2303, 12, 22, 93, 1, 0, 31.73%, 19, 2, 5, 149.91, 432357, 79
2308, 12, 43, 93, 1, 0, 31.73%, 19, 2, 5, 109.23, 432899, 79
2314, 12, 6, 93, 1, 0, 31.73%, 19, 2, 5, 86.97, 433788, 79
2319, 12, 57, 93, 1, 0, 31.73%, 19, 2, 5, 177.49, 434844, 79
2324, 12, 34, 93, 1, 0, 31.73%, 19, 2, 5, 18.63, 435520, 79
2329, 12, 6, 93, 1, 0, 31.73%, 19, 2, 5, 169.79, 436295, 79
2334, 12, 57, 93, 1, 0, 31.73%, 19, 2, 5, 149.31, 437027, 79
2339, 12, 3, 93, 1, 0, 31.73%, 19, 2, 5, 20.69, 437667, 79
2344, 12, 3, 93, 1, 0, 31.73%, 19, 2, 5, 269.24, 438383, 79
2349, 12, 6, 93, 1, 0, 31.73%, 19, 2, 5, 125.28, 439105, 79
2354, 12, 2, 93, 1, 0, 31.73%, 19, 2, 5, 150.58, 439849, 79
2359, 12, 3, 93, 1, 0, 31.73%, 19, 2, 5, 133.97, 440477, 79
2364, 12, 15, 93, 1, 0, 31.73%, 19, 2, 5, 22.30, 441126, 79
2369, 12, 44, 93, 1, 0, 31.73%, 19, 2, 5, 86.68, 441755, 79
2375, 12, 61, 93, 1, 0, 31.73%, 19, 2, 5, 145.79, 442531, 79
2380, 12, 43, 93, 1, 0, 31.73%, 19, 2, 5, 146.48, 443193, 79
2385, 12, 12, 93, 1, 0, 31.73%, 19, 2, 5, 194.20, 444087, 79
2390, 12, 61, 93, 1, 0, 31.73%, 19, 2, 5, 306.98, 445085, 79
2395, 12, 71, 93, 1, 0, 31.73%, 19, 2, 5, 165.97, 445786, 79
2400, 12, 71, 93, 1, 0, 31.73%, 19, 2, 5, 155.40, 446524, 79
2405, 12, 43, 93, 1, 0, 31.73%, 19, 2, 5, 141.88, 447191, 79
2411, 12, 57, 93, 1, 0, 31.73%, 19, 2, 5, 163.29, 447879, 79
2416, 12, 2, 93, 1, 0, 31.73%, 19, 2, 5, 309.86, 448687, 79
2421, 12, 70, 93, 1, 0, 31.73%, 19, 2, 5, 399.31, 449185, 79
2426, 12, 3, 93, 1, 0, 31.73%, 19, 2, 5, 108.04, 449775, 79
2431, 12, 53, 93, 1, 0, 31.73%, 19, 2, 5, 69.60, 450261, 79
2436, 13, 52, 93, 1, 0, 31.73%, 19, 2, 5, 142.99, 451003, 79
2442, 13, 74, 93, 1, 0, 31.73%, 19, 2, 5, 113.29, 451523, 79
2447, 13, 15, 93, 1, 0, 31.73%, 19, 2, 5, 105.83, 451901, 79
2452, 13, 3, 93, 1, 0, 31.73%, 19, 2, 5, 132.61, 452683, 79
2457, 13, 52, 93, 1, 0, 31.73%, 19, 2, 5, 121.19, 453307, 79
2462, 13, 39, 93, 1, 0, 31.73%, 19, 2, 5, 194.76, 453789, 79
2467, 13, 3, 93, 1, 0, 31.73%, 19, 2, 5, 139.03, 454409, 79
2472, 13, 36, 93, 1, 0, 31.73%, 19, 2, 5, 109.18, 454909, 79
2477, 13, 36, 93, 1, 0, 31.73%, 19, 2, 5, 26.86, 455350, 79
2482, 13, 46, 93, 1, 0, 31.73%, 19, 2, 5, 64.70, 455967, 79
2487, 13, 13, 93, 1, 0, 31.73%, 19, 2, 5, 119.58, 456637, 79
2493, 13, 43, 93, 1, 0, 31.73%, 19, 2, 5, 18.16, 457554, 79
2498, 13, 43, 93, 1, 0, 31.73%, 19, 2, 5, 157.94, 458386, 79
2503, 13, 67, 93, 1, 0, 31.73%, 19, 2, 5, 74.58, 458863, 79
2508, 13, 44, 93, 1, 0, 31.73%, 19, 2, 5, 41.02, 459776, 79
2513, 13, 20, 93, 1, 0, 31.73%, 19, 2, 5, 151.01, 460417, 79
2518, 13, 3, 93, 1, 0, 31.73%, 19, 2, 5, 179.87, 461224, 79
2523, 13, 82, 93, 1, 0, 31.73%, 19, 2, 5, 76.60, 461780, 79
2528, 13, 15, 93, 1, 0, 31.73%, 19, 2, 5, 79.55, 462174, 79
2534, 13, 84, 93, 1, 0, 31.73%, 19, 2, 5, 138.09, 462752, 79
2539, 13, 3, 93, 1, 0, 31.73%, 19, 2, 5, 223.04, 463452, 79
2544, 13, 0, 93, 1, 0, 31.73%, 19, 2, 5, 164.40, 464211, 79
2549, 13, 0, 93, 1, 0, 31.73%, 19, 2, 5, 18.36, 464468, 79
2554, 13, 30, 93, 1, 0, 31.73%, 19, 2, 5, 79.12, 464786, 79
2559, 13, 4, 93, 1, 0, 31.73%, 19, 2, 5, 130.34, 465298, 79
2564, 13, 6, 93, 1, 0, 31.73%, 19, 2, 5, 247.52, 466093, 79
2570, 13, 36, 93, 1, 0, 31.73%, 19, 2, 5, 59.14, 466541, 79
2575, 13, 2, 93, 1, 0, 31.73%, 19, 2, 5, 113.45, 467174, 79
2580, 13, 43, 93, 1, 0, 31.73%, 19, 2, 5, 192.73, 467605, 79
2585, 13, 81, 93, 1, 0, 31.73%, 19, 2, 5, 22.08, 468007, 79
2590, 13, 72, 93, 1, 0, 31.73%, 19, 2, 5, 19.35, 468557, 79
2595, 13, 70, 93, 1, 0, 31.73%, 19, 2, 5, 62.94, 469130, 79
2601, 13, 15, 93, 1, 0, 31.73%, 19, 2, 5, 112.39, 469766, 79
2606, 13, 36, 93, 1, 0, 31.73%, 19, 2, 5, 48.45, 470351, 79
2611, 13, 57, 93, 1, 0, 31.73%, 19, 2, 5, 89.61, 470865, 79
2616, 13, 6, 93, 1, 0, 31.73%, 19, 2, 5, 157.03, 471766, 79
2621, 13, 44, 93, 1, 0, 31.73%, 19, 2, 5, 56.40, 472259, 79
2626, 13, 70, 93, 1, 0, 31.73%, 19, 2, 5, 50.93, 472680, 79
2631, 13, 2, 93, 1, 0, 31.73%, 19, 2, 5, 92.61, 473317, 79
2636, 13, 18, 93, 1, 0, 31.73%, 19, 2, 5, 97.25, 473840, 79
2642, 13, 57, 93, 1, 0, 31.73%, 19, 2, 5, 95.94, 474280, 79
2647, 13, 57, 93, 1, 0, 31.73%, 19, 2, 5, 174.27, 475117, 79
2652, 13, 15, 93, 1, 0, 31.73%, 19, 2, 5, 175.73, 475883, 79
2657, 13, 44, 93, 1, 0, 31.73%, 19, 2, 5, 16.48, 476509, 79
2662, 13, 43, 93, 1, 0, 31.73%, 19, 2, 5, 75.26, 477340, 79
2667, 13, 75, 93, 1, 0, 31.73%, 19, 2, 5, 125.81, 478028, 79
2672, 13, 70, 93, 1, 0, 31.73%, 19, 2, 5, 144.66, 478555, 79
2677, 13, 57, 93, 1, 0, 31.73%, 19, 2, 5, 103.14, 479225, 79
2682, 13, 44, 93, 1, 0, 31.73%, 19, 2, 5, 109.49, 479897, 79
2687, 13, 36, 93, 1, 0, 31.73%, 19, 2, 5, 80.27, 480246, 79
2693, 13, 31, 93, 1, 0, 31.73%, 19, 2, 5, 27.71, 480806, 79
2698, 13, 6, 93, 1, 0, 31.73%, 19, 2, 5, 75.23, 481215, 79
2703, 13, 61, 93, 1, 0, 31.73%, 19, 2, 5, 14.72, 481736, 79
2708, 13, 2, 93, 1, 0, 31.73%, 19, 2, 5, 148.02, 482163, 79
2713, 13, 57, 93, 1, 0, 31.73%, 19, 2, 5, 90.86, 482576, 79
2718, 13, 36, 93, 1, 0, 31.73%, 19, 2, 5, 133.62, 483279, 79
2723, 13, 3, 93, 1, 0, 31.73%, 19, 2, 5, 16.13, 483869, 79
2728, 13, 30, 93, 1, 0, 31.73%, 19, 2, 5, 63.49, 484437, 79
2733, 13, 6, 93, 1, 0, 31.73%, 19, 2, 5, 129.20, 485129, 79
2738, 14, 91, 93, 1, 0, 31.73%, 19, 2, 5, 14.87, 485753, 79
2744, 14, 61, 93, 1, 0, 31.73%, 19, 2, 5, 178.32, 486132, 79
2749, 14, 36, 93, 1, 0, 31.73%, 19, 2, 5, 28.96, 486830, 79
2754, 14, 72, 93, 1, 0, 31.73%, 19, 2, 5, 68.20, 487217, 79
2759, 14, 36, 93, 1, 0, 31.73%, 19, 2, 5, 88.35, 487763, 79
2764, 14, 43, 93, 1, 0, 31.73%, 19, 2, 5, 101.43, 488159, 79
2769, 14, 71, 93, 1, 0, 31.73%, 19, 2, 5, 101.37, 488697, 79
2774, 14, 70, 93, 1, 0, 31.73%, 19, 2, 5, 109.42, 489260, 79
2779, 14, 36, 93, 1, 0, 31.73%, 19, 2, 5, 109.70, 489768, 79
2784, 14, 15, 93, 1, 0, 31.73%, 19, 2, 5, 97.55, 490166, 79
2789, 14, 2, 93, 1, 0, 31.73%, 19, 2, 5, 133.41, 490594, 79
2795, 14, 36, 93, 1, 0, 31.73%, 19, 2, 5, 97.02, 491078, 79
2800, 14, 2, 93, 1, 0, 31.73%, 19, 2, 5, 22.83, 491558, 79
2805, 14, 66, 93, 1, 0, 31.73%, 19, 2, 5, 15.80, 491879, 79
2810, 14, 15, 93, 1, 0, 31.73%, 19, 2, 5, 98.08, 492260, 79
2815, 14, 72, 93, 1, 0, 31.73%, 19, 2, 5, 116.74, 492712, 79
2820, 14, 44, 93, 1, 0, 31.73%, 19, 2, 5, 99.30, 493228, 79
2825, 14, 6, 93, 1, 0, 31.73%, 19, 2, 5, 180.22, 493572, 79
2830, 14, 3, 93, 1, 0, 31.73%, 19, 2, 5, 102.81, 494220, 79
2836, 14, 3, 93, 1, 0, 31.73%, 19, 2, 5, 29.82, 494615, 79
2841, 14, 55, 93, 1, 0, 31.73%, 19, 2, 5, 92.45, 494991, 79
2846, 14, 0, 93, 1, 0, 31.73%, 19, 2, 5, 86.55, 495340, 79
2851, 14, 3, 93, 1, 0, 31.73%, 19, 2, 5, 81.27, 495660, 79
2856, 14, 3, 93, 1, 0, 31.73%, 19, 2, 5, 100.89, 496260, 79
2861, 14, 2, 93, 1, 0, 31.73%, 19, 2, 5, 148.11, 497014, 79
2866, 14, 2, 93, 1, 0, 31.73%, 19, 2, 5, 53.51, 497366, 79
2871, 14, 43, 93, 1, 0, 31.73%, 19, 2, 5, 36.14, 498249, 79
2877, 14, 61, 93, 1, 0, 31.73%, 19, 2, 5, 123.77, 498638, 79
2882, 14, 6, 93, 1, 0, 31.73%, 19, 2, 5, 266.50, 499443, 79
2887, 14, 71, 93, 1, 0, 31.73%, 19, 2, 5, 198.52, 500285, 79
2892, 14, 38, 93, 1, 0, 31.73%, 19, 2, 5, 15.69, 500965, 79
2897, 14, 6, 93, 1, 0, 31.73%, 19, 2, 5, 247.27, 501703, 79
2902, 14, 36, 93, 1, 0, 31.73%, 19, 2, 5, 62.94, 502477, 79
2907, 14, 15, 93, 1, 0, 31.73%, 19, 2, 5, 119.78, 502833, 79
2913, 14, 34, 93, 1, 0, 31.73%, 19, 2, 5, 185.21, 503840, 79
2918, 14, 57, 93, 1, 0, 31.73%, 19, 2, 5, 25.74, 504537, 79
2923, 14, 71, 93, 1, 0, 31.73%, 19, 2, 5, 37.58, 505137, 79
2928, 14, 2, 93, 1, 0, 31.73%, 19, 2, 5, 10.79, 505713, 79
2933, 14, 44, 93, 1, 0, 31.73%, 19, 2, 5, 135.00, 506178, 79
2938, 14, 43, 93, 1, 0, 31.73%, 19, 2, 5, 55.90, 506541, 79
2943, 14, 15, 93, 1, 0, 31.73%, 19, 2, 5, 84.61, 506990, 79
2949, 14, 36, 93, 1, 0, 31.73%, 19, 2, 5, 26.44, 507870, 79
2954, 14, 6, 93, 1, 0, 31.73%, 19, 2, 5, 154.29, 508663, 79
2959, 14, 61, 93, 1, 0, 31.73%, 19, 2, 5, 65.21, 509337, 79
2964, 14, 69, 93, 1, 0, 31.73%, 19, 2, 5, 162.17, 509829, 79
2969, 14, 57, 93, 1, 0, 31.73%, 19, 2, 5, 94.48, 510354, 79
2974, 14, 2, 93, 1, 0, 31.73%, 19, 2, 5, 107.33, 510825, 79
2979, 14, 71, 93, 1, 0, 31.73%, 19, 2, 5, 31.92, 511355, 79
2984, 14, 34, 93, 1, 0, 31.73%, 19, 2, 5, 84.23, 511864, 79
2989, 14, 29, 93, 1, 0, 31.73%, 19, 2, 5, 124.38, 512408, 79
2995, 14, 15, 93, 1, 0, 31.73%, 19, 2, 5, 65.47, 512799, 79
3000, 14, 57, 93, 1, 0, 31.73%, 19, 2, 5, 118.57, 513154, 79
3005, 14, 66, 93, 1, 0, 31.73%, 19, 2, 5, 25.42, 513614, 79
3010, 14, 44, 93, 1, 0, 31.73%, 19, 2, 5, 58.48, 513926, 79
3015, 14, 72, 93, 1, 0, 31.73%, 19, 2, 5, 367.41, 514421, 79
3020, 14, 71, 93, 1, 0, 31.73%, 19, 2, 5, 66.48, 515579, 79
3026, 14, 2, 93, 1, 0, 31.73%, 19, 2, 5, 24.42, 516288, 79
3031, 14, 82, 93, 1, 0, 31.73%, 19, 2, 5, 69.07, 516913, 79
3036, 14, 34, 93, 1, 0, 31.73%, 19, 2, 5, 40.91, 517253, 79
3041, 14, 57, 93, 1, 0, 31.73%, 19, 2, 5, 54.40, 517761, 79
3046, 14, 71, 93, 1, 0, 31.73%, 19, 2, 5, 133.42, 518305, 79
3051, 14, 61, 93, 1, 0, 31.73%, 19, 2, 5, 29.61, 518651, 79
3056, 14, 73, 93, 1, 0, 31.73%, 19, 2, 5, 217.39, 519154, 79
3061, 14, 6, 93, 1, 0, 31.73%, 19, 2, 5, 209.01, 520200, 79
3066, 14, 2, 93, 1, 0, 31.73%, 19, 2, 5, 192.60, 521097, 79
3072, 15, 2, 93, 1, 0, 31.73%, 19, 2, 5, 73.29, 521819, 79
3077, 15, 15, 93, 1, 0, 31.73%, 19, 2, 5, 70.08, 522346, 79
3082, 15, 6, 93, 1, 0, 31.73%, 19, 2, 5, 37.89, 522929, 79
3087, 15, 71, 93, 1, 0, 31.73%, 19, 2, 5, 119.61, 523687, 79
3092, 15, 36, 93, 1, 0, 31.73%, 19, 2, 5, 27.65, 524203, 79
3097, 15, 72, 93, 1, 0, 31.73%, 19, 2, 5, 132.35, 524585, 79
3102, 15, 36, 93, 1, 0, 31.73%, 19, 2, 5, 68.63, 524883, 79
3107, 15, 61, 93, 1, 0, 31.73%, 19, 2, 5, 185.07, 525335, 79
3112, 15, 70, 93, 1, 0, 31.73%, 19, 2, 5, 202.06, 525735, 79
3118, 15, 36, 93, 1, 0, 31.73%, 19, 2, 5, 40.53, 526185, 79
3123, 15, 57, 93, 1, 0, 31.73%, 19, 2, 5, 144.86, 526608, 79
3128, 15, 2, 93, 1, 0, 31.73%, 19, 2, 5, 93.39, 527234, 79
3133, 15, 2, 93, 1, 0, 31.73%, 19, 2, 5, 9.01, 527639, 79
3138, 15, 3, 93, 1, 0, 31.73%, 19, 2, 5, 63.48, 527969, 79
3143, 15, 3, 93, 1, 0, 31.73%, 19, 2, 5, 115.22, 528565, 79
3148, 15, 34, 93, 1, 0, 31.73%, 19, 2, 5, 176.25, 529479, 79
3153, 15, 57, 93, 1, 0, 31.73%, 19, 2, 5, 41.75, 529957, 79
3158, 15, 72, 93, 1, 0, 31.73%, 19, 2, 5, 99.15, 530770, 79
3163, 15, 61, 93, 1, 0, 31.73%, 19, 2, 5, 194.45, 531590, 79
3168, 15, 71, 93, 1, 0, 31.73%, 19, 2, 5, 68.97, 532401, 79
3173, 15, 61, 93, 1, 0, 31.73%, 19, 2, 5, 8.72, 532739, 79
3179, 15, 91, 93, 1, 0, 31.73%, 19, 2, 5, 38.83, 533032, 79
3184, 15, 15, 93, 1, 0, 31.73%, 19, 2, 5, 58.55, 533359, 79
3189, 15, 57, 93, 1, 0, 31.73%, 19, 2, 5, 74.65, 533724, 79
3194, 15, 2, 93, 1, 0, 31.73%, 19, 2, 5, 315.79, 534388, 79
3199, 15, 61, 93, 1, 0, 31.73%, 19, 2, 5, 68.44, 534928, 79
3204, 15, 49, 93, 1, 0, 31.73%, 19, 2, 5, 137.21, 535320, 79
3209, 15, 2, 93, 1, 0, 31.73%, 19, 2, 5, 98.32, 535768, 79
3214, 15, 71, 93, 1, 0, 31.73%, 19, 2, 5, 215.17, 536451, 79
3220, 15, 57, 93, 1, 0, 31.73%, 19, 2, 5, 56.11, 536929, 79
3225, 15, 43, 93, 1, 0, 31.73%, 19, 2, 5, 111.41, 537449, 79
3230, 15, 43, 93, 1, 0, 31.73%, 19, 2, 5, 122.29, 538013, 79
3235, 15, 44, 93, 1, 0, 31.73%, 19, 2, 5, 121.36, 539016, 79
3240, 15, 43, 93, 1, 0, 31.73%, 19, 2, 5, 14.72, 539719, 79
3245, 15, 43, 93, 1, 0, 31.73%, 19, 2, 5, 147.84, 540470, 79
3250, 15, 3, 93, 1, 0, 31.73%, 19, 2, 5, 50.83, 541020, 79
3255, 15, 25, 93, 1, 0, 31.73%, 19, 2, 5, 16.04, 541548, 79
3261, 15, 15, 93, 1, 0, 31.73%, 19, 2, 5, 57.42, 541919, 79
3266, 15, 43, 93, 1, 0, 31.73%, 19, 2, 5, 100.84, 542455, 79
3271, 15, 71, 93, 1, 0, 31.73%, 19, 2, 5, 131.28, 543128, 79
3276, 15, 72, 93, 1, 0, 31.73%, 19, 2, 5, 177.25, 543672, 79
3281, 15, 6, 93, 1, 0, 31.73%, 19, 2, 5, 160.98, 544464, 79
3286, 15, 57, 93, 1, 0, 31.73%, 19, 2, 5, 32.10, 545372, 79
3291, 15, 34, 93, 1, 0, 31.73%, 19, 2, 5, 177.37, 545996, 79
3296, 15, 54, 93, 1, 0, 31.73%, 19, 2, 5, 57.85, 546421, 79
3301, 15, 15, 93, 1, 0, 31.73%, 19, 2, 5, 145.77, 547245, 79
3307, 15, 6, 93, 1, 0, 31.73%, 19, 2, 5, 250.18, 548074, 79
3312, 15, 3, 93, 1, 0, 31.73%, 19, 2, 5, 32.92, 548975, 79
3317, 15, 36, 93, 1, 0, 31.73%, 19, 2, 5, 104.97, 549500, 79
3322, 15, 2, 93, 1, 0, 31.73%, 19, 2, 5, 119.20, 550066, 79
3327, 15, 70, 93, 1, 0, 31.73%, 19, 2, 5, 342.04, 551913, 79
3332, 15, 60, 93, 1, 0, 31.73%, 19, 2, 5, 98.14, 554698, 79
3337, 16, 3, 93, 1, 0, 31.73%, 19, 2, 5, 542.69, 557395, 79
3342, 16, 66, 93, 1, 0, 31.73%, 19, 2, 5, 76.32, 560328, 79
3347, 16, 2, 93, 1, 0, 31.73%, 19, 2, 5, 685.90, 563133, 79
3352, 16, 44, 93, 1, 0, 31.73%, 19, 2, 5, 595.66, 565876, 79
3358, 16, 2, 93, 1, 0, 31.73%, 19, 2, 5, 63.66, 568848, 79
3363, 16, 34, 93, 1, 0, 31.73%, 19, 2, 5, 459.82, 571153, 79
3368, 16, 2, 93, 1, 0, 31.73%, 19, 2, 5, 477.30, 573567, 79
3373, 16, 13, 93, 1, 0, 31.73%, 19, 2, 5, 516.10, 576135, 79
3378, 16, 44, 93, 1, 0, 31.73%, 19, 2, 5, 421.98, 578147, 79
3383, 16, 3, 93, 1, 0, 31.73%, 19, 2, 5, 459.77, 580561, 79
3388, 16, 28, 93, 1, 0, 31.73%, 19, 2, 5, 650.41, 583287, 79
3394, 16, 36, 93, 1, 0, 31.73%, 19, 2, 5, 585.32, 585655, 79
3399, 16, 36, 93, 1, 0, 31.73%, 19, 2, 5, 478.56, 587943, 79
3404, 16, 44, 93, 1, 0, 31.73%, 19, 2, 5, 476.58, 590191, 79
3409, 17, 43, 93, 1, 0, 31.73%, 19, 2, 5, 446.80, 592326, 79
3414, 17, 3, 93, 1, 0, 31.73%, 19, 2, 5, 456.89, 594622, 79
3419, 17, 71, 93, 1, 0, 31.73%, 19, 2, 5, 735.17, 597663, 79
3424, 17, 71, 93, 1, 0, 31.73%, 19, 2, 5, 541.72, 599947, 79
3429, 17, 57, 93, 1, 0, 31.73%, 19, 2, 5, 206.62, 601591, 79
3434, 17, 71, 93, 1, 0, 31.73%, 19, 2, 5, 410.00, 603844, 79
3439, 17, 36, 93, 1, 0, 31.73%, 19, 2, 5, 544.46, 606326, 79
3444, 17, 47, 93, 1, 0, 31.73%, 19, 2, 5, 321.38, 608191, 79
3450, 17, 44, 93, 1, 0, 31.73%, 19, 2, 5, 446.31, 610466, 79
3455, 17, 43, 93, 1, 0, 31.73%, 19, 2, 5, 477.53, 612972, 79
3460, 17, 25, 93, 1, 0, 31.73%, 19, 2, 5, 492.25, 615326, 79
3465, 17, 7, 93, 1, 0, 31.73%, 19, 2, 5, 355.76, 617424, 79
3470, 17, 36, 93, 1, 0, 31.73%, 19, 2, 5, 416.69, 619611, 79
3475, 17, 34, 93, 1, 0, 31.73%, 19, 2, 5, 348.10, 621245, 79
3480, 17, 3, 93, 1, 0, 31.73%, 19, 2, 5, 416.80, 623405, 79
3485, 18, 6, 93, 1, 0, 31.73%, 19, 2, 5, 428.67, 625585, 79
3490, 18, 2, 93, 1, 0, 31.73%, 19, 2, 5, 440.09, 627708, 79
3496, 18, 5, 93, 1, 0, 31.73%, 19, 2, 5, 469.37, 629369, 79
3501, 18, 3, 93, 1, 0, 31.73%, 19, 2, 5, 362.31, 631073, 79
3506, 18, 13, 93, 1, 0, 31.73%, 19, 2, 5, 378.28, 632987, 79
3511, 18, 3, 93, 1, 0, 31.73%, 19, 2, 5, 336.34, 634697, 79
3516, 18, 15, 93, 1, 0, 31.73%, 19, 2, 5, 316.79, 636482, 79
3521, 18, 44, 93, 1, 0, 31.73%, 19, 2, 5, 289.07, 637863, 79
3526, 18, 47, 93, 1, 0, 31.73%, 19, 2, 5, 131.57, 639662, 79
3531, 18, 61, 93, 1, 0, 31.73%, 19, 2, 5, 269.26, 641199, 79
3537, 18, 15, 93, 1, 0, 31.73%, 19, 2, 5, 305.53, 642820, 79
3542, 18, 83, 93, 1, 0, 31.73%, 19, 2, 5, 748.32, 645404, 79
3547, 18, 15, 93, 1, 0, 31.73%, 19, 2, 5, 435.94, 647136, 79
3552, 18, 2, 93, 1, 0, 31.73%, 19, 2, 5, 349.83, 648662, 79
3557, 18, 88, 93, 1, 0, 31.73%, 19, 2, 5, 391.36, 650530, 79
3562, 18, 57, 93, 1, 0, 31.73%, 19, 2, 5, 344.20, 652630, 79
3567, 18, 44, 93, 1, 0, 31.73%, 19, 2, 5, 119.06, 654323, 79
3573, 18, 57, 93, 1, 0, 31.73%, 19, 2, 5, 302.15, 656086, 79
3578, 18, 61, 93, 1, 0, 31.73%, 19, 2, 5, 490.04, 658487, 79
3583, 18, 3, 93, 1, 0, 31.73%, 19, 2, 5, 499.22, 660196, 79
3588, 18, 70, 93, 1, 0, 31.73%, 19, 2, 5, 507.44, 661561, 79
3593, 19, 43, 93, 1, 0, 31.73%, 19, 2, 5, 202.56, 663097, 79
3598, 19, 6, 93, 1, 0, 31.73%, 19, 2, 5, 272.76, 664476, 79
3603, 19, 44, 93, 1, 0, 31.73%, 19, 2, 5, 385.79, 665900, 79
3608, 19, 3, 93, 1, 0, 31.73%, 19, 2, 5, 417.94, 667558, 79
3613, 19, 70, 93, 1, 0, 31.73%, 19, 2, 5, 219.52, 669160, 79
3618, 19, 88, 93, 1, 0, 31.73%, 19, 2, 5, 365.34, 670633, 79
3624, 19, 36, 93, 1, 0, 31.73%, 19, 2, 5, 355.32, 672343, 79
3629, 19, 36, 93, 1, 0, 31.73%, 19, 2, 5, 331.67, 674020, 79
3634, 19, 72, 93, 1, 0, 31.73%, 19, 2, 5, 304.75, 675507, 79
3639, 19, 72, 93, 1, 0, 31.73%, 19, 2, 5, 368.95, 676990, 79
3644, 19, 36, 93, 1, 0, 31.73%, 19, 2, 5, 295.44, 678239, 79
3649, 19, 18, 93, 1, 0, 31.73%, 19, 2, 5, 370.84, 679790, 79
3654, 19, 34, 93, 1, 0, 31.73%, 19, 2, 5, 303.31, 681287, 79
3659, 19, 44, 93, 1, 0, 31.73%, 19, 2, 5, 233.14, 682499, 79
3664, 19, 92, 93, 1, 0, 31.73%, 19, 2, 5, 246.70, 683821, 79
3669, 19, 24, 93, 1, 0, 31.73%, 19, 2, 5, 306.63, 685322, 79
3675, 19, 3, 93, 1, 0, 31.73%, 19, 2, 5, 512.30, 687221, 79
3680, 19, 77, 93, 1, 0, 31.73%, 19, 2, 5, 440.51, 689293, 79
3685, 19, 34, 93, 1, 0, 31.73%, 19, 2, 5, 342.68, 690948, 79
3690, 19, 72, 93, 1, 0, 31.73%, 19, 2, 5, 354.04, 692722, 79
3695, 19, 36, 93, 1, 0, 31.73%, 19, 2, 5, 263.79, 693919, 79
3700, 19, 34, 93, 1, 0, 31.73%, 19, 2, 5, 276.10, 695398, 79
3705, 20, 36, 93, 1, 0, 31.73%, 19, 2, 5, 260.36, 696593, 79
3710, 20, 57, 93, 1, 0, 31.73%, 19, 2, 5, 270.55, 697945, 79
3716, 20, 3, 93, 1, 0, 31.73%, 19, 2, 5, 311.33, 699576, 79
3721, 20, 61, 93, 1, 0, 31.73%, 19, 2, 5, 419.71, 701489, 79
3726, 20, 71, 93, 1, 0, 31.73%, 19, 2, 5, 421.60, 703453, 79
3731, 20, 36, 93, 1, 0, 31.73%, 19, 2, 5, 527.20, 705996, 79
3736, 20, 11, 93, 1, 0, 31.73%, 19, 2, 5, 126.20, 707594, 79
3741, 20, 70, 93, 1, 0, 31.73%, 19, 2, 5, 88.64, 708752, 79
3746, 20, 36, 93, 1, 0, 31.73%, 19, 2, 5, 98.03, 710565, 79
3751, 20, 3, 93, 1, 0, 31.73%, 19, 2, 5, 133.73, 712280, 79
3756, 20, 21, 93, 1, 0, 31.73%, 19, 2, 5, 165.05, 712786, 79
3761, 20, 47, 93, 1, 0, 31.73%, 19, 2, 5, 269.22, 714114, 79
3767, 20, 84, 93, 1, 0, 31.73%, 19, 2, 5, 100.72, 715311, 79
3772, 20, 7, 93, 1, 0, 31.73%, 19, 2, 5, 175.44, 715730, 79
3777, 20, 72, 93, 1, 0, 31.73%, 19, 2, 5, 113.95, 716877, 79
3782, 20, 72, 93, 1, 0, 31.73%, 19, 2, 5, 43.67, 718347, 79
3787, 20, 20, 93, 1, 0, 31.73%, 19, 2, 5, 63.58, 719729, 79
3792, 20, 6, 93, 1, 0, 31.73%, 19, 2, 5, 8.96, 721408, 79
3797, 20, 34, 93, 1, 0, 31.73%, 19, 2, 5, 129.43, 722523, 79
3802, 20, 71, 93, 1, 0, 31.73%, 19, 2, 5, 110.37, 723886, 79
3808, 20, 65, 93, 1, 0, 31.73%, 19, 2, 5, 120.37, 725216, 79
3813, 20, 57, 93, 1, 0, 31.73%, 19, 2, 5, 9.69, 726707, 79
3818, 20, 6, 93, 1, 0, 31.73%, 19, 2, 5, 363.48, 728108, 79
3823, 20, 18, 93, 1, 0, 31.73%, 19, 2, 5, 35.30, 728493, 79
3829, 20, 44, 93, 1, 0, 31.73%, 19, 2, 5, 0.83, 729753, 79
3834, 20, 2, 93, 1, 0, 31.73%, 19, 2, 5, 354.69, 730945, 79
3839, 20, 15, 93, 1, 0, 31.73%, 19, 2, 5, 4.29, 731235, 79
3844, 20, 15, 93, 1, 0, 31.73%, 19, 2, 5, 5.58, 731261, 79
3849, 20, 15, 93, 1, 0, 31.73%, 19, 2, 5, 5.83, 731286, 79
3855, 20, 3, 93, 1, 0, 31.73%, 19, 2, 5, 6.15, 731315, 79
3860, 20, 3, 93, 1, 0, 31.73%, 19, 2, 5, 8.05, 731354, 79
3866, 20, 3, 93, 1, 0, 31.73%, 19, 2, 5, 10.46, 731398, 79
3870, 20, 3, 93, 1, 0, 31.73%, 19, 2, 5, 9.06, 731437, 79
3875, 20, 3, 93, 1, 0, 31.73%, 19, 2, 5, 8.61, 731487, 79
3881, 21, 6, 93, 1, 0, 31.73%, 19, 2, 5, 417.89, 732689, 79
3886, 21, 70, 93, 1, 0, 31.73%, 19, 2, 5, 190.71, 733471, 79
3891, 21, 71, 93, 1, 0, 31.73%, 19, 2, 5, 9.56, 734514, 79
3896, 21, 25, 93, 1, 0, 31.73%, 19, 2, 5, 343.00, 735763, 79
3901, 21, 43, 93, 1, 0, 31.73%, 19, 2, 5, 400.01, 736866, 79
3906, 21, 43, 93, 1, 0, 31.73%, 19, 2, 5, 233.51, 737758, 79
3912, 21, 57, 93, 1, 0, 31.73%, 19, 2, 5, 354.72, 739002, 79
3917, 21, 57, 93, 1, 0, 31.73%, 19, 2, 5, 153.36, 739832, 79
3922, 21, 34, 93, 1, 0, 31.73%, 19, 2, 5, 469.26, 740701, 79
3927, 21, 61, 93, 1, 0, 31.73%, 19, 2, 5, 287.72, 741324, 79
3932, 21, 70, 93, 1, 0, 31.73%, 19, 2, 5, 9.05, 741776, 79
3937, 21, 73, 93, 1, 0, 31.73%, 19, 2, 5, 473.60, 743386, 79
3943, 21, 44, 93, 1, 0, 31.73%, 19, 2, 5, 386.25, 744342, 79
3948, 21, 57, 93, 1, 0, 31.73%, 19, 2, 5, 217.81, 745510, 79
3953, 21, 71, 93, 1, 0, 31.73%, 19, 2, 5, 481.16, 746331, 79
3958, 21, 36, 93, 1, 0, 31.73%, 19, 2, 5, 538.52, 747347, 79
3963, 21, 3, 93, 1, 0, 31.73%, 19, 2, 5, 236.31, 748247, 79
3968, 21, 71, 93, 1, 0, 31.73%, 19, 2, 5, 239.10, 748913, 79
3973, 21, 71, 93, 1, 0, 31.73%, 19, 2, 5, 338.31, 749134, 79
3979, 21, 36, 93, 1, 0, 31.73%, 19, 2, 5, 500.00, 749952, 79
3984, 21, 28, 93, 1, 0, 31.73%, 19, 2, 5, 240.68, 750626, 79
3989, 21, 6, 93, 1, 0, 31.73%, 19, 2, 5, 128.94, 750848, 79
3994, 21, 3, 93, 1, 0, 31.73%, 19, 2, 5, 473.60, 752043, 79
3999, 21, 1, 93, 1, 0, 31.73%, 19, 2, 5, 336.03, 752648, 79
4004, 21, 1, 93, 1, 0, 31.73%, 19, 2, 5, 1.77, 752744, 79
4009, 21, 81, 93, 1, 0, 31.73%, 19, 2, 5, 134.33, 753282, 79
4015, 21, 57, 93, 1, 0, 31.73%, 19, 2, 5, 17.49, 754368, 79
4020, 21, 43, 93, 1, 0, 31.73%, 19, 2, 5, 22.05, 754964, 79
4025, 21, 2, 93, 1, 0, 31.73%, 19, 2, 5, 4.30, 755349, 79
4030, 21, 71, 93, 1, 0, 31.73%, 19, 2, 5, 583.64, 756189, 79
4035, 21, 44, 93, 1, 0, 31.73%, 19, 2, 5, 19.95, 756674, 79
4041, 21, 44, 93, 1, 0, 31.73%, 19, 2, 5, 17.90, 757006, 79
4046, 21, 61, 93, 1, 0, 31.73%, 19, 2, 5, 18.06, 757412, 79
4051, 21, 15, 93, 1, 0, 31.73%, 19, 2, 5, 17.03, 757736, 79
4056, 21, 22, 93, 1, 0, 31.73%, 19, 2, 5, 21.02, 758070, 79
4061, 21, 71, 93, 1, 0, 31.73%, 19, 2, 5, 10.11, 758527, 79
4066, 21, 12, 93, 1, 0, 31.73%, 19, 2, 5, 2.16, 758951, 79
4072, 21, 27, 93, 1, 0, 31.73%, 19, 2, 5, 130.00, 759373, 79
4077, 21, 3, 93, 1, 0, 31.73%, 19, 2, 5, 18.42, 759747, 79
4082, 21, 44, 93, 1, 0, 31.73%, 19, 2, 5, 18.97, 760105, 79
4087, 21, 71, 93, 1, 0, 31.73%, 19, 2, 5, 18.72, 760475, 79
4092, 21, 21, 93, 1, 0, 31.73%, 19, 2, 5, 20.67, 760872, 79
4097, 21, 21, 93, 1, 0, 31.73%, 19, 2, 5, 20.23, 761028, 79
4102, 21, 57, 93, 1, 0, 31.73%, 19, 2, 5, 11.61, 761381, 79
4107, 21, 72, 93, 1, 0, 31.73%, 19, 2, 5, 17.62, 761748, 79
4113, 21, 44, 93, 1, 0, 31.73%, 19, 2, 5, 17.05, 762104, 79
4118, 21, 24, 93, 1, 0, 31.73%, 19, 2, 5, 23.62, 762371, 79
4123, 21, 5, 93, 1, 0, 31.73%, 19, 2, 5, 16.53, 762686, 79
4128, 21, 48, 93, 1, 0, 31.73%, 19, 2, 5, 15.66, 762928, 79
4133, 21, 6, 93, 1, 0, 31.73%, 19, 2, 5, 19.19, 763191, 79
4139, 21, 34, 93, 1, 0, 31.73%, 19, 2, 5, 20.96, 763644, 79
4144, 21, 3, 93, 1, 0, 31.73%, 19, 2, 5, 26.47, 763924, 79
4149, 21, 3, 93, 1, 0, 31.73%, 19, 2, 5, 2.09, 764182, 79
4154, 21, 61, 93, 1, 0, 31.73%, 19, 2, 5, 12.14, 764389, 79
4159, 21, 68, 93, 1, 0, 31.73%, 19, 2, 5, 13.49, 764628, 79
4164, 21, 71, 93, 1, 0, 31.73%, 19, 2, 5, 29.50, 764856, 79
4169, 21, 71, 93, 1, 0, 31.73%, 19, 2, 5, 20.18, 765101, 79
4175, 21, 71, 93, 1, 0, 31.73%, 19, 2, 5, 16.95, 765336, 79
4180, 21, 55, 93, 1, 0, 31.73%, 19, 2, 5, 18.60, 765586, 79
4185, 21, 43, 93, 1, 0, 31.73%, 19, 2, 5, 18.05, 765814, 79
4190, 21, 43, 93, 1, 0, 31.73%, 19, 2, 5, 17.44, 766038, 79
4195, 21, 70, 93, 1, 0, 31.73%, 19, 2, 5, 4.39, 766309, 79
4200, 21, 71, 93, 1, 0, 31.73%, 19, 2, 5, 18.65, 766503, 79
4206, 21, 71, 93, 1, 0, 31.73%, 19, 2, 5, 18.57, 766719, 79
4211, 21, 7, 93, 1, 0, 31.73%, 19, 2, 5, 76.66, 767052, 79
4216, 21, 7, 93, 1, 0, 31.73%, 19, 2, 5, 17.25, 767253, 79
4221, 21, 61, 93, 1, 0, 31.73%, 19, 2, 5, 22.38, 767497, 79
4226, 21, 61, 93, 1, 0, 31.73%, 19, 2, 5, 8.73, 767662, 79
4231, 21, 61, 93, 1, 0, 31.73%, 19, 2, 5, 18.16, 767808, 79
4236, 22, 3, 93, 1, 0, 31.73%, 19, 2, 5, 18.27, 767990, 79
4241, 22, 3, 93, 1, 0, 31.73%, 19, 2, 5, 18.52, 768137, 79
4246, 22, 3, 93, 1, 0, 31.73%, 19, 2, 5, 18.38, 768294, 79
4251, 22, 6, 93, 1, 0, 31.73%, 19, 2, 5, 19.09, 768436, 79
4257, 22, 6, 93, 1, 0, 31.73%, 19, 2, 5, 19.32, 768606, 79
4262, 22, 6, 93, 1, 0, 31.73%, 19, 2, 5, 13.66, 768759, 79
4267, 22, 70, 93, 1, 0, 31.73%, 19, 2, 5, 18.91, 768947, 79
4272, 22, 15, 93, 1, 0, 31.73%, 19, 2, 5, 18.49, 769121, 79
4277, 22, 15, 93, 1, 0, 31.73%, 19, 2, 5, 17.83, 769264, 79
4282, 22, 15, 93, 1, 0, 31.73%, 19, 2, 5, 10.00, 769520, 79
4287, 22, 15, 93, 1, 0, 31.73%, 19, 2, 5, 13.86, 769603, 79
4292, 22, 43, 93, 1, 0, 31.73%, 19, 2, 5, 1.89, 769728, 79
4297, 22, 43, 93, 1, 0, 31.73%, 19, 2, 5, 1.67, 769860, 79
4302, 22, 69, 93, 1, 0, 31.73%, 19, 2, 5, 2.29, 769952, 79
4307, 22, 69, 93, 1, 0, 31.73%, 19, 2, 5, 13.10, 770087, 79
4312, 22, 15, 93, 1, 0, 31.73%, 19, 2, 5, 3.43, 770214, 79
4317, 22, 15, 93, 1, 0, 31.73%, 19, 2, 5, 14.11, 770351, 79
4323, 22, 57, 93, 1, 0, 31.73%, 19, 2, 5, 33.41, 770541, 79
4328, 22, 57, 93, 1, 0, 31.73%, 19, 2, 5, 14.25, 770706, 79
4333, 22, 2, 93, 1, 0, 31.73%, 19, 2, 5, 19.05, 770904, 79
4338, 22, 2, 93, 1, 0, 31.73%, 19, 2, 5, 310.92, 771098, 79
4343, 22, 3, 93, 1, 0, 31.73%, 19, 2, 5, 15.55, 771234, 79
4348, 22, 3, 93, 1, 0, 31.73%, 19, 2, 5, 18.11, 771420, 79
4353, 22, 3, 93, 1, 0, 31.73%, 19, 2, 5, 17.98, 771580, 79
4358, 22, 6, 93, 1, 0, 31.73%, 19, 2, 5, 18.98, 771778, 79
4364, 22, 6, 93, 1, 0, 31.73%, 19, 2, 5, 10.47, 771912, 79
4369, 22, 72, 93, 1, 0, 31.73%, 19, 2, 5, 17.27, 772074, 79
4374, 22, 72, 93, 1, 0, 31.73%, 19, 2, 5, 2.28, 772242, 79
4379, 22, 72, 93, 1, 0, 31.73%, 19, 2, 5, 18.35, 772493, 79
4384, 22, 6, 93, 1, 0, 31.73%, 19, 2, 5, 8.87, 772658, 79
4389, 22, 6, 93, 1, 0, 31.73%, 19, 2, 5, 22.24, 772768, 79
4394, 22, 70, 93, 1, 0, 31.73%, 19, 2, 5, 24.64, 772957, 79
4399, 22, 57, 93, 1, 0, 31.73%, 19, 2, 5, 199.03, 773199, 79
4404, 22, 57, 93, 1, 0, 31.73%, 19, 2, 5, 14.64, 773275, 79
4410, 22, 57, 93, 1, 0, 31.73%, 19, 2, 5, 13.49, 773387, 79
4415, 22, 57, 93, 1, 0, 31.73%, 19, 2, 5, 12.33, 773524, 79
4420, 22, 71, 93, 1, 0, 31.73%, 19, 2, 5, 19.32, 773859, 79
4426, 22, 71, 93, 1, 0, 31.73%, 19, 2, 5, 229.73, 773990, 79
4431, 22, 71, 93, 1, 0, 31.73%, 19, 2, 5, 15.04, 774176, 79
4436, 22, 43, 93, 1, 0, 31.73%, 19, 2, 5, 14.15, 774330, 79
4441, 22, 61, 93, 1, 0, 31.73%, 19, 2, 5, 19.03, 774473, 79
4446, 22, 61, 93, 1, 0, 31.73%, 19, 2, 5, 18.25, 774597, 79
4451, 22, 61, 93, 1, 0, 31.73%, 19, 2, 5, 18.67, 774722, 79
4456, 22, 3, 93, 1, 0, 31.73%, 19, 2, 5, 16.09, 774898, 79
4461, 22, 3, 93, 1, 0, 31.73%, 19, 2, 5, 18.62, 775047, 79
4466, 22, 71, 93, 1, 0, 31.73%, 19, 2, 5, 19.91, 775186, 79
4471, 22, 71, 93, 1, 0, 31.73%, 19, 2, 5, 52.05, 775349, 79
4476, 22, 71, 93, 1, 0, 31.73%, 19, 2, 5, 8.68, 775526, 79
4482, 22, 71, 93, 1, 0, 31.73%, 19, 2, 5, 1.87, 775701, 79
4487, 22, 78, 93, 1, 0, 31.73%, 19, 2, 5, 2.71, 775781, 79
4492, 22, 78, 93, 1, 0, 31.73%, 19, 2, 5, 13.16, 775904, 79
4497, 22, 36, 93, 1, 0, 31.73%, 19, 2, 5, 21.45, 776047, 79
4502, 22, 36, 93, 1, 0, 31.73%, 19, 2, 5, 17.30, 776220, 79
4507, 22, 2, 93, 1, 0, 31.73%, 19, 2, 5, 10.28, 776372, 79
4513, 22, 2, 93, 1, 0, 31.73%, 19, 2, 5, 14.66, 776521, 79
4518, 22, 2, 93, 1, 0, 31.73%, 19, 2, 5, 235.00, 776692, 79
4523, 22, 66, 93, 1, 0, 31.73%, 19, 2, 5, 14.77, 776874, 79
4528, 22, 66, 93, 1, 0, 31.73%, 19, 2, 5, 20.49, 776996, 79
4533, 22, 72, 93, 1, 0, 31.73%, 19, 2, 5, 24.91, 777178, 79
4538, 22, 72, 93, 1, 0, 31.73%, 19, 2, 5, 19.44, 777362, 79
4544, 22, 15, 93, 1, 0, 31.73%, 19, 2, 5, 14.73, 777517, 79
4549, 22, 15, 93, 1, 0, 31.73%, 19, 2, 5, 13.49, 777671, 79
4554, 22, 72, 93, 1, 0, 31.73%, 19, 2, 5, 14.53, 777854, 79
4559, 22, 72, 93, 1, 0, 31.73%, 19, 2, 5, 8.79, 778057, 79
4564, 22, 59, 93, 1, 0, 31.73%, 19, 2, 5, 19.37, 778249, 79
4569, 22, 59, 93, 1, 0, 31.73%, 19, 2, 5, 14.94, 778418, 79
4574, 22, 2, 93, 1, 0, 31.73%, 19, 2, 5, 13.17, 778592, 79
4579, 22, 2, 93, 1, 0, 31.73%, 19, 2, 5, 17.70, 778776, 79
4584, 22, 2, 93, 1, 0, 31.73%, 19, 2, 5, 12.49, 778879, 79
4590, 22, 61, 93, 1, 0, 31.73%, 19, 2, 5, 9.21, 778992, 79
4595, 22, 61, 93, 1, 0, 31.73%, 19, 2, 5, 21.38, 779116, 79
4600, 22, 61, 93, 1, 0, 31.73%, 19, 2, 5, 11.30, 779241, 79
4605, 22, 40, 93, 1, 0, 31.73%, 19, 2, 5, 17.74, 779402, 79
4610, 22, 2, 93, 1, 0, 31.73%, 19, 2, 5, 15.51, 779587, 79
4615, 22, 2, 93, 1, 0, 31.73%, 19, 2, 5, 12.22, 779706, 79
4620, 22, 2, 93, 1, 0, 31.73%, 19, 2, 5, 15.39, 779822, 79
4625, 22, 2, 93, 1, 0, 31.73%, 19, 2, 5, 7.84, 779895, 79
4630, 22, 15, 93, 1, 0, 31.73%, 19, 2, 5, 12.51, 780051, 79
4635, 22, 15, 93, 1, 0, 31.73%, 19, 2, 5, 16.29, 780186, 79
4640, 22, 6, 93, 1, 0, 31.73%, 19, 2, 5, 18.90, 780352, 79
4645, 22, 6, 93, 1, 0, 31.73%, 19, 2, 5, 16.55, 780508, 79
4651, 22, 26, 93, 1, 0, 31.73%, 19, 2, 5, 7.26, 780661, 79
4656, 22, 26, 93, 1, 0, 31.73%, 19, 2, 5, 18.93, 780724, 79
4661, 22, 26, 93, 1, 0, 31.73%, 19, 2, 5, 3.96, 780823, 79
4666, 22, 25, 93, 1, 0, 31.73%, 19, 2, 5, 7.91, 780904, 79
4671, 22, 25, 93, 1, 0, 31.73%, 19, 2, 5, 14.66, 781025, 79
4676, 22, 25, 93, 1, 0, 31.73%, 19, 2, 5, 18.37, 781154, 79
4681, 22, 44, 93, 1, 0, 31.73%, 19, 2, 5, 17.70, 781294, 79
4687, 22, 44, 93, 1, 0, 31.73%, 19, 2, 5, 42.16, 781419, 79
4692, 22, 44, 93, 1, 0, 31.73%, 19, 2, 5, 19.30, 781571, 79
4697, 22, 2, 93, 1, 0, 31.73%, 19, 2, 5, 9.85, 781683, 79
4702, 22, 2, 93, 1, 0, 31.73%, 19, 2, 5, 17.73, 781769, 79
4707, 22, 2, 93, 1, 0, 31.73%, 19, 2, 5, 8.29, 781838, 79
4712, 22, 2, 93, 1, 0, 31.73%, 19, 2, 5, 14.91, 781915, 79
4718, 22, 61, 93, 1, 0, 31.73%, 19, 2, 5, 2.92, 782000, 79
4723, 22, 61, 93, 1, 0, 31.73%, 19, 2, 5, 19.19, 782064, 79
4728, 22, 61, 93, 1, 0, 31.73%, 19, 2, 5, 16.17, 782136, 79
4733, 22, 61, 93, 1, 0, 31.73%, 19, 2, 5, 15.07, 782232, 79
4738, 22, 44, 93, 1, 0, 31.73%, 19, 2, 5, 17.75, 782345, 79
4743, 22, 44, 93, 1, 0, 31.73%, 19, 2, 5, 12.40, 782440, 79
4748, 22, 44, 93, 1, 0, 31.73%, 19, 2, 5, 2.76, 782564, 79
4754, 22, 44, 93, 1, 0, 31.73%, 19, 2, 5, 6.81, 782601, 79
4759, 22, 72, 93, 1, 0, 31.73%, 19, 2, 5, 18.57, 782721, 79
4764, 22, 72, 93, 1, 0, 31.73%, 19, 2, 5, 16.06, 782837, 79
4769, 22, 72, 93, 1, 0, 31.73%, 19, 2, 5, 17.74, 782932, 79
4774, 22, 72, 93, 1, 0, 31.73%, 19, 2, 5, 1.94, 783066, 79
4779, 22, 13, 93, 1, 0, 31.73%, 19, 2, 5, 15.18, 783170, 79
4784, 22, 13, 93, 1, 0, 31.73%, 19, 2, 5, 17.32, 783288, 79
4789, 22, 13, 93, 1, 0, 31.73%, 19, 2, 5, 11.11, 783407, 79
4794, 22, 13, 93, 1, 0, 31.73%, 19, 2, 5, 20.01, 783519, 79
