# relative_time, cycles_done, cur_item, corpus_count, pending_total, pending_favs, map_size, saved_crashes, saved_hangs, max_depth, execs_per_sec, total_execs, edges_found
62, 0, 0, 5, 5, 1, 14.38%, 2, 0, 2, 0.57, 43, 111
74, 0, 0, 6, 6, 1, 14.51%, 2, 0, 2, 0.57, 51, 112
85, 0, 0, 7, 7, 1, 14.64%, 2, 0, 2, 0.58, 59, 113
96, 0, 0, 8, 8, 1, 15.16%, 2, 0, 2, 0.59, 67, 117
105, 0, 0, 9, 9, 1, 15.28%, 2, 0, 2, 0.61, 75, 118
154, 0, 0, 10, 10, 1, 15.67%, 2, 0, 2, 0.58, 84, 121
172, 0, 0, 11, 11, 1, 15.80%, 2, 0, 2, 0.57, 92, 122
199, 0, 0, 12, 12, 1, 16.06%, 2, 0, 2, 0.56, 100, 124
230, 0, 0, 13, 13, 1, 16.32%, 2, 0, 2, 0.54, 109, 126
268, 0, 0, 14, 14, 1, 16.45%, 2, 0, 2, 0.52, 117, 127
285, 0, 0, 15, 15, 1, 16.97%, 2, 0, 2, 0.52, 125, 131
302, 0, 0, 16, 16, 1, 17.10%, 2, 0, 2, 0.51, 133, 132
328, 0, 0, 17, 17, 1, 17.23%, 2, 0, 2, 0.50, 141, 133
366, 0, 0, 18, 18, 1, 17.36%, 2, 0, 2, 0.48, 149, 134
380, 0, 0, 19, 19, 1, 17.36%, 2, 0, 2, 0.49, 157, 134
447, 0, 0, 20, 20, 1, 17.49%, 2, 0, 2, 0.46, 165, 135
480, 0, 0, 21, 21, 1, 17.75%, 2, 0, 2, 0.45, 173, 137
489, 0, 0, 22, 22, 1, 17.75%, 2, 0, 2, 0.47, 181, 137
539, 0, 0, 23, 23, 1, 17.75%, 2, 0, 2, 0.45, 189, 137
548, 0, 0, 24, 24, 1, 17.88%, 2, 0, 2, 0.49, 198, 138
579, 0, 0, 25, 25, 1, 18.13%, 2, 0, 2, 0.47, 206, 140
597, 0, 0, 27, 27, 1, 18.26%, 2, 0, 2, 0.56, 222, 141
