# relative_time, cycles_done, cur_item, corpus_count, pending_total, pending_favs, map_size, saved_crashes, saved_hangs, max_depth, execs_per_sec, total_execs, edges_found
546, 0, 0, 2, 2, 1, 10.72%, 0, 0, 2, 0.05, 1288, 247
1281, 0, 0, 3, 3, 1, 10.85%, 0, 0, 2, 0.05, 1296, 250
2523, 0, 0, 4, 4, 1, 10.85%, 0, 0, 2, 0.05, 1310, 250
3328, 0, 0, 5, 5, 1, 10.85%, 1, 0, 2, 0.04, 1320, 250
4579, 0, 0, 6, 6, 1, 10.93%, 1, 0, 2, 0.04, 1333, 252
7383, 0, 0, 7, 7, 1, 10.93%, 1, 0, 2, 0.00, 1346, 252
9247, 0, 0, 8, 8, 1, 10.93%, 1, 0, 2, 0.00, 1354, 252
10041, 0, 0, 9, 9, 1, 10.98%, 1, 0, 2, 0.00, 1362, 253
12762, 0, 0, 10, 10, 1, 10.98%, 3, 0, 2, 0.01, 1379, 253
15505, 0, 0, 11, 11, 1, 11.02%, 3, 0, 2, 0.01, 1394, 254
18810, 0, 0, 12, 12, 1, 11.06%, 3, 0, 2, 0.00, 1407, 255
33362, 0, 0, 13, 13, 1, 11.06%, 3, 0, 2, 0.00, 1415, 255
36044, 0, 0, 14, 14, 1, 11.06%, 3, 0, 2, 0.01, 1429, 255
38468, 0, 0, 15, 15, 1, 11.06%, 3, 0, 2, 0.01, 1439, 255
41682, 0, 0, 16, 16, 1, 11.06%, 3, 0, 2, 0.01, 1452, 255
45540, 0, 0, 17, 17, 1, 11.06%, 3, 0, 2, 0.00, 1461, 255
48218, 0, 0, 18, 18, 1, 11.06%, 3, 0, 2, 0.00, 1469, 255
51395, 0, 0, 19, 19, 1, 11.06%, 3, 0, 2, 0.00, 1479, 255
56501, 0, 0, 20, 20, 1, 11.06%, 4, 0, 2, 0.00, 1493, 255
58655, 0, 0, 21, 21, 1, 11.06%, 4, 0, 2, 0.00, 1502, 255
59988, 0, 0, 22, 22, 1, 11.11%, 4, 0, 2, 0.00, 1510, 256
63691, 0, 0, 23, 23, 1, 11.11%, 4, 0, 2, 0.00, 1519, 256
84067, 0, 0, 24, 24, 1, 11.11%, 5, 0, 2, 0.00, 1534, 256
