# relative_time, cycles_done, cur_item, corpus_count, pending_total, pending_favs, map_size, saved_crashes, saved_hangs, max_depth, execs_per_sec, total_execs, edges_found
63, 0, 0, 34, 34, 1, 19.74%, 0, 0, 2, 7.25, 280, 226
73, 0, 0, 35, 35, 1, 19.83%, 0, 0, 2, 0.86, 288, 227
88, 0, 0, 37, 37, 1, 19.83%, 0, 0, 2, 0.95, 305, 227
95, 0, 0, 38, 38, 1, 19.83%, 0, 0, 2, 1.00, 316, 227
100, 0, 0, 39, 39, 1, 19.83%, 0, 0, 2, 1.03, 324, 227
107, 0, 0, 40, 40, 1, 19.83%, 0, 0, 2, 1.04, 332, 227
113, 0, 0, 41, 41, 1, 19.83%, 0, 0, 2, 1.06, 340, 227
119, 0, 0, 42, 42, 1, 19.83%, 0, 0, 2, 1.09, 349, 227
125, 0, 0, 43, 43, 1, 19.91%, 0, 0, 2, 1.11, 357, 228
131, 0, 0, 44, 44, 1, 19.91%, 0, 0, 2, 1.12, 365, 228
140, 0, 0, 45, 45, 1, 19.91%, 0, 0, 2, 1.13, 378, 228
151, 0, 0, 46, 46, 1, 19.91%, 0, 0, 2, 1.13, 389, 228
164, 0, 0, 47, 47, 1, 19.91%, 0, 0, 2, 1.10, 397, 228
175, 0, 0, 48, 48, 1, 19.91%, 0, 0, 2, 1.07, 405, 228
185, 0, 0, 49, 49, 1, 19.91%, 0, 0, 2, 1.06, 414, 228
197, 0, 0, 50, 50, 1, 19.91%, 0, 0, 2, 1.04, 422, 228
208, 0, 0, 51, 51, 1, 19.91%, 0, 0, 2, 1.02, 430, 228
219, 0, 0, 52, 52, 1, 19.91%, 0, 0, 2, 1.01, 440, 228
231, 0, 0, 53, 53, 1, 19.91%, 0, 0, 2, 0.99, 449, 228
245, 0, 0, 54, 54, 1, 19.91%, 0, 0, 2, 0.97, 457, 228
260, 0, 0, 55, 55, 1, 19.91%, 0, 0, 2, 0.94, 465, 228
271, 0, 0, 56, 56, 1, 19.91%, 0, 0, 2, 0.93, 473, 228
285, 0, 0, 57, 57, 1, 19.91%, 0, 0, 2, 0.91, 482, 228
298, 0, 0, 58, 58, 1, 19.91%, 0, 0, 2, 0.89, 490, 228
308, 0, 0, 59, 59, 1, 19.91%, 0, 0, 2, 0.79, 509, 228
322, 0, 0, 60, 60, 1, 19.91%, 0, 0, 2, 0.82, 527, 228
334, 0, 0, 61, 61, 1, 19.91%, 0, 0, 2, 0.81, 535, 228
348, 0, 0, 62, 62, 1, 19.91%, 0, 0, 2, 0.80, 543, 228
361, 0, 0, 63, 63, 1, 19.91%, 0, 0, 2, 0.78, 551, 228
373, 0, 0, 64, 64, 1, 19.91%, 0, 0, 2, 0.78, 559, 228
385, 0, 0, 65, 65, 1, 19.91%, 0, 0, 2, 0.79, 570, 228
398, 0, 0, 66, 66, 1, 19.91%, 0, 0, 2, 0.78, 579, 228
411, 0, 0, 67, 67, 1, 19.91%, 0, 0, 2, 0.78, 588, 228
424, 0, 0, 68, 68, 1, 19.91%, 0, 0, 2, 0.76, 596, 228
437, 0, 0, 69, 69, 1, 19.91%, 0, 0, 2, 0.76, 605, 228
449, 0, 0, 70, 70, 1, 19.91%, 0, 0, 2, 0.75, 613, 228
462, 0, 0, 71, 71, 1, 19.91%, 0, 0, 2, 0.75, 621, 228
474, 0, 0, 72, 72, 1, 19.91%, 0, 0, 2, 0.74, 630, 228
487, 0, 0, 73, 73, 1, 19.91%, 0, 0, 2, 0.62, 646, 228
501, 0, 0, 74, 74, 1, 19.91%, 0, 0, 2, 0.62, 654, 228
514, 0, 0, 75, 75, 1, 19.91%, 0, 0, 2, 0.62, 662, 228
528, 0, 0, 76, 76, 1, 19.91%, 0, 0, 2, 0.71, 674, 228
542, 0, 0, 77, 77, 1, 19.91%, 0, 0, 2, 1.13, 697, 228
547, 0, 0, 79, 79, 1, 19.91%, 0, 0, 2, 36.70, 748, 228
559, 0, 0, 80, 80, 1, 19.91%, 0, 0, 2, 0.64, 756, 228
574, 0, 0, 81, 81, 1, 19.91%, 0, 0, 2, 0.73, 782, 228
585, 0, 0, 83, 83, 1, 19.91%, 0, 0, 2, 0.78, 834, 228
593, 0, 0, 84, 84, 1, 19.91%, 0, 0, 2, 0.83, 845, 228
607, 0, 0, 85, 85, 1, 19.91%, 0, 0, 2, 0.84, 878, 228
620, 0, 0, 86, 86, 1, 19.91%, 0, 0, 2, 0.83, 887, 228
628, 0, 0, 87, 87, 1, 19.91%, 0, 0, 2, 1.26, 904, 228
638, 0, 0, 88, 88, 1, 19.91%, 0, 0, 2, 1.26, 916, 228
653, 0, 0, 89, 89, 1, 19.91%, 0, 0, 2, 0.57, 931, 228
665, 0, 0, 90, 90, 1, 19.91%, 0, 0, 2, 0.98, 950, 228
670, 0, 0, 91, 91, 1, 19.91%, 0, 0, 2, 30.78, 1037, 228
677, 0, 0, 92, 92, 1, 19.91%, 0, 0, 2, 1.31, 1053, 228
687, 0, 0, 93, 93, 1, 19.91%, 0, 0, 2, 1.07, 1070, 228
696, 0, 0, 94, 94, 1, 19.91%, 0, 0, 2, 1.11, 1094, 228
710, 0, 0, 96, 96, 1, 19.91%, 0, 0, 2, 0.95, 1148, 228
717, 0, 0, 98, 98, 1, 19.91%, 0, 0, 2, 1.66, 1202, 228
730, 0, 0, 99, 99, 1, 19.91%, 0, 0, 2, 0.80, 1236, 228
740, 0, 0, 100, 100, 1, 20.00%, 0, 0, 2, 0.80, 1244, 229
752, 0, 0, 101, 101, 1, 20.00%, 0, 0, 2, 0.92, 1286, 229
761, 0, 0, 102, 102, 1, 20.00%, 0, 0, 2, 0.92, 1295, 229
771, 0, 0, 103, 103, 1, 20.00%, 0, 0, 2, 1.32, 1349, 229
776, 0, 0, 104, 104, 1, 20.00%, 0, 0, 2, 26.17, 1460, 229
788, 0, 0, 105, 105, 1, 20.00%, 0, 0, 2, 0.88, 1507, 229
804, 0, 0, 107, 107, 1, 20.00%, 0, 0, 2, 0.76, 1591, 229
812, 0, 0, 108, 108, 1, 20.00%, 0, 0, 2, 1.57, 1650, 229
817, 0, 0, 109, 109, 1, 20.00%, 0, 0, 2, 26.48, 1758, 229
823, 0, 0, 110, 110, 1, 20.00%, 0, 0, 2, 25.22, 1849, 229
837, 0, 0, 111, 111, 1, 20.00%, 0, 0, 2, 1.00, 1944, 229
842, 0, 0, 111, 111, 1, 20.00%, 0, 0, 2, 25.62, 2068, 229
847, 0, 0, 112, 112, 1, 20.00%, 0, 0, 2, 2.06, 2196, 229
852, 0, 0, 112, 112, 1, 20.00%, 0, 0, 2, 3.91, 2258, 229
868, 0, 0, 113, 113, 1, 20.00%, 0, 0, 2, 0.95, 2371, 229
880, 0, 0, 114, 114, 1, 20.00%, 0, 0, 2, 1.36, 2485, 229
891, 0, 0, 115, 115, 1, 20.00%, 0, 0, 2, 1.17, 2537, 229
903, 0, 0, 116, 116, 1, 20.00%, 0, 0, 2, 0.72, 2569, 229
914, 0, 0, 117, 117, 1, 20.00%, 0, 0, 2, 1.17, 2605, 229
931, 0, 0, 118, 118, 1, 20.00%, 0, 0, 2, 0.77, 2668, 229
936, 0, 0, 118, 118, 1, 20.00%, 0, 0, 2, 23.27, 2785, 229
942, 0, 0, 118, 118, 1, 20.00%, 0, 0, 2, 25.97, 2905, 229
955, 0, 0, 119, 119, 1, 20.00%, 0, 0, 2, 0.78, 2932, 229
967, 0, 0, 120, 120, 1, 20.00%, 0, 0, 2, 1.00, 2967, 229
972, 0, 0, 121, 121, 1, 20.00%, 0, 0, 2, 24.91, 3091, 229
977, 0, 0, 121, 121, 1, 20.00%, 0, 0, 2, 25.63, 3207, 229
982, 0, 0, 122, 122, 1, 20.00%, 0, 0, 2, 25.85, 3295, 229
987, 0, 0, 122, 122, 1, 20.00%, 0, 0, 2, 25.17, 3414, 229
992, 0, 0, 122, 122, 1, 20.00%, 0, 0, 2, 26.82, 3535, 229
1011, 0, 0, 123, 123, 1, 20.00%, 0, 0, 2, 0.67, 3657, 229
1016, 0, 0, 123, 123, 1, 20.00%, 0, 0, 2, 26.38, 3783, 229
1021, 0, 0, 123, 123, 1, 20.00%, 0, 0, 2, 26.28, 3907, 229
1026, 0, 0, 123, 123, 1, 20.00%, 0, 0, 2, 26.81, 4031, 229
1031, 0, 0, 123, 123, 1, 20.00%, 0, 0, 2, 27.67, 4159, 229
1047, 0, 0, 124, 124, 1, 20.00%, 0, 0, 2, 0.83, 4261, 229
1052, 0, 0, 124, 124, 1, 20.00%, 0, 0, 2, 28.09, 4387, 229
1064, 0, 0, 125, 125, 1, 20.00%, 0, 0, 2, 1.12, 4456, 229
1080, 0, 0, 126, 126, 1, 20.00%, 0, 0, 2, 0.73, 4532, 229
1085, 0, 0, 126, 126, 1, 20.00%, 0, 0, 2, 27.88, 4661, 229
1098, 0, 0, 127, 127, 1, 20.00%, 0, 0, 2, 0.98, 4725, 229
1106, 0, 0, 128, 128, 1, 20.00%, 0, 0, 2, 1.18, 4746, 229
1116, 0, 0, 129, 129, 1, 20.00%, 0, 0, 2, 0.92, 4785, 229
1123, 0, 0, 130, 130, 1, 20.00%, 0, 0, 2, 4.24, 4902, 229
1128, 0, 0, 130, 130, 1, 20.00%, 0, 0, 2, 26.61, 5028, 229
1144, 0, 0, 131, 131, 1, 20.00%, 0, 0, 2, 1.01, 5154, 229
1149, 0, 0, 131, 131, 1, 20.00%, 0, 0, 2, 27.87, 5280, 229
1154, 0, 0, 131, 131, 1, 20.00%, 0, 0, 2, 26.71, 5409, 229
1161, 0, 0, 132, 132, 1, 20.00%, 0, 0, 2, 4.77, 5531, 229
1166, 0, 0, 132, 132, 1, 20.00%, 0, 0, 2, 27.84, 5663, 229
1171, 0, 0, 132, 132, 1, 20.00%, 0, 0, 2, 27.88, 5794, 229
1176, 0, 0, 132, 132, 1, 20.00%, 0, 0, 2, 29.30, 5927, 229
1181, 0, 0, 132, 132, 1, 20.00%, 0, 0, 2, 28.89, 6065, 229
1186, 0, 0, 132, 132, 1, 20.00%, 0, 0, 2, 28.55, 6201, 229
1191, 0, 0, 132, 132, 1, 20.00%, 0, 0, 2, 29.29, 6345, 229
1196, 0, 0, 132, 132, 1, 20.00%, 0, 0, 2, 31.42, 6487, 229
1202, 0, 0, 132, 132, 1, 20.00%, 0, 0, 2, 30.56, 6632, 229
1207, 0, 0, 132, 132, 1, 20.00%, 0, 0, 2, 18.08, 6776, 229
1212, 0, 0, 132, 132, 1, 20.00%, 0, 0, 2, 27.81, 6922, 229
1217, 0, 0, 132, 132, 1, 20.00%, 0, 0, 2, 33.11, 7071, 229
1222, 0, 0, 132, 132, 1, 20.00%, 0, 0, 2, 32.80, 7223, 229
1227, 0, 0, 132, 132, 1, 20.00%, 0, 0, 2, 34.89, 7385, 229
1232, 0, 0, 132, 132, 1, 20.00%, 0, 0, 2, 36.01, 7551, 229
1237, 0, 0, 132, 132, 1, 20.00%, 0, 0, 2, 35.27, 7719, 229
1242, 0, 0, 132, 132, 1, 20.00%, 0, 0, 2, 35.42, 7885, 229
1256, 0, 0, 133, 133, 1, 20.09%, 0, 0, 2, 0.84, 7912, 230
1270, 0, 0, 134, 134, 1, 20.09%, 0, 0, 2, 1.00, 7965, 230
1284, 0, 0, 135, 135, 1, 20.09%, 0, 0, 2, 0.61, 7981, 230
1289, 0, 0, 135, 135, 1, 20.09%, 0, 0, 2, 34.23, 8151, 230
1294, 0, 0, 135, 135, 1, 20.09%, 0, 0, 2, 36.31, 8320, 230
1299, 0, 0, 135, 135, 1, 20.09%, 0, 0, 2, 37.77, 8492, 230
1304, 0, 0, 135, 135, 1, 20.09%, 0, 0, 2, 37.24, 8668, 230
1309, 0, 0, 135, 135, 1, 20.09%, 0, 0, 2, 37.65, 8849, 230
1314, 0, 0, 135, 135, 1, 20.09%, 0, 0, 2, 38.50, 9029, 230
1319, 0, 0, 135, 135, 1, 20.09%, 0, 0, 2, 38.38, 9211, 230
1334, 0, 0, 136, 136, 1, 20.09%, 0, 0, 2, 1.32, 9388, 230
1344, 0, 0, 137, 137, 1, 20.09%, 0, 0, 2, 1.42, 9411, 230
1354, 0, 0, 138, 138, 1, 20.09%, 0, 0, 2, 1.39, 9420, 230
1359, 0, 0, 138, 138, 1, 20.09%, 0, 0, 2, 38.78, 9611, 230
1364, 0, 0, 138, 138, 1, 20.09%, 0, 0, 2, 41.95, 9802, 230
1369, 0, 0, 138, 138, 1, 20.09%, 0, 0, 2, 43.65, 9994, 230
1374, 0, 0, 138, 138, 1, 20.09%, 0, 0, 2, 40.11, 10193, 230
1380, 0, 0, 138, 138, 1, 20.09%, 0, 0, 2, 41.77, 10400, 230
1385, 0, 0, 138, 138, 1, 20.09%, 0, 0, 2, 42.25, 10612, 230
1390, 0, 0, 138, 138, 1, 20.09%, 0, 0, 2, 45.08, 10831, 230
1395, 0, 0, 138, 138, 1, 20.09%, 0, 0, 2, 51.08, 11063, 230
1400, 0, 0, 138, 138, 1, 20.09%, 0, 0, 2, 50.15, 11302, 230
1405, 0, 0, 138, 138, 1, 20.09%, 0, 0, 2, 22.17, 11551, 230
1410, 0, 0, 138, 138, 1, 20.09%, 0, 0, 2, 46.91, 11819, 230
1416, 0, 0, 138, 138, 1, 20.09%, 0, 0, 2, 54.26, 12094, 230
1421, 0, 0, 138, 138, 1, 20.09%, 0, 0, 2, 65.43, 12384, 230
1439, 0, 0, 139, 139, 1, 20.09%, 0, 0, 2, 0.84, 12399, 230
1460, 0, 0, 142, 142, 1, 20.09%, 0, 0, 2, 0.38, 12428, 230
1466, 0, 0, 143, 143, 1, 20.09%, 0, 0, 2, 15.80, 12518, 230
1473, 0, 0, 144, 144, 1, 20.09%, 0, 0, 2, 1.92, 12818, 230
1479, 0, 0, 145, 145, 1, 20.09%, 0, 0, 2, 1.90, 12828, 230
1504, 0, 0, 146, 146, 1, 20.09%, 0, 0, 2, 0.37, 12849, 230
1521, 0, 0, 147, 147, 1, 21.14%, 0, 0, 2, 0.41, 12866, 242
1536, 0, 0, 148, 148, 1, 21.22%, 0, 0, 2, 0.42, 12876, 243
1552, 0, 0, 149, 149, 1, 21.22%, 0, 0, 2, 0.43, 12885, 243
1567, 0, 0, 150, 150, 1, 21.22%, 0, 0, 2, 0.45, 12896, 243
1583, 0, 0, 151, 151, 1, 21.22%, 0, 0, 2, 0.70, 12916, 243
1600, 0, 0, 152, 152, 1, 21.22%, 0, 0, 2, 0.70, 12967, 243
1616, 0, 0, 153, 153, 1, 21.22%, 0, 0, 2, 0.77, 12989, 243
1633, 0, 0, 154, 154, 1, 21.22%, 0, 0, 2, 0.96, 13045, 243
1651, 0, 0, 155, 155, 1, 21.22%, 0, 0, 2, 0.68, 13264, 243
1664, 0, 0, 156, 156, 1, 21.22%, 0, 0, 2, 0.69, 13275, 243
1680, 0, 0, 157, 157, 1, 21.22%, 0, 0, 2, 0.88, 13318, 243
1696, 0, 0, 158, 158, 1, 21.22%, 0, 0, 2, 0.83, 13381, 243
1712, 0, 0, 159, 159, 1, 21.22%, 0, 0, 2, 1.13, 13407, 243
1728, 0, 0, 160, 160, 1, 21.31%, 0, 0, 2, 1.08, 13510, 244
1733, 0, 0, 160, 160, 1, 21.31%, 0, 0, 2, 44.30, 13721, 244
1749, 0, 0, 161, 161, 1, 21.40%, 0, 0, 2, 0.94, 13785, 245
1764, 0, 0, 162, 162, 1, 21.40%, 0, 0, 2, 0.94, 13800, 245
1769, 0, 0, 162, 162, 1, 21.40%, 0, 0, 2, 46.55, 14011, 245
1774, 0, 0, 162, 162, 1, 21.40%, 0, 0, 2, 44.14, 14222, 245
1795, 0, 0, 163, 163, 1, 21.40%, 0, 0, 2, 0.87, 14378, 245
1801, 0, 0, 163, 163, 1, 21.40%, 0, 0, 2, 47.36, 14611, 245
1806, 0, 0, 163, 163, 1, 21.40%, 0, 0, 2, 48.17, 14845, 245
1821, 0, 0, 164, 164, 1, 21.40%, 0, 0, 2, 1.20, 14939, 245
1833, 0, 0, 165, 165, 1, 21.40%, 0, 0, 2, 1.20, 14953, 245
1838, 0, 0, 165, 165, 1, 21.40%, 0, 0, 2, 52.38, 15188, 245
1843, 0, 0, 165, 165, 1, 21.40%, 0, 0, 2, 55.84, 15441, 245
1856, 0, 0, 166, 166, 1, 21.40%, 0, 0, 2, 2.13, 15674, 245
1861, 0, 0, 166, 166, 1, 21.40%, 0, 0, 2, 58.81, 15941, 245
1866, 0, 0, 166, 166, 1, 21.40%, 0, 0, 2, 61.95, 16219, 245
1871, 0, 0, 166, 166, 1, 21.40%, 0, 0, 2, 70.75, 16496, 245
1876, 0, 0, 166, 166, 1, 21.40%, 0, 0, 2, 10.29, 16837, 245
1881, 0, 0, 166, 166, 1, 21.40%, 0, 0, 2, 71.80, 17135, 245
1886, 0, 0, 166, 166, 1, 21.40%, 0, 0, 2, 77.07, 17522, 245
1892, 0, 0, 166, 166, 1, 21.40%, 0, 0, 2, 86.60, 17959, 245
1897, 0, 0, 166, 166, 1, 21.40%, 0, 0, 2, 101.69, 18475, 245
1902, 0, 0, 166, 166, 1, 21.40%, 0, 0, 2, 129.24, 19139, 245
1936, 0, 0, 167, 167, 1, 21.40%, 0, 0, 2, 1.32, 19764, 245
1948, 0, 0, 168, 168, 1, 21.40%, 0, 0, 2, 1.28, 19773, 245
2014, 0, 0, 169, 169, 1, 21.40%, 0, 0, 2, 0.12, 19781, 245
2063, 0, 0, 170, 170, 1, 21.40%, 0, 0, 2, 0.13, 19790, 245
2093, 0, 0, 171, 171, 1, 21.40%, 0, 0, 2, 0.15, 19807, 245
2139, 0, 0, 172, 172, 1, 21.40%, 0, 0, 2, 0.18, 19833, 245
2171, 0, 0, 173, 173, 1, 21.40%, 0, 0, 2, 1.08, 19868, 245
2220, 0, 0, 174, 174, 1, 21.40%, 0, 0, 2, 0.18, 19877, 245
2239, 0, 0, 175, 175, 1, 21.40%, 0, 0, 2, 2.38, 19920, 245
2281, 0, 0, 176, 176, 1, 21.40%, 0, 0, 2, 2.28, 19956, 245
2337, 0, 0, 177, 177, 1, 21.40%, 0, 0, 2, 0.23, 19969, 245
2362, 0, 0, 178, 178, 1, 21.40%, 0, 0, 2, 2.30, 20028, 245
2389, 0, 0, 179, 179, 1, 21.40%, 0, 0, 2, 2.32, 20094, 245
2411, 0, 0, 180, 180, 1, 21.40%, 0, 0, 2, 2.30, 20140, 245
2429, 0, 0, 181, 181, 1, 21.40%, 0, 0, 2, 2.26, 20170, 245
2456, 0, 0, 182, 182, 1, 21.40%, 0, 0, 2, 2.34, 20264, 245
2494, 0, 0, 183, 183, 1, 21.40%, 0, 0, 2, 0.34, 20277, 245
2568, 0, 0, 184, 184, 1, 21.40%, 0, 0, 2, 0.37, 20333, 245
2618, 0, 0, 186, 186, 1, 21.48%, 0, 0, 2, 0.29, 20618, 246
2631, 0, 0, 187, 187, 1, 21.48%, 0, 0, 2, 12.33, 20777, 246
2640, 0, 0, 188, 188, 1, 21.48%, 0, 0, 2, 12.04, 20844, 246
2694, 0, 0, 189, 189, 1, 21.48%, 0, 0, 2, 0.15, 20852, 246
2774, 0, 0, 190, 190, 1, 21.48%, 0, 0, 2, 0.14, 20860, 246
2804, 0, 0, 191, 191, 1, 21.57%, 0, 0, 2, 5.49, 21027, 247
2853, 0, 0, 192, 192, 1, 21.57%, 0, 0, 2, 5.26, 21115, 247
2885, 0, 0, 193, 193, 1, 21.57%, 0, 0, 2, 0.58, 21134, 247
2920, 0, 0, 194, 194, 1, 21.57%, 0, 0, 2, 1.75, 21374, 247
2974, 0, 0, 195, 195, 1, 21.57%, 0, 0, 2, 3.55, 21747, 247
3020, 0, 0, 196, 196, 1, 21.57%, 0, 0, 2, 3.56, 21915, 247
3088, 0, 0, 197, 197, 1, 21.57%, 0, 0, 2, 0.23, 21987, 247
3123, 0, 0, 198, 198, 1, 21.57%, 0, 0, 2, 0.28, 22006, 247
3171, 0, 0, 199, 199, 1, 21.57%, 0, 0, 2, 0.21, 22034, 247
3218, 0, 0, 200, 200, 1, 21.57%, 0, 0, 2, 0.21, 22042, 247
3249, 0, 0, 201, 201, 1, 21.57%, 0, 0, 2, 0.49, 22084, 247
3254, 0, 0, 201, 201, 1, 21.57%, 0, 0, 2, 39.89, 22269, 247
3304, 0, 0, 202, 202, 1, 21.57%, 0, 0, 2, 0.27, 22352, 247
3364, 0, 0, 203, 203, 1, 21.57%, 0, 0, 2, 0.16, 22503, 247
3417, 0, 0, 204, 204, 1, 21.57%, 0, 0, 2, 0.24, 22524, 247
3466, 0, 0, 205, 205, 1, 21.57%, 0, 0, 2, 0.23, 22544, 247
3519, 0, 0, 206, 206, 1, 21.57%, 0, 0, 2, 0.21, 22563, 247
3525, 0, 0, 206, 206, 1, 21.57%, 0, 0, 2, 35.01, 22730, 247
3576, 0, 0, 207, 207, 1, 21.57%, 0, 0, 2, 0.23, 22866, 247
3581, 0, 0, 207, 207, 1, 21.57%, 0, 0, 2, 36.15, 23032, 247
3586, 0, 0, 207, 207, 1, 21.57%, 0, 0, 2, 36.55, 23197, 247
3629, 0, 0, 208, 208, 1, 21.57%, 0, 0, 2, 0.30, 23218, 247
3634, 0, 0, 208, 208, 1, 21.57%, 0, 0, 2, 35.51, 23383, 247
3703, 0, 0, 209, 209, 1, 21.57%, 0, 0, 2, 0.17, 23521, 247
3765, 0, 0, 210, 210, 1, 21.57%, 0, 0, 2, 0.24, 23544, 247
3826, 0, 0, 211, 211, 1, 21.57%, 0, 0, 2, 0.15, 23575, 247
3895, 0, 0, 212, 212, 1, 21.57%, 0, 0, 2, 0.17, 23675, 247
3900, 0, 0, 212, 212, 1, 21.57%, 0, 0, 2, 31.11, 23829, 247
3905, 0, 0, 212, 212, 1, 21.57%, 0, 0, 2, 31.43, 23983, 247
3957, 0, 0, 213, 213, 1, 21.57%, 0, 0, 2, 0.27, 24117, 247
3963, 0, 0, 213, 213, 1, 21.57%, 0, 0, 2, 33.52, 24273, 247
3968, 0, 0, 213, 213, 1, 21.57%, 0, 0, 2, 35.29, 24434, 247
3973, 0, 0, 213, 213, 1, 21.57%, 0, 0, 2, 35.71, 24600, 247
3978, 0, 0, 213, 213, 1, 21.57%, 0, 0, 2, 34.61, 24764, 247
3983, 0, 0, 213, 213, 1, 21.57%, 0, 0, 2, 34.63, 24929, 247
3988, 0, 0, 213, 213, 1, 21.57%, 0, 0, 2, 37.79, 25101, 247
3993, 0, 0, 213, 213, 1, 21.57%, 0, 0, 2, 36.84, 25277, 247
3998, 0, 0, 213, 213, 1, 21.57%, 0, 0, 2, 37.17, 25453, 247
4049, 0, 0, 214, 214, 1, 21.57%, 0, 0, 2, 0.19, 25593, 247
4054, 0, 0, 214, 214, 1, 21.57%, 0, 0, 2, 37.11, 25772, 247
4059, 0, 0, 214, 214, 1, 21.57%, 0, 0, 2, 38.13, 25957, 247
4064, 0, 0, 214, 214, 1, 21.57%, 0, 0, 2, 43.12, 26151, 247
4069, 0, 0, 214, 214, 1, 21.57%, 0, 0, 2, 41.12, 26348, 247
4074, 0, 0, 214, 214, 1, 21.57%, 0, 0, 2, 45.18, 26551, 247
4109, 0, 0, 215, 215, 1, 21.66%, 0, 0, 2, 0.52, 26747, 248
4160, 0, 0, 216, 216, 1, 21.66%, 0, 0, 2, 0.30, 26907, 248
4165, 0, 0, 216, 216, 1, 21.66%, 0, 0, 2, 44.53, 27112, 248
4170, 0, 0, 216, 216, 1, 21.66%, 0, 0, 2, 46.15, 27321, 248
4175, 0, 0, 216, 216, 1, 21.66%, 0, 0, 2, 45.44, 27536, 248
4180, 0, 0, 216, 216, 1, 21.66%, 0, 0, 2, 49.77, 27763, 248
4186, 0, 0, 216, 216, 1, 21.66%, 0, 0, 2, 9.68, 28001, 248
4191, 0, 0, 216, 216, 1, 21.66%, 0, 0, 2, 53.49, 28246, 248
4197, 0, 0, 216, 216, 1, 21.66%, 0, 0, 2, 52.65, 28498, 248
4202, 0, 0, 216, 216, 1, 21.66%, 0, 0, 2, 58.33, 28764, 248
4207, 0, 0, 216, 216, 1, 21.66%, 0, 0, 2, 60.95, 29042, 248
4212, 0, 0, 216, 216, 1, 21.66%, 0, 0, 2, 65.08, 29339, 248
4217, 0, 0, 216, 216, 1, 21.66%, 0, 0, 2, 69.15, 29649, 248
4222, 0, 0, 216, 216, 1, 21.66%, 0, 0, 2, 75.99, 29991, 248
4227, 0, 0, 216, 216, 1, 21.66%, 0, 0, 2, 80.58, 30351, 248
4232, 0, 0, 216, 216, 1, 21.66%, 0, 0, 2, 89.84, 30756, 248
4238, 0, 0, 216, 216, 1, 21.66%, 0, 0, 2, 97.23, 31220, 248
4243, 0, 0, 216, 216, 1, 21.66%, 0, 0, 2, 114.60, 31763, 248
4248, 0, 0, 216, 216, 1, 21.66%, 0, 0, 2, 191.15, 32531, 248
4310, 0, 0, 217, 217, 1, 21.66%, 0, 0, 2, 0.16, 32541, 248
4326, 0, 0, 218, 218, 1, 21.66%, 0, 0, 2, 2.30, 32810, 248
4342, 0, 0, 219, 219, 1, 21.66%, 0, 0, 2, 3.02, 33384, 248
4410, 0, 3, 220, 218, 15, 21.66%, 0, 0, 3, 1.96, 33686, 248
4469, 0, 3, 221, 219, 15, 21.66%, 0, 0, 3, 0.26, 34024, 248
4553, 0, 3, 222, 220, 15, 21.66%, 0, 0, 3, 0.25, 34034, 248
4598, 0, 3, 223, 221, 15, 21.66%, 0, 0, 3, 0.26, 34051, 248
4666, 0, 3, 224, 222, 15, 21.66%, 0, 0, 3, 0.25, 34064, 248
4733, 0, 3, 225, 223, 15, 21.66%, 0, 0, 3, 0.26, 34088, 248
4770, 0, 3, 226, 224, 15, 21.66%, 0, 0, 3, 0.26, 34099, 248
4807, 0, 3, 227, 225, 15, 21.66%, 0, 0, 3, 0.28, 34116, 248
4903, 0, 3, 228, 226, 15, 21.66%, 0, 0, 3, 0.29, 34173, 248
4968, 0, 3, 229, 227, 15, 21.66%, 0, 0, 3, 1.36, 34646, 248
5021, 0, 3, 230, 228, 15, 21.66%, 0, 0, 3, 1.38, 34742, 248
5058, 0, 3, 231, 229, 15, 21.66%, 0, 0, 3, 1.43, 34821, 248
5117, 0, 3, 232, 230, 15, 21.66%, 0, 0, 3, 0.18, 34832, 248
5191, 0, 3, 233, 231, 15, 21.66%, 0, 0, 3, 1.57, 35141, 248
5269, 0, 3, 234, 232, 15, 21.66%, 0, 0, 3, 1.20, 35406, 248
5328, 0, 3, 235, 233, 15, 21.66%, 0, 0, 3, 0.20, 35822, 248
5401, 0, 3, 236, 234, 15, 21.66%, 0, 0, 3, 0.23, 35963, 248
5465, 0, 3, 237, 235, 15, 21.66%, 0, 0, 3, 0.22, 35976, 248
5526, 0, 3, 238, 236, 15, 21.66%, 0, 0, 3, 0.35, 36011, 248
5580, 0, 3, 239, 237, 15, 21.66%, 0, 0, 3, 0.34, 36022, 248
5630, 0, 3, 240, 238, 15, 21.66%, 0, 0, 3, 0.33, 36032, 248
5674, 0, 3, 241, 239, 15, 21.66%, 0, 0, 3, 0.41, 36311, 248
5756, 0, 3, 242, 240, 15, 21.66%, 0, 0, 3, 0.23, 36593, 248
5761, 0, 3, 242, 240, 15, 21.66%, 0, 0, 3, 62.56, 36898, 248
5766, 0, 3, 242, 240, 15, 21.66%, 0, 0, 3, 8.67, 37220, 248
5771, 0, 3, 242, 240, 15, 21.66%, 0, 0, 3, 15.15, 37575, 248
5776, 0, 3, 242, 240, 15, 21.66%, 0, 0, 3, 9.38, 37960, 248
5781, 0, 3, 242, 240, 15, 21.66%, 0, 0, 3, 90.49, 38403, 248
5838, 0, 3, 243, 241, 15, 21.66%, 0, 0, 3, 0.36, 38467, 248
5843, 0, 3, 243, 241, 15, 21.66%, 0, 0, 3, 100.41, 38940, 248
5848, 0, 3, 243, 241, 15, 21.66%, 0, 0, 3, 118.98, 39545, 248
5853, 0, 3, 243, 241, 15, 21.66%, 0, 0, 3, 179.60, 40435, 248
5912, 0, 3, 244, 242, 15, 21.66%, 0, 0, 3, 0.44, 40461, 248
6013, 0, 3, 245, 243, 15, 21.66%, 0, 0, 3, 0.42, 40475, 248
6111, 0, 3, 246, 244, 15, 21.66%, 0, 0, 3, 0.32, 40547, 248
6226, 0, 3, 247, 245, 15, 21.66%, 0, 0, 3, 0.30, 40560, 248
6337, 0, 3, 248, 246, 15, 21.66%, 0, 0, 3, 0.29, 40573, 248
6448, 0, 3, 249, 247, 15, 21.66%, 0, 0, 3, 0.28, 40581, 248
6566, 0, 3, 250, 248, 15, 21.66%, 0, 0, 3, 0.27, 40592, 248
6676, 0, 3, 251, 249, 15, 21.66%, 0, 0, 3, 0.26, 40603, 248
6791, 0, 3, 252, 250, 15, 21.66%, 0, 0, 3, 0.13, 40625, 248
6904, 0, 3, 253, 251, 15, 21.66%, 0, 0, 3, 0.13, 40634, 248
7027, 0, 3, 254, 252, 15, 21.66%, 0, 0, 3, 0.15, 40682, 248
7033, 0, 1, 254, 251, 14, 21.66%, 0, 0, 3, 15.90, 41050, 248
7151, 0, 1, 255, 252, 14, 21.66%, 0, 0, 3, 0.16, 41139, 248
7156, 0, 1, 255, 252, 14, 21.66%, 0, 0, 3, 81.50, 41523, 248
7161, 0, 1, 255, 252, 14, 21.66%, 0, 0, 3, 97.77, 41969, 248
7167, 0, 1, 255, 252, 14, 21.66%, 0, 0, 3, 106.88, 42499, 248
7172, 0, 1, 255, 252, 14, 21.66%, 0, 0, 3, 166.05, 43175, 248
7314, 0, 164, 256, 252, 13, 21.92%, 0, 0, 3, 0.96, 44188, 251
7469, 0, 164, 257, 253, 13, 22.01%, 0, 0, 3, 0.11, 44205, 252
7608, 0, 164, 258, 254, 13, 22.01%, 0, 0, 3, 0.11, 44213, 252
7749, 0, 164, 259, 255, 13, 22.01%, 0, 0, 3, 0.11, 44244, 252
7932, 0, 164, 260, 256, 13, 22.01%, 0, 0, 3, 0.13, 44308, 252
8077, 0, 164, 261, 257, 13, 22.01%, 0, 0, 3, 0.14, 44349, 252
8227, 0, 164, 262, 258, 13, 22.01%, 0, 0, 3, 0.14, 44374, 252
8377, 0, 164, 263, 259, 13, 22.01%, 0, 0, 3, 0.14, 44396, 252
8546, 0, 164, 264, 260, 13, 22.01%, 0, 0, 3, 0.17, 44503, 252
8701, 0, 164, 265, 261, 13, 22.01%, 0, 0, 3, 0.18, 45096, 252
8851, 0, 164, 266, 262, 13, 22.01%, 0, 0, 3, 0.06, 45792, 252
8999, 0, 164, 267, 263, 13, 22.01%, 0, 0, 3, 0.15, 45829, 252
9005, 0, 164, 267, 263, 13, 22.01%, 0, 0, 3, 68.77, 46161, 252
9154, 0, 164, 268, 264, 13, 22.01%, 0, 0, 3, 0.08, 46188, 252
9159, 0, 164, 268, 264, 13, 22.01%, 0, 0, 3, 76.51, 46521, 252
9164, 0, 164, 268, 264, 13, 22.01%, 0, 0, 3, 74.59, 46878, 252
9169, 0, 164, 268, 264, 13, 22.01%, 0, 0, 3, 74.51, 47266, 252
9316, 0, 164, 269, 265, 13, 22.01%, 0, 0, 3, 0.13, 47398, 252
9321, 0, 164, 269, 265, 13, 22.01%, 0, 0, 3, 87.99, 47823, 252
9326, 0, 164, 269, 265, 13, 22.01%, 0, 0, 3, 97.93, 48307, 252
9331, 0, 164, 269, 265, 13, 22.01%, 0, 0, 3, 115.68, 48871, 252
9336, 0, 164, 269, 265, 13, 22.01%, 0, 0, 3, 177.39, 49760, 252
9381, 0, 133, 270, 263, 10, 22.01%, 0, 0, 3, 3.87, 50383, 252
9545, 0, 256, 271, 263, 9, 22.10%, 0, 0, 4, 0.82, 50966, 253
9712, 0, 256, 272, 264, 9, 22.10%, 0, 0, 4, 0.07, 51119, 253
9883, 0, 256, 273, 265, 9, 22.10%, 0, 0, 4, 0.08, 51399, 253
10050, 0, 256, 274, 266, 9, 22.10%, 0, 0, 4, 0.09, 51426, 253
10217, 0, 256, 275, 267, 9, 22.10%, 0, 0, 4, 0.09, 51435, 253
10222, 0, 256, 275, 267, 9, 22.10%, 0, 0, 4, 117.75, 52063, 253
10294, 0, 42, 276, 267, 8, 22.10%, 0, 0, 4, 2.50, 53028, 253
10443, 0, 184, 277, 267, 7, 22.18%, 0, 0, 4, 0.18, 53629, 254
10554, 0, 184, 278, 268, 7, 22.18%, 0, 0, 4, 0.18, 53645, 254
10685, 0, 184, 279, 269, 7, 22.18%, 0, 0, 4, 0.12, 53724, 254
10826, 0, 184, 280, 270, 7, 22.18%, 0, 0, 4, 0.12, 53738, 254
10831, 0, 184, 280, 270, 7, 22.18%, 0, 0, 4, 123.89, 54354, 254
10999, 0, 184, 281, 271, 7, 22.18%, 0, 0, 4, 0.12, 54820, 254
11079, 0, 129, 282, 269, 5, 22.18%, 0, 0, 4, 0.51, 56067, 254
11112, 0, 214, 283, 268, 4, 22.18%, 0, 0, 4, 1.78, 56781, 254
11181, 0, 214, 284, 269, 4, 22.18%, 0, 0, 4, 1.05, 57174, 254
11261, 0, 193, 285, 269, 3, 22.18%, 0, 0, 4, 0.73, 57926, 254
11266, 0, 90, 286, 268, 1, 22.18%, 0, 0, 4, 42.94, 58786, 254
11430, 0, 276, 287, 268, 0, 22.18%, 0, 0, 4, 0.93, 59691, 254
11580, 0, 276, 288, 269, 0, 22.18%, 0, 0, 4, 0.09, 59705, 254
11730, 0, 276, 289, 270, 0, 22.18%, 0, 0, 4, 0.11, 59749, 254
11914, 0, 276, 290, 271, 0, 22.18%, 0, 0, 4, 0.31, 60386, 254
12132, 0, 276, 291, 272, 0, 22.18%, 0, 0, 4, 0.33, 60499, 254
12285, 0, 276, 292, 273, 0, 22.18%, 0, 0, 4, 0.31, 60520, 254
12451, 0, 276, 293, 274, 0, 22.18%, 0, 0, 4, 0.79, 63029, 254
12456, 0, 276, 293, 274, 0, 22.18%, 0, 0, 4, 786.78, 66393, 254
12595, 0, 276, 294, 275, 0, 22.18%, 0, 0, 4, 0.52, 69361, 254
12601, 0, 276, 294, 275, 0, 22.18%, 0, 0, 4, 117.24, 72480, 254
12606, 0, 276, 294, 275, 0, 22.18%, 0, 0, 4, 83.66, 72841, 254
12612, 0, 276, 294, 275, 0, 22.18%, 0, 0, 4, 95.48, 73237, 254
12617, 0, 276, 294, 275, 0, 22.18%, 0, 0, 4, 90.88, 73663, 254
12622, 0, 276, 294, 275, 0, 22.18%, 0, 0, 4, 135.41, 74176, 254
12627, 0, 276, 294, 275, 0, 22.18%, 0, 0, 4, 135.73, 74816, 254
12850, 0, 1, 295, 275, 0, 22.18%, 0, 0, 4, 0.47, 76790, 254
12855, 0, 29, 295, 275, 0, 22.18%, 0, 0, 4, 907.15, 79141, 254
12886, 0, 214, 296, 276, 0, 22.18%, 0, 0, 4, 2.03, 79203, 254
12891, 0, 184, 296, 276, 0, 22.18%, 0, 0, 4, 644.99, 81983, 254
12913, 0, 133, 297, 277, 0, 22.18%, 0, 0, 4, 5.28, 83262, 254
13147, 0, 90, 298, 278, 0, 22.18%, 0, 0, 4, 0.12, 85524, 254
13381, 0, 90, 299, 279, 0, 22.18%, 0, 0, 4, 0.12, 85554, 254
13611, 0, 90, 300, 280, 0, 22.18%, 0, 0, 4, 0.12, 85748, 254
13616, 0, 90, 300, 280, 0, 22.18%, 0, 0, 4, 139.11, 86360, 254
13826, 0, 90, 301, 281, 0, 22.27%, 0, 0, 4, 0.20, 86516, 255
13831, 0, 214, 301, 280, 0, 22.27%, 0, 0, 4, 880.34, 88218, 255
13847, 0, 29, 302, 281, 0, 22.27%, 0, 0, 4, 7.17, 89832, 255
14159, 0, 42, 303, 282, 0, 22.27%, 0, 0, 4, 0.11, 91529, 255
14164, 0, 29, 303, 282, 0, 22.27%, 0, 0, 4, 423.76, 93468, 255
14492, 0, 159, 304, 283, 0, 22.27%, 0, 0, 4, 0.10, 94647, 255
14777, 0, 159, 305, 284, 0, 22.27%, 0, 0, 4, 0.09, 94659, 255
15101, 0, 159, 306, 285, 0, 22.27%, 0, 0, 4, 0.09, 94671, 255
15469, 0, 159, 307, 286, 0, 22.27%, 0, 0, 4, 0.09, 94721, 255
15752, 0, 159, 308, 287, 0, 22.27%, 0, 0, 4, 0.11, 94845, 255
15757, 0, 159, 308, 287, 0, 22.27%, 0, 0, 4, 81.74, 95382, 255
15762, 0, 159, 308, 287, 0, 22.27%, 0, 0, 4, 96.50, 95854, 255
15767, 0, 159, 308, 287, 0, 22.27%, 0, 0, 4, 124.67, 96397, 255
16155, 0, 96, 309, 288, 0, 22.27%, 0, 0, 4, 0.17, 97864, 255
16160, 0, 29, 309, 288, 0, 22.27%, 0, 0, 4, 457.53, 100014, 255
16165, 0, 29, 309, 285, 0, 22.27%, 0, 0, 4, 688.34, 103697, 255
16524, 0, 88, 310, 286, 0, 22.27%, 0, 0, 4, 0.14, 104979, 255
16869, 0, 303, 311, 286, 0, 22.27%, 0, 0, 4, 0.05, 106670, 255
17264, 0, 303, 312, 287, 0, 22.27%, 0, 0, 4, 0.05, 106683, 255
17633, 0, 303, 313, 288, 0, 22.27%, 0, 0, 4, 0.05, 106733, 255
17991, 0, 303, 314, 289, 0, 22.27%, 0, 0, 4, 0.07, 106946, 255
18300, 0, 303, 315, 290, 0, 22.27%, 0, 0, 4, 0.07, 106981, 255
18619, 0, 303, 316, 291, 0, 22.27%, 0, 0, 4, 0.45, 107125, 255
18874, 0, 303, 317, 292, 0, 22.27%, 0, 0, 4, 0.71, 107480, 255
19209, 0, 303, 318, 293, 0, 22.27%, 0, 0, 4, 0.12, 108886, 255
19610, 0, 303, 319, 294, 0, 22.27%, 0, 0, 4, 0.36, 109184, 255
20026, 0, 303, 320, 295, 0, 22.27%, 0, 0, 4, 0.02, 109356, 255
20031, 0, 303, 320, 295, 0, 22.27%, 0, 0, 4, 730.52, 112939, 255
20036, 0, 303, 320, 295, 0, 22.27%, 0, 0, 4, 784.01, 116368, 255
20042, 0, 303, 320, 295, 0, 22.27%, 0, 0, 4, 86.63, 119523, 255
20047, 0, 303, 320, 295, 0, 22.27%, 0, 0, 4, 63.93, 119812, 255
20052, 0, 303, 320, 295, 0, 22.27%, 0, 0, 4, 67.75, 120118, 255
20057, 0, 303, 320, 295, 0, 22.27%, 0, 0, 4, 69.98, 120453, 255
20062, 0, 303, 320, 295, 0, 22.27%, 0, 0, 4, 77.55, 120805, 255
20068, 0, 303, 320, 295, 0, 22.27%, 0, 0, 4, 81.74, 121192, 255
20073, 0, 303, 320, 295, 0, 22.27%, 0, 0, 4, 90.66, 121629, 255
20078, 0, 303, 320, 295, 0, 22.27%, 0, 0, 4, 103.09, 122121, 255
20083, 0, 303, 320, 295, 0, 22.27%, 0, 0, 4, 129.85, 122737, 255
20088, 0, 29, 320, 294, 0, 22.27%, 0, 0, 4, 407.71, 124510, 255
20093, 0, 29, 320, 294, 0, 22.27%, 0, 0, 4, 700.66, 128253, 255
20311, 0, 1, 321, 293, 0, 22.27%, 0, 0, 4, 0.21, 130858, 255
20533, 0, 1, 322, 294, 0, 22.27%, 0, 0, 4, 0.20, 130889, 255
20772, 0, 1, 323, 295, 0, 22.27%, 0, 0, 4, 0.13, 130978, 255
20777, 0, 1, 323, 295, 0, 22.27%, 0, 0, 4, 184.86, 131640, 255
20782, 0, 29, 323, 295, 0, 22.27%, 0, 0, 4, 548.76, 134332, 255
20787, 0, 29, 323, 295, 0, 22.27%, 0, 0, 4, 726.75, 138118, 255
20817, 1, 29, 324, 296, 0, 22.27%, 0, 0, 4, 4.45, 140936, 255
20840, 1, 29, 325, 297, 0, 22.27%, 0, 0, 4, 4.49, 141049, 255
20845, 1, 29, 326, 298, 0, 22.36%, 0, 0, 4, 865.62, 141641, 256
20875, 1, 29, 327, 298, 0, 22.36%, 0, 0, 4, 1.60, 141936, 256
20903, 1, 29, 328, 299, 0, 22.36%, 0, 0, 4, 1.55, 141958, 256
20908, 1, 29, 328, 299, 0, 22.36%, 0, 0, 4, 201.27, 142801, 256
20994, 1, 211, 329, 300, 0, 22.36%, 0, 0, 4, 0.70, 143560, 256
21230, 1, 96, 330, 300, 0, 22.36%, 0, 0, 4, 0.16, 145904, 256
21235, 1, 96, 330, 297, 0, 22.36%, 0, 0, 4, 823.66, 148591, 256
21464, 1, 75, 331, 295, 0, 22.36%, 0, 0, 4, 0.66, 150126, 256
21469, 1, 29, 331, 293, 0, 22.36%, 0, 0, 4, 821.33, 152750, 256
21474, 1, 29, 331, 290, 0, 22.36%, 0, 0, 4, 900.00, 156723, 256
21479, 1, 112, 331, 287, 0, 22.36%, 0, 0, 4, 806.84, 160460, 256
21484, 1, 29, 331, 285, 0, 22.36%, 0, 0, 4, 810.18, 164350, 256
21592, 1, 11, 332, 284, 0, 22.36%, 0, 0, 4, 0.26, 167246, 256
21597, 1, 29, 332, 282, 0, 22.36%, 0, 0, 4, 598.20, 170240, 256
21787, 1, 1, 333, 283, 0, 22.36%, 0, 0, 4, 0.32, 172133, 256
21979, 1, 1, 334, 284, 0, 22.36%, 0, 0, 4, 0.13, 172230, 256
21985, 1, 42, 334, 284, 0, 22.36%, 0, 0, 4, 361.27, 173715, 256
21990, 1, 164, 334, 283, 0, 22.36%, 0, 0, 4, 802.02, 178144, 256
21995, 1, 29, 334, 280, 0, 22.36%, 0, 0, 4, 922.89, 182612, 256
22000, 1, 25, 334, 278, 0, 22.36%, 0, 0, 4, 944.46, 186989, 256
22208, 1, 1, 335, 279, 0, 22.36%, 0, 0, 4, 0.12, 187409, 256
22214, 1, 133, 335, 279, 0, 22.36%, 0, 0, 4, 715.05, 190909, 256
22478, 2, 223, 336, 278, 0, 22.36%, 0, 0, 4, 0.46, 194641, 256
22731, 2, 223, 337, 279, 0, 22.36%, 0, 0, 4, 0.04, 194726, 256
23000, 2, 223, 338, 280, 0, 22.36%, 0, 0, 4, 0.03, 194922, 256
23005, 2, 223, 338, 280, 0, 22.36%, 0, 0, 4, 182.96, 195701, 256
23010, 2, 325, 338, 278, 0, 22.36%, 0, 0, 4, 1043.36, 199235, 256
23015, 2, 29, 338, 276, 0, 22.36%, 0, 0, 4, 1013.74, 203778, 256
23593, 2, 159, 339, 277, 0, 22.36%, 0, 0, 4, 0.20, 205640, 256
24183, 2, 159, 340, 278, 0, 22.36%, 0, 0, 4, 0.02, 205722, 256
24189, 2, 159, 340, 278, 0, 22.36%, 0, 0, 4, 197.09, 206616, 256
24194, 2, 10, 340, 275, 0, 22.36%, 0, 0, 4, 769.66, 210959, 256
24199, 2, 276, 340, 272, 0, 22.36%, 0, 0, 4, 913.70, 215286, 256
24856, 2, 96, 341, 273, 0, 22.36%, 0, 0, 4, 0.25, 216661, 256
24861, 2, 29, 341, 272, 0, 22.36%, 0, 0, 4, 576.71, 219495, 256
24866, 2, 96, 341, 270, 0, 22.36%, 0, 0, 4, 1087.37, 223981, 256
24871, 2, 25, 341, 268, 0, 22.36%, 0, 0, 4, 918.21, 228090, 256
25159, 2, 29, 342, 268, 0, 22.36%, 0, 0, 4, 0.51, 230583, 256
25285, 2, 29, 343, 269, 0, 22.36%, 0, 0, 4, 0.34, 230788, 256
25560, 2, 76, 344, 270, 0, 22.36%, 0, 0, 4, 0.04, 231327, 256
25848, 2, 76, 345, 271, 0, 22.36%, 0, 0, 4, 0.10, 231432, 256
26122, 2, 76, 346, 272, 0, 22.36%, 0, 0, 4, 0.05, 231585, 256
26127, 2, 76, 346, 272, 0, 22.36%, 0, 0, 4, 131.98, 232272, 256
26133, 2, 25, 346, 271, 0, 22.36%, 0, 0, 4, 240.04, 233364, 256
26806, 2, 3, 347, 270, 0, 22.36%, 0, 0, 4, 0.27, 236677, 256
26811, 2, 29, 347, 269, 0, 22.36%, 0, 0, 4, 935.93, 239185, 256
26816, 2, 29, 347, 269, 0, 22.36%, 0, 0, 4, 903.91, 243353, 256
27481, 2, 96, 348, 270, 0, 22.36%, 0, 0, 4, 0.16, 243825, 256
27486, 2, 29, 348, 269, 0, 22.36%, 0, 0, 4, 560.17, 246463, 256
27491, 2, 159, 348, 269, 0, 22.36%, 0, 0, 4, 845.85, 250744, 256
27496, 3, 29, 348, 267, 0, 22.36%, 0, 0, 4, 898.36, 255021, 256
27501, 3, 1, 348, 266, 0, 22.36%, 0, 0, 4, 882.59, 259148, 256
27506, 3, 1, 348, 265, 0, 22.36%, 0, 0, 4, 881.82, 263260, 256
28327, 3, 346, 349, 266, 0, 22.36%, 0, 0, 4, 0.07, 264420, 256
29249, 3, 346, 350, 267, 0, 22.36%, 0, 0, 4, 0.07, 264514, 256
30053, 3, 346, 351, 268, 0, 22.36%, 0, 0, 4, 0.04, 264858, 256
30058, 3, 346, 351, 268, 0, 22.36%, 0, 0, 4, 122.30, 265446, 256
30063, 3, 346, 351, 268, 0, 22.36%, 0, 0, 4, 173.11, 266291, 256
30068, 3, 328, 351, 267, 0, 22.36%, 0, 0, 4, 957.52, 270431, 256
30833, 3, 193, 352, 267, 0, 22.36%, 0, 0, 4, 0.20, 271497, 256
30838, 3, 61, 352, 265, 0, 22.36%, 0, 0, 4, 934.26, 273863, 256
30844, 3, 29, 352, 263, 0, 22.36%, 0, 0, 4, 886.45, 278025, 256
30849, 3, 29, 352, 262, 0, 22.36%, 0, 0, 4, 879.73, 282212, 256
31654, 3, 55, 353, 262, 0, 22.36%, 0, 0, 4, 0.24, 283117, 256
33095, 3, 55, 354, 263, 0, 22.36%, 0, 0, 4, 0.01, 283131, 256
33100, 3, 55, 354, 263, 0, 22.36%, 0, 0, 4, 157.50, 283849, 256
34541, 3, 55, 355, 264, 0, 22.36%, 0, 0, 4, 0.02, 284044, 256
36003, 3, 55, 356, 265, 0, 22.36%, 0, 0, 4, 0.02, 284059, 256
36008, 3, 55, 356, 265, 0, 22.36%, 0, 0, 4, 138.34, 284680, 256
36013, 3, 29, 356, 264, 0, 22.36%, 0, 0, 4, 595.75, 287039, 256
36018, 3, 1, 356, 262, 0, 22.36%, 0, 0, 4, 1097.10, 291623, 256
36023, 3, 29, 356, 260, 0, 22.36%, 0, 0, 4, 1019.03, 296114, 256
36028, 3, 29, 356, 259, 0, 22.36%, 0, 0, 4, 1013.02, 299854, 256
37442, 3, 19, 357, 259, 0, 22.36%, 0, 0, 4, 0.07, 302438, 256
38833, 3, 19, 358, 260, 0, 22.36%, 0, 0, 4, 0.01, 302472, 256
40189, 3, 19, 359, 261, 0, 22.36%, 0, 0, 4, 0.01, 302485, 256
41555, 3, 19, 360, 262, 0, 22.36%, 0, 0, 4, 0.01, 302493, 256
42891, 3, 19, 361, 263, 0, 22.36%, 0, 0, 4, 0.01, 302518, 256
42896, 3, 19, 361, 263, 0, 22.36%, 0, 0, 4, 74.98, 302885, 256
42902, 3, 19, 361, 263, 0, 22.36%, 0, 0, 4, 86.16, 303211, 256
42907, 3, 19, 361, 263, 0, 22.36%, 0, 0, 4, 97.56, 303649, 256
42912, 3, 19, 361, 263, 0, 22.36%, 0, 0, 4, 104.36, 304155, 256
42917, 3, 19, 361, 263, 0, 22.36%, 0, 0, 4, 149.85, 304823, 256
42922, 3, 25, 361, 259, 0, 22.36%, 0, 0, 4, 904.17, 307723, 256
42927, 3, 325, 361, 259, 0, 22.36%, 0, 0, 4, 907.60, 311733, 256
42932, 4, 29, 361, 257, 0, 22.36%, 0, 0, 4, 867.10, 315743, 256
42938, 4, 29, 361, 256, 0, 22.36%, 0, 0, 4, 863.97, 319766, 256
42943, 4, 29, 361, 256, 0, 22.36%, 0, 0, 4, 890.24, 323742, 256
42948, 4, 25, 361, 254, 0, 22.36%, 0, 0, 4, 850.33, 327674, 256
42953, 4, 276, 361, 252, 0, 22.36%, 0, 0, 4, 860.32, 331719, 256
42958, 4, 29, 361, 250, 0, 22.36%, 0, 0, 4, 965.57, 335714, 256
42963, 4, 70, 361, 249, 0, 22.36%, 0, 0, 4, 895.65, 339642, 256
43265, 4, 159, 362, 249, 0, 22.36%, 0, 0, 4, 0.29, 340296, 256
43270, 4, 133, 362, 249, 0, 22.36%, 0, 0, 4, 608.02, 343341, 256
43275, 4, 72, 362, 245, 0, 22.36%, 0, 0, 4, 898.90, 348198, 256
43280, 4, 29, 362, 243, 0, 22.36%, 0, 0, 4, 1009.63, 352420, 256
43285, 4, 29, 362, 241, 0, 22.36%, 0, 0, 4, 948.39, 356654, 256
43290, 4, 29, 362, 239, 0, 22.36%, 0, 0, 4, 968.25, 360881, 256
43295, 4, 29, 362, 236, 0, 22.36%, 0, 0, 4, 945.30, 365228, 256
43300, 5, 29, 362, 233, 0, 22.36%, 0, 0, 4, 944.48, 369601, 256
43305, 5, 1, 362, 233, 0, 22.36%, 0, 0, 4, 967.17, 373884, 256
43311, 5, 29, 362, 231, 0, 22.36%, 0, 0, 4, 922.17, 378118, 256
43316, 5, 29, 362, 229, 0, 22.36%, 0, 0, 4, 957.95, 382514, 256
43321, 5, 29, 362, 226, 0, 22.36%, 0, 0, 4, 959.85, 386889, 256
44913, 5, 96, 363, 226, 0, 22.36%, 0, 0, 4, 0.08, 391036, 256
46447, 5, 96, 364, 227, 0, 22.36%, 0, 0, 4, 0.08, 391061, 256
48011, 5, 96, 365, 228, 0, 22.36%, 0, 0, 4, 0.01, 391372, 256
48016, 5, 96, 365, 228, 0, 22.36%, 0, 0, 4, 135.88, 391934, 256
48021, 5, 96, 365, 228, 0, 22.36%, 0, 0, 4, 239.51, 392839, 256
48026, 5, 77, 365, 224, 0, 22.36%, 0, 0, 4, 931.64, 396898, 256
48031, 5, 319, 365, 220, 0, 22.36%, 0, 0, 4, 450.10, 401033, 256
48036, 5, 29, 365, 218, 0, 22.36%, 0, 0, 4, 753.14, 405009, 256
48042, 5, 348, 365, 218, 0, 22.36%, 0, 0, 4, 824.25, 409007, 256
48047, 5, 29, 365, 215, 0, 22.36%, 0, 0, 4, 849.72, 413057, 256
48052, 5, 3, 365, 214, 0, 22.36%, 0, 0, 4, 903.15, 417182, 256
48057, 5, 29, 365, 214, 0, 22.36%, 0, 0, 4, 891.11, 421349, 256
48062, 5, 29, 365, 214, 0, 22.36%, 0, 0, 4, 957.55, 425500, 256
48067, 6, 3, 365, 213, 0, 22.36%, 0, 0, 4, 905.11, 429692, 256
48072, 6, 3, 365, 211, 0, 22.36%, 0, 0, 4, 939.41, 433749, 256
48077, 6, 29, 365, 210, 0, 22.36%, 0, 0, 4, 398.46, 437785, 256
48082, 6, 3, 365, 210, 0, 22.36%, 0, 0, 4, 975.30, 441986, 256
48087, 6, 29, 365, 210, 0, 22.36%, 0, 0, 4, 830.03, 446223, 256
48093, 6, 29, 365, 208, 0, 22.36%, 0, 0, 4, 859.63, 450401, 256
48098, 6, 29, 365, 208, 0, 22.36%, 0, 0, 4, 385.77, 454443, 256
48103, 6, 29, 365, 206, 0, 22.36%, 0, 0, 4, 766.01, 458624, 256
48108, 6, 25, 365, 204, 0, 22.36%, 0, 0, 4, 846.97, 462757, 256
48113, 6, 318, 365, 203, 0, 22.36%, 0, 0, 4, 918.87, 466877, 256
48118, 6, 29, 365, 202, 0, 22.36%, 0, 0, 4, 892.46, 471068, 256
48123, 6, 157, 365, 200, 0, 22.36%, 0, 0, 4, 882.56, 475215, 256
48128, 7, 3, 365, 197, 0, 22.36%, 0, 0, 4, 861.27, 479296, 256
48133, 7, 133, 365, 196, 0, 22.36%, 0, 0, 4, 863.83, 483403, 256
48139, 7, 3, 365, 195, 0, 22.36%, 0, 0, 4, 867.57, 487527, 256
48144, 7, 29, 365, 193, 0, 22.36%, 0, 0, 4, 876.47, 491565, 256
48149, 7, 29, 365, 193, 0, 22.36%, 0, 0, 4, 982.54, 495841, 256
48154, 7, 25, 365, 189, 0, 22.36%, 0, 0, 4, 797.76, 499946, 256
48159, 7, 29, 365, 185, 0, 22.36%, 0, 0, 4, 863.07, 504172, 256
48164, 7, 159, 365, 184, 0, 22.36%, 0, 0, 4, 861.27, 508139, 256
48169, 7, 1, 365, 183, 0, 22.36%, 0, 0, 4, 961.07, 512323, 256
48174, 7, 29, 365, 183, 0, 22.36%, 0, 0, 4, 913.00, 516613, 256
48179, 7, 29, 365, 179, 0, 22.36%, 0, 0, 4, 992.47, 520850, 256
50028, 7, 96, 366, 180, 0, 22.36%, 0, 0, 4, 0.03, 524090, 256
50034, 7, 29, 366, 180, 0, 22.36%, 0, 0, 4, 959.10, 526241, 256
50039, 7, 29, 366, 178, 0, 22.36%, 0, 0, 4, 935.85, 530398, 256
50044, 8, 29, 366, 177, 0, 22.36%, 0, 0, 4, 913.96, 534446, 256
50860, 8, 83, 367, 178, 0, 22.36%, 0, 0, 4, 0.14, 535593, 256
51643, 8, 83, 368, 179, 0, 22.36%, 0, 0, 4, 0.04, 535678, 256
51648, 8, 83, 368, 179, 0, 22.36%, 0, 0, 4, 147.74, 536383, 256
51653, 8, 29, 368, 177, 0, 22.36%, 0, 0, 4, 927.21, 539653, 256
51658, 8, 29, 368, 176, 0, 22.36%, 0, 0, 4, 874.08, 543842, 256
51663, 8, 29, 368, 176, 0, 22.36%, 0, 0, 4, 999.23, 547927, 256
51668, 8, 29, 368, 174, 0, 22.36%, 0, 0, 4, 1025.00, 552174, 256
51674, 8, 271, 368, 172, 0, 22.36%, 0, 0, 4, 900.09, 556372, 256
51679, 8, 184, 368, 169, 0, 22.36%, 0, 0, 4, 905.47, 560321, 256
51684, 8, 29, 368, 167, 0, 22.36%, 0, 0, 4, 950.00, 564282, 256
51689, 8, 29, 368, 166, 0, 22.36%, 0, 0, 4, 940.30, 568414, 256
51694, 8, 29, 368, 163, 0, 22.36%, 0, 0, 4, 900.77, 572650, 256
51699, 8, 358, 368, 162, 0, 22.36%, 0, 0, 4, 821.30, 576640, 256
51704, 8, 29, 368, 161, 0, 22.36%, 0, 0, 4, 809.19, 580502, 256
51709, 8, 29, 368, 161, 0, 22.36%, 0, 0, 4, 950.00, 584443, 256
51714, 8, 29, 368, 159, 0, 22.36%, 0, 0, 4, 1090.00, 588398, 256
51720, 9, 1, 368, 157, 0, 22.36%, 0, 0, 4, 1065.00, 592659, 256
51725, 9, 29, 368, 156, 0, 22.36%, 0, 0, 4, 1000.00, 596661, 256
51730, 9, 1, 368, 156, 0, 22.36%, 0, 0, 4, 893.23, 600761, 256
51738, 9, 29, 369, 157, 0, 22.36%, 0, 0, 4, 35.11, 603324, 256
51743, 9, 29, 369, 156, 0, 22.36%, 0, 0, 4, 797.09, 607112, 256
51748, 9, 276, 369, 156, 0, 22.36%, 0, 0, 4, 937.74, 611123, 256
51753, 9, 368, 369, 155, 0, 22.36%, 0, 0, 4, 935.07, 615299, 256
53583, 9, 368, 370, 156, 0, 22.36%, 0, 0, 4, 0.03, 616648, 256
53588, 9, 368, 370, 156, 0, 22.36%, 0, 0, 4, 428.32, 618378, 256
53593, 9, 368, 370, 156, 0, 22.36%, 0, 0, 4, 727.23, 622162, 256
53598, 9, 29, 370, 155, 0, 22.36%, 0, 0, 4, 805.78, 626029, 256
53603, 9, 252, 370, 155, 0, 22.36%, 0, 0, 4, 804.34, 629815, 256
53608, 9, 244, 370, 152, 0, 22.36%, 0, 0, 4, 867.07, 633742, 256
53613, 9, 29, 370, 151, 0, 22.36%, 0, 0, 4, 849.40, 637747, 256
53619, 9, 164, 370, 149, 0, 22.36%, 0, 0, 4, 932.94, 641793, 256
53624, 9, 1, 370, 149, 0, 22.36%, 0, 0, 4, 867.87, 645779, 256
53629, 9, 25, 370, 148, 0, 22.36%, 0, 0, 4, 848.47, 649756, 256
53634, 10, 29, 370, 148, 0, 22.36%, 0, 0, 4, 825.82, 653588, 256
53639, 10, 1, 370, 146, 0, 22.36%, 0, 0, 4, 840.66, 657557, 256
53645, 10, 29, 370, 146, 0, 22.36%, 0, 0, 4, 821.27, 661777, 256
53650, 10, 29, 370, 146, 0, 22.36%, 0, 0, 4, 804.49, 665897, 256
53655, 10, 1, 370, 146, 0, 22.36%, 0, 0, 4, 94.99, 670181, 256
53660, 10, 25, 370, 144, 0, 22.36%, 0, 0, 4, 889.76, 674418, 256
54011, 10, 361, 371, 145, 0, 22.36%, 0, 0, 4, 0.12, 675596, 256
54016, 10, 29, 371, 145, 0, 22.36%, 0, 0, 4, 618.89, 678197, 256
54021, 10, 335, 371, 145, 0, 22.36%, 0, 0, 4, 14.20, 682136, 256
54026, 10, 3, 371, 144, 0, 22.36%, 0, 0, 4, 867.94, 686191, 256
54031, 10, 29, 371, 144, 0, 22.36%, 0, 0, 4, 841.07, 690253, 256
54036, 10, 368, 371, 143, 0, 22.36%, 0, 0, 4, 839.12, 694299, 256
54041, 10, 29, 371, 143, 0, 22.36%, 0, 0, 4, 842.28, 698385, 256
54046, 10, 29, 371, 142, 0, 22.36%, 0, 0, 4, 864.74, 702604, 256
54052, 11, 1, 371, 141, 0, 22.36%, 0, 0, 4, 837.88, 706644, 256
54057, 11, 29, 371, 140, 0, 22.36%, 0, 0, 4, 168.83, 710717, 256
54062, 11, 231, 371, 140, 0, 22.36%, 0, 0, 4, 860.91, 714785, 256
54067, 11, 29, 371, 136, 0, 22.36%, 0, 0, 4, 30.91, 718794, 256
54072, 11, 276, 371, 136, 0, 22.36%, 0, 0, 4, 888.98, 722828, 256
54077, 11, 29, 371, 136, 0, 22.36%, 0, 0, 4, 931.28, 726730, 256
55934, 11, 368, 372, 137, 0, 22.36%, 0, 0, 4, 0.04, 729451, 256
55939, 11, 96, 372, 137, 0, 22.36%, 0, 0, 4, 997.72, 731467, 256
58823, 11, 96, 373, 138, 0, 22.36%, 0, 0, 4, 0.03, 731542, 256
61569, 11, 96, 374, 139, 0, 22.36%, 0, 0, 4, 0.00, 731567, 256
64427, 11, 96, 375, 140, 0, 22.36%, 0, 0, 4, 0.00, 731577, 256
67262, 11, 96, 376, 141, 0, 22.36%, 0, 0, 4, 0.00, 731595, 256
70068, 11, 96, 377, 142, 0, 22.36%, 0, 0, 4, 0.00, 731608, 256
72926, 11, 96, 378, 143, 0, 22.36%, 0, 0, 4, 0.01, 731875, 256
75786, 11, 96, 379, 144, 0, 22.36%, 0, 0, 4, 0.00, 731913, 256
75791, 11, 96, 379, 144, 0, 22.36%, 0, 0, 4, 58.74, 732182, 256
75796, 11, 96, 379, 144, 0, 22.36%, 0, 0, 4, 61.26, 732281, 256
75801, 11, 96, 379, 144, 0, 22.36%, 0, 0, 4, 64.19, 732559, 256
75806, 11, 96, 379, 144, 0, 22.36%, 0, 0, 4, 66.60, 732865, 256
75811, 11, 96, 379, 144, 0, 22.36%, 0, 0, 4, 72.90, 733190, 256
75816, 11, 96, 379, 144, 0, 22.36%, 0, 0, 4, 80.47, 733555, 256
75821, 11, 96, 379, 144, 0, 22.36%, 0, 0, 4, 89.69, 733955, 256
75826, 11, 96, 379, 144, 0, 22.36%, 0, 0, 4, 70.85, 734394, 256
75831, 11, 96, 379, 144, 0, 22.36%, 0, 0, 4, 109.57, 734948, 256
75837, 11, 96, 379, 144, 0, 22.36%, 0, 0, 4, 169.24, 735699, 256
75842, 11, 29, 379, 144, 0, 22.36%, 0, 0, 4, 730.33, 739731, 256
78928, 11, 3, 380, 145, 0, 22.36%, 0, 0, 4, 0.02, 743092, 256
81944, 11, 3, 381, 146, 0, 22.45%, 0, 0, 4, 0.00, 743226, 257
81949, 11, 3, 381, 146, 0, 22.45%, 0, 0, 4, 144.28, 743834, 257
81954, 11, 29, 381, 145, 0, 22.45%, 0, 0, 4, 493.55, 746062, 257
81959, 11, 29, 381, 143, 0, 22.45%, 0, 0, 4, 785.57, 750125, 257
81964, 11, 1, 381, 142, 0, 22.45%, 0, 0, 4, 863.66, 754268, 257
81969, 11, 276, 381, 142, 0, 22.45%, 0, 0, 4, 972.13, 758554, 257
81974, 11, 29, 381, 142, 0, 22.45%, 0, 0, 4, 953.48, 762889, 257
84951, 11, 368, 382, 143, 0, 22.45%, 0, 0, 4, 0.03, 765811, 257
84956, 12, 29, 382, 143, 0, 22.45%, 0, 0, 4, 1022.55, 768712, 257
84961, 12, 29, 382, 142, 0, 22.45%, 0, 0, 4, 1070.97, 773855, 257
84966, 12, 42, 382, 142, 0, 22.45%, 0, 0, 4, 1118.00, 778947, 257
84972, 12, 133, 382, 139, 0, 22.45%, 0, 0, 4, 1130.54, 784009, 257
84977, 12, 377, 382, 138, 0, 22.45%, 0, 0, 4, 911.67, 788741, 257
84982, 12, 214, 382, 137, 0, 22.45%, 0, 0, 4, 1095.38, 793735, 257
84987, 12, 29, 382, 137, 0, 22.45%, 0, 0, 4, 1087.60, 798910, 257
84992, 12, 29, 382, 136, 0, 22.45%, 0, 0, 4, 1135.62, 803970, 257
84997, 12, 29, 382, 135, 0, 22.45%, 0, 0, 4, 1160.02, 808976, 257
85002, 12, 381, 382, 134, 0, 22.45%, 0, 0, 4, 486.81, 813909, 257
85007, 12, 29, 382, 133, 0, 22.45%, 0, 0, 4, 929.37, 818880, 257
85013, 12, 378, 382, 132, 0, 22.45%, 0, 0, 4, 1053.36, 823776, 257
85018, 13, 29, 382, 131, 0, 22.45%, 0, 0, 4, 1140.19, 828395, 257
85023, 13, 94, 382, 131, 0, 22.45%, 0, 0, 4, 1162.25, 833482, 257
