# relative_time, cycles_done, cur_item, corpus_count, pending_total, pending_favs, map_size, saved_crashes, saved_hangs, max_depth, execs_per_sec, total_execs, edges_found
64, 0, 0, 64, 64, 1, 10.63%, 1, 2, 2, 89.82, 900, 246
69, 0, 0, 71, 71, 1, 11.02%, 1, 2, 2, 79.99, 1221, 255
74, 0, 0, 77, 77, 1, 11.06%, 3, 2, 2, 81.90, 1585, 256
79, 0, 0, 80, 80, 1, 11.14%, 4, 3, 2, 112.07, 1916, 258
84, 0, 0, 86, 86, 1, 11.27%, 5, 3, 2, 19.28, 2213, 261
90, 0, 0, 89, 89, 1, 11.27%, 6, 4, 2, 121.29, 2615, 261
95, 0, 0, 95, 95, 1, 12.66%, 7, 4, 2, 105.12, 3065, 293
100, 0, 0, 99, 99, 1, 12.83%, 8, 5, 2, 150.27, 3560, 297
106, 0, 0, 101, 101, 1, 12.83%, 8, 7, 2, 38.46, 4114, 297
113, 0, 0, 112, 112, 1, 13.35%, 9, 7, 2, 4.67, 4472, 309
118, 0, 0, 114, 114, 1, 13.48%, 9, 7, 2, 5.19, 4491, 312
123, 0, 0, 117, 117, 1, 13.52%, 9, 7, 2, 7.39, 4549, 313
128, 0, 0, 121, 121, 1, 13.82%, 9, 7, 2, 10.12, 4628, 320
134, 0, 0, 133, 133, 1, 14.25%, 9, 7, 2, 23.18, 4803, 330
139, 0, 0, 137, 137, 1, 14.25%, 9, 7, 2, 114.48, 5160, 330
86399, 0, 0, 142, 142, 1, 16.20%, 11, 7, 2, 0.00, 5353, 375
