# relative_time, cycles_done, cur_item, corpus_count, pending_total, pending_favs, map_size, saved_crashes, saved_hangs, max_depth, execs_per_sec, total_execs, edges_found
290, 0, 0, 2, 2, 1, 15.88%, 1, 0, 2, 0.06, 26, 201
548, 0, 0, 3, 3, 1, 17.69%, 1, 0, 2, 0.06, 34, 224
803, 0, 0, 4, 4, 1, 17.93%, 1, 0, 2, 0.06, 42, 227
1061, 0, 0, 5, 5, 1, 18.33%, 1, 0, 2, 0.06, 50, 232
1261, 0, 0, 6, 6, 1, 18.80%, 1, 0, 2, 0.06, 58, 238
1517, 0, 0, 7, 7, 1, 18.88%, 1, 0, 2, 0.05, 66, 239
1743, 0, 0, 8, 8, 1, 18.88%, 1, 0, 2, 0.05, 74, 239
1960, 0, 0, 9, 9, 1, 18.88%, 1, 0, 2, 0.05, 82, 239
2152, 0, 0, 10, 10, 1, 19.04%, 1, 0, 2, 0.05, 90, 241
2413, 0, 0, 11, 11, 1, 19.12%, 1, 0, 2, 0.05, 98, 242
2677, 0, 0, 12, 12, 1, 19.51%, 1, 0, 2, 0.05, 106, 247
2949, 0, 0, 13, 13, 1, 19.59%, 1, 0, 2, 0.05, 114, 248
3217, 0, 0, 14, 14, 1, 19.75%, 1, 0, 2, 0.05, 122, 250
3408, 0, 0, 15, 15, 1, 19.75%, 1, 0, 2, 0.05, 130, 250
3476, 0, 0, 16, 16, 1, 20.06%, 1, 0, 2, 0.05, 139, 254
3663, 0, 0, 17, 17, 1, 20.14%, 1, 0, 2, 0.05, 147, 255
3812, 0, 0, 18, 18, 1, 20.38%, 1, 0, 2, 0.05, 155, 258
3960, 0, 0, 19, 19, 1, 20.38%, 1, 0, 2, 0.05, 163, 258
4156, 0, 0, 20, 20, 1, 20.46%, 1, 0, 2, 0.05, 172, 259
4328, 0, 0, 21, 21, 1, 20.54%, 1, 0, 2, 0.05, 180, 260
4574, 0, 0, 22, 22, 1, 20.62%, 1, 0, 2, 0.05, 189, 261
4638, 0, 0, 23, 23, 1, 20.93%, 1, 0, 2, 0.05, 197, 265
4898, 0, 0, 24, 24, 1, 21.09%, 1, 0, 2, 0.05, 205, 267
5157, 0, 0, 25, 25, 1, 21.09%, 1, 0, 2, 0.05, 213, 267
5417, 0, 0, 26, 26, 1, 21.09%, 1, 0, 2, 0.05, 222, 267
5662, 0, 0, 27, 27, 1, 21.25%, 1, 0, 2, 0.05, 232, 269
5882, 0, 0, 28, 28, 1, 21.33%, 1, 0, 2, 0.05, 240, 270
6107, 0, 0, 29, 29, 1, 21.41%, 1, 0, 2, 0.05, 248, 271
6366, 0, 0, 30, 30, 1, 21.48%, 1, 0, 2, 0.05, 256, 272
6616, 0, 0, 31, 31, 1, 21.56%, 1, 0, 2, 0.05, 264, 273
6651, 0, 0, 32, 32, 1, 21.72%, 2, 0, 2, 0.23, 274, 275
6715, 0, 0, 33, 33, 1, 21.80%, 2, 0, 2, 0.22, 283, 276
6778, 0, 0, 34, 34, 1, 21.88%, 2, 0, 2, 0.14, 296, 277
7016, 0, 0, 35, 35, 1, 22.04%, 2, 0, 2, 0.14, 304, 279
7070, 0, 0, 36, 36, 1, 22.12%, 4, 0, 2, 0.15, 318, 280
7124, 0, 0, 37, 37, 1, 22.20%, 4, 0, 2, 0.15, 326, 281
7176, 0, 0, 38, 38, 1, 22.27%, 4, 0, 2, 0.15, 334, 282
7227, 0, 0, 39, 39, 1, 22.27%, 4, 0, 2, 0.15, 342, 282
7274, 0, 0, 40, 40, 1, 22.27%, 4, 0, 2, 0.15, 350, 282
7325, 0, 0, 41, 41, 1, 22.35%, 4, 0, 2, 0.15, 359, 283
7375, 0, 0, 42, 42, 1, 22.43%, 4, 0, 2, 0.15, 367, 284
7427, 0, 0, 43, 43, 1, 22.51%, 4, 0, 2, 0.15, 375, 285
7478, 0, 0, 44, 44, 1, 22.67%, 4, 0, 2, 0.15, 383, 287
7526, 0, 0, 45, 45, 1, 22.67%, 4, 0, 2, 0.17, 397, 287
7573, 0, 0, 46, 46, 1, 22.75%, 4, 0, 2, 0.17, 407, 288
7619, 0, 0, 47, 47, 1, 22.83%, 4, 0, 2, 0.17, 415, 289
7666, 0, 0, 48, 48, 1, 22.91%, 5, 0, 2, 0.19, 426, 290
7716, 0, 0, 49, 49, 1, 22.99%, 5, 0, 2, 0.19, 434, 291
7767, 0, 0, 50, 50, 1, 23.06%, 6, 0, 2, 0.16, 444, 292
8034, 0, 0, 51, 51, 1, 23.06%, 7, 0, 2, 0.03, 454, 292
8298, 0, 0, 52, 52, 1, 23.14%, 7, 0, 2, 0.03, 462, 293
8562, 0, 0, 53, 53, 1, 23.22%, 8, 0, 2, 0.03, 474, 294
8822, 0, 0, 54, 54, 1, 23.30%, 8, 0, 2, 0.03, 482, 295
8886, 0, 0, 55, 55, 1, 23.30%, 9, 0, 2, 0.13, 492, 295
9104, 0, 0, 56, 56, 1, 23.46%, 10, 0, 2, 0.04, 506, 297
9320, 0, 0, 57, 57, 1, 23.70%, 10, 0, 2, 0.04, 514, 300
9542, 0, 0, 58, 58, 1, 24.72%, 10, 0, 2, 0.04, 523, 313
9814, 0, 0, 59, 59, 1, 24.80%, 11, 0, 2, 0.03, 535, 314
10113, 0, 0, 60, 60, 1, 24.80%, 11, 0, 2, 0.03, 543, 314
10167, 0, 0, 61, 61, 1, 24.88%, 11, 0, 2, 0.15, 553, 315
10221, 0, 0, 62, 62, 1, 24.96%, 11, 0, 2, 0.15, 562, 316
10276, 0, 0, 63, 63, 1, 25.04%, 12, 0, 2, 0.15, 578, 317
10500, 0, 0, 64, 64, 1, 25.12%, 12, 0, 2, 0.04, 590, 318
10807, 0, 0, 65, 65, 1, 25.12%, 12, 0, 2, 0.03, 602, 318
10872, 0, 0, 66, 66, 1, 25.12%, 12, 0, 2, 0.13, 614, 318
10934, 0, 0, 67, 67, 1, 25.12%, 12, 0, 2, 0.13, 623, 318
11165, 0, 0, 68, 68, 1, 25.20%, 12, 0, 2, 0.03, 633, 319
11411, 0, 0, 69, 69, 1, 25.28%, 12, 0, 2, 0.03, 641, 320
11465, 0, 0, 70, 70, 1, 25.36%, 12, 0, 2, 0.15, 659, 321
11690, 0, 0, 71, 71, 1, 25.43%, 12, 0, 2, 0.15, 667, 322
11910, 0, 0, 72, 72, 1, 25.51%, 12, 0, 2, 0.14, 675, 323
12148, 0, 0, 73, 73, 1, 25.59%, 12, 0, 2, 0.13, 683, 324
