no error
4188;4188;5218;9653;
no error
4188;4188;5218;9653;
4188;4188;5218;9653;
4188;4188;5218;9653;
4188;4188;5218;9653;
4188;4188;5218;9653;
5128;5128;9653;
no error
no error
no error
5111;9653;
4188;4188;5218;9653;
no error
4188;4188;5218;9653;
5098;5098;9653;
5098;5098;9653;
4188;4188;5218;9653;
4188;4188;5218;9653;
4188;4188;5218;9653;
no error
no error
4188;4188;5218;9653;
4188;4188;5218;9653;
5128;5128;9653;
4926;4926;3424;5218;9653;
no error
4188;4188;5218;9653;
4188;4188;5218;9653;
no error
no error
4188;4188;5218;9653;
4926;4926;3424;5218;9653;
no error
5128;5128;9653;
5098;5098;9653;
5111;9653;
no error
5128;5128;9653;
4188;4188;5218;9653;
no error
no error
5132;5132;9653;
5128;5128;9653;
4188;4188;5218;9653;
no error
no error
no error
4188;4188;5218;9653;
4926;4926;3424;5218;9653;
no error
5111;9653;
5098;5098;9653;
5111;9653;
5128;5128;9653;
no error
4188;4188;5218;9653;
4926;4926;3424;5218;9653;
4188;4188;5218;9653;
4188;4188;5218;9653;
5128;5128;9653;
5111;9653;
no error
4188;4188;5218;9653;
5136;9653;
4188;4188;5218;9653;
4926;4926;3424;5218;9653;
no error
4188;4188;5218;9653;
no error
5098;5098;9653;
9660;
4188;4188;5218;9653;
no error
5128;5128;9653;
5128;5128;9653;
no error
no error
4926;4926;3424;5218;9653;
no error
no error
no error
5128;5128;9653;
5128;5128;9653;
5098;5098;9653;
no error
4188;4188;5218;9653;
no error
4926;4926;3424;5218;9653;
4188;4188;5218;9653;
4188;4188;5218;9653;
no error
5128;5128;9653;
4188;4188;5218;9653;
4188;4188;5218;9653;
no error
4926;4926;3424;5218;9653;
5128;5128;9653;
5098;5098;9653;
5128;5128;9653;
5128;5128;9653;
4188;4188;5218;9653;
4926;4926;3424;5218;9653;
4188;4188;5218;9653;
no error
no error
5111;9653;
4188;4188;5218;9653;
4188;4188;5218;9653;
4188;4188;5218;9653;
no error
5128;5128;9653;
4188;4188;5218;9653;
5098;5098;9653;
5098;5098;9653;
no error
4188;4188;5218;9653;
5128;5128;9653;
5098;5098;9653;
5128;5128;9653;
4926;4926;3424;5218;9653;
4188;4188;5218;9653;
5128;5128;9653;
no error
5111;9653;
no error
5128;5128;9653;
4926;4926;3424;5218;9653;
4188;4188;5218;9653;
4188;4188;5218;9653;
4188;4188;5218;9653;
9660;
5128;5128;9653;
4926;4926;3424;5218;9653;
no error
no error
4926;4926;3424;5218;9653;
5111;9653;
4926;4926;3424;5218;9653;
5111;9653;
no error
4926;4926;3424;5218;9653;
4926;4926;3424;5218;9653;
4188;4188;5218;9653;
no error
no error
no error
5111;9653;
4188;4188;5218;9653;
no error
5111;9653;
4188;4188;5218;9653;
no error
4188;4188;5218;9653;
no error
4926;4926;3424;5218;9653;
4188;4188;5218;9653;
4188;4188;5218;9653;
5098;5098;9653;
5128;5128;9653;
5111;9653;
no error
5098;5098;9653;
9660;
no error
5128;5128;9653;
5128;5128;9653;
4188;4188;5218;9653;
4188;4188;5218;9653;
4188;4188;5218;9653;
4188;4188;5218;9653;
9660;
5128;5128;9653;
4188;4188;5218;9653;
4188;4188;5218;9653;
5128;5128;9653;
4926;4926;3424;5218;9653;
5128;5128;9653;
4926;4926;3424;5218;9653;
4188;4188;5218;9653;
4188;4188;5218;9653;
5128;5128;9653;
no error
4188;4188;5218;9653;
no error
4926;4926;3424;5218;9653;
4188;4188;5218;9653;
5128;5128;9653;
no error
no error
4188;4188;5218;9653;
4188;4188;5218;9653;
4188;4188;5218;9653;
4188;4188;5218;9653;
no error
5111;9653;
5128;5128;9653;
4188;4188;5218;9653;
4188;4188;5218;9653;
4188;4188;5218;9653;
4188;4188;5218;9653;
4188;4188;5218;9653;
no error
4188;4188;5218;9653;
4188;4188;5218;9653;
5136;9653;
no error
5111;9653;
no error
no error
5111;9653;
5111;9653;
no error
no error
4926;4926;3424;5218;9653;
5128;5128;9653;
4926;4926;3424;5218;9653;
5098;5098;9653;
no error
4926;4926;3424;5218;9653;
5128;5128;9653;
5111;9653;
5128;5128;9653;
4926;4926;3424;5218;9653;
5128;5128;9653;
4188;4188;5218;9653;
5111;9653;
4926;4926;3424;5218;9653;
5128;5128;9653;
5128;5128;9653;
4188;4188;5218;9653;
4926;4926;3424;5218;9653;
9660;
no error
5098;5098;9653;
5098;5098;9653;
4926;4926;3424;5218;9653;
4188;4188;5218;9653;
5128;5128;9653;
no error
5098;5098;9653;
5111;9653;
5128;5128;9653;
4926;4926;3424;5218;9653;
4188;4188;5218;9653;
5098;5098;9653;
5128;5128;9653;
5128;5128;9653;
no error
5098;5098;9653;
5128;5128;9653;
4188;4188;5218;9653;
no error
no error
4926;4926;3424;5218;9653;
no error
4926;4926;3424;5218;9653;
4188;4188;5218;9653;
5128;5128;9653;
4188;4188;5218;9653;
4188;4188;5218;9653;
4188;4188;5218;9653;
4188;4188;5218;9653;
no error
5128;5128;9653;
5128;5128;9653;
5128;5128;9653;
no error
5128;5128;9653;
no error
no error
no error
4926;4926;3424;5218;9653;
4188;4188;5218;9653;
5111;9653;
4188;4188;5218;9653;
4188;4188;5218;9653;
no error
5111;9653;
4188;4188;5218;9653;
no error
no error
4926;4926;3424;5218;9653;
no error
4188;4188;5218;9653;
5128;5128;9653;
4188;4188;5218;9653;
5111;9653;
4926;4926;3424;5218;9653;
4188;4188;5218;9653;
5128;5128;9653;
5128;5128;9653;
no error
4926;4926;3424;5218;9653;
5128;5128;9653;
5128;5128;9653;
5128;5128;9653;
4188;4188;5218;9653;
no error
no error
4188;4188;5218;9653;
4926;4926;3424;5218;9653;
5128;5128;9653;
4926;4926;3424;5218;9653;
no error
4188;4188;5218;9653;
4188;4188;5218;9653;
5128;5128;9653;
5128;5128;9653;
5128;5128;9653;
5128;5128;9653;
5128;5128;9653;
4188;4188;5218;9653;
no error
no error
5128;5128;9653;
4188;4188;5218;9653;
4188;4188;5218;9653;
no error
5128;5128;9653;
no error
4188;4188;5218;9653;
5111;9653;
4188;4188;5218;9653;
no error
4188;4188;5218;9653;
5128;5128;9653;
no error
4188;4188;5218;9653;
4188;4188;5218;9653;
no error
5098;5098;9653;
5098;5098;9653;
4188;4188;5218;9653;
no error
4188;4188;5218;9653;
9660;
5128;5128;9653;
no error
no error
no error
4926;4926;3424;5218;9653;
4188;4188;5218;9653;
5098;5098;9653;
5128;5128;9653;
4926;4926;3424;5218;9653;
4926;4926;3424;5218;9653;
4188;4188;5218;9653;
4188;4188;5218;9653;
4188;4188;5218;9653;
4188;4188;5218;9653;
5111;9653;
no error
no error
5128;5128;9653;
4188;4188;5218;9653;
no error
5111;9653;
4926;4926;3424;5218;9653;
9394;
9660;
5111;9653;
5128;5128;9653;
no error
5132;5132;9653;
5128;5128;9653;
5111;9653;
no error
5098;5098;9653;
4188;4188;5218;9653;
4926;4926;3424;5218;9653;
4188;4188;5218;9653;
no error
5098;5098;9653;
4188;4188;5218;9653;
5128;5128;9653;
4926;4926;3424;5218;9653;
no error
4926;4926;3424;5218;9653;
4188;4188;5218;9653;
5128;5128;9653;
no error
no error
4188;4188;5218;9653;
9660;
5128;5128;9653;
no error
4926;4926;3424;5218;9653;
no error
5128;5128;9653;
no error
no error
no error
5128;5128;9653;
5098;5098;9653;
5128;5128;9653;
no error
5128;5128;9653;
5128;5128;9653;
no error
no error
5128;5128;9653;
no error
no error
no error
5128;5128;9653;
no error
4188;4188;5218;9653;
5111;9653;
4188;4188;5218;9653;
5128;5128;9653;
4188;4188;5218;9653;
4188;4188;5218;9653;
4188;4188;5218;9653;
5098;5098;9653;
4188;4188;5218;9653;
5128;5128;9653;
5098;5098;9653;
4188;4188;5218;9653;
5128;5128;9653;
4188;4188;5218;9653;
5128;5128;9653;
4188;4188;5218;9653;
no error
no error
no error
no error
4188;4188;5218;9653;
4926;4926;3424;5218;9653;
no error
5098;5098;9653;
4188;4188;5218;9653;
5128;5128;9653;
5136;9653;
5128;5128;9653;
no error
5128;5128;9653;
no error
no error
5098;5098;9653;
5111;9653;
5128;5128;9653;
5128;5128;9653;
5128;5128;9653;
5111;9653;
4188;4188;5218;9653;
4188;4188;5218;9653;
no error
4188;4188;5218;9653;
4926;4926;3424;5218;9653;
5111;9653;
4188;4188;5218;9653;
9660;
4926;4926;3424;5218;9653;
no error
4188;4188;5218;9653;
no error
5111;9653;
9660;
no error
4188;4188;5218;9653;
4188;4188;5218;9653;
5111;9653;
5128;5128;9653;
4926;4926;3424;5218;9653;
5128;5128;9653;
5111;9653;
5128;5128;9653;
5128;5128;9653;
4188;4188;5218;9653;
5098;5098;9653;
5098;5098;9653;
4188;4188;5218;9653;
5111;9653;
5136;9653;
4188;4188;5218;9653;
5128;5128;9653;
no error
5136;9653;
5128;5128;9653;
4188;4188;5218;9653;
5128;5128;9653;
4926;4926;3424;5218;9653;
4188;4188;5218;9653;
4188;4188;5218;9653;
4926;4926;3424;5218;9653;
no error
5128;5128;9653;
5128;5128;9653;
5128;5128;9653;
5128;5128;9653;
4188;4188;5218;9653;
4188;4188;5218;9653;
5128;5128;9653;
5098;5098;9653;
no error
4926;4926;3424;5218;9653;
4926;4926;3424;5218;9653;
5098;5098;9653;
