# relative_time, cycles_done, cur_item, corpus_count, pending_total, pending_favs, map_size, saved_crashes, saved_hangs, max_depth, execs_per_sec, total_execs, edges_found
73, 0, 3, 33, 31, 2, 16.29%, 0, 0, 3, 7.41, 4643, 29
78, 0, 3, 33, 31, 2, 16.29%, 0, 1, 3, 549.23, 6865, 29
83, 0, 3, 34, 32, 2, 16.29%, 0, 1, 3, 496.00, 9362, 29
88, 0, 3, 35, 33, 2, 16.29%, 0, 1, 3, 404.10, 11219, 29
93, 0, 16, 36, 32, 5, 16.29%, 0, 1, 3, 76.69, 13192, 29
98, 0, 16, 36, 32, 5, 16.29%, 0, 2, 3, 72.36, 13478, 29
103, 0, 16, 36, 32, 5, 16.29%, 0, 2, 3, 72.12, 13844, 29
108, 0, 16, 36, 32, 5, 16.29%, 0, 2, 3, 84.52, 14292, 29
113, 0, 16, 36, 32, 5, 16.29%, 0, 2, 3, 71.75, 14661, 29
119, 0, 16, 36, 32, 5, 16.29%, 0, 2, 3, 64.67, 14961, 29
124, 0, 16, 36, 32, 5, 16.29%, 0, 3, 3, 95.71, 15423, 29
86399, 0, 16, 37, 33, 5, 17.98%, 0, 3, 4, 0.00, 15431, 32
