4669;4669;4922;3424;5218;9653;
4669;4669;4922;3424;5218;9653;
9497;9497;
4669;4669;4922;3424;5218;9653;
9497;9497;
4669;4669;4922;3424;5218;9653;
4669;4669;4922;3424;5218;9653;
4669;4669;4922;3424;5218;9653;
4669;4669;4922;3424;5218;9653;
4669;4669;4922;3424;5218;9653;
4669;4669;4922;3424;5218;9653;
4669;4669;4922;3424;5218;9653;
4669;4669;4922;3424;5218;9653;
9497;9497;
9497;9497;
9497;9497;
9497;9497;
4669;4669;4922;3424;5218;9653;
4669;4669;4922;3424;5218;9653;
4669;4669;4922;3424;5218;9653;
4669;4669;4922;3424;5218;9653;
4669;4669;4922;3424;5218;9653;
4669;4669;4922;3424;5218;9653;
9497;9497;
4669;4669;4922;3424;5218;9653;
4669;4669;4922;3424;5218;9653;
9497;9497;
4669;4669;4922;3424;5218;9653;
4669;4669;4922;3424;5218;9653;
4669;4669;4922;3424;5218;9653;
4669;4669;4922;3424;5218;9653;
4669;4669;4922;3424;5218;9653;
9497;9497;
4669;4669;4922;3424;5218;9653;
no error
4669;4669;4922;3424;5218;9653;
9497;9497;
9497;9497;
4669;4669;4922;3424;5218;9653;
4669;4669;4922;3424;5218;9653;
4669;4669;4922;3424;5218;9653;
4669;4669;4922;3424;5218;9653;
9497;9497;
no error
9497;9497;
9497;9497;
4669;4669;4922;3424;5218;9653;
4669;4669;4922;3424;5218;9653;
4669;4669;4922;3424;5218;9653;
no error
4669;4669;4922;3424;5218;9653;
4669;4669;4922;3424;5218;9653;
4669;4669;4922;3424;5218;9653;
4669;4669;4922;3424;5218;9653;
4669;4669;4922;3424;5218;9653;
9497;9497;
4669;4669;4922;3424;5218;9653;
no error
4669;4669;4922;3424;5218;9653;
no error
4669;4669;4922;3424;5218;9653;
9497;9497;
no error
5397;9653;
4669;4669;4922;3424;5218;9653;
9497;9497;
5397;9653;
5397;9653;
4669;4669;4922;3424;5218;9653;
9497;9497;
4669;4669;4922;3424;5218;9653;
9497;9497;
9497;9497;
9497;9497;
5397;9653;
5397;9653;
9497;9497;
4669;4669;4922;3424;5218;9653;
4669;4669;4922;3424;5218;9653;
4669;4669;4922;3424;5218;9653;
4669;4669;4922;3424;5218;9653;
4669;4669;4922;3424;5218;9653;
4669;4669;4922;3424;5218;9653;
4669;4669;4922;3424;5218;9653;
4669;4669;4922;3424;5218;9653;
4669;4669;4922;3424;5218;9653;
4669;4669;4922;3424;5218;9653;
4669;4669;4922;3424;5218;9653;
4669;4669;4922;3424;5218;9653;
4669;4669;4922;3424;5218;9653;
4669;4669;4922;3424;5218;9653;
no error
4669;4669;4922;3424;5218;9653;
4669;4669;4922;3424;5218;9653;
4669;4669;4922;3424;5218;9653;
4669;4669;4922;3424;5218;9653;
4669;4669;4922;3424;5218;9653;
4669;4669;4922;3424;5218;9653;
4669;4669;4922;3424;5218;9653;
4669;4669;4922;3424;5218;9653;
4669;4669;4922;3424;5218;9653;
4669;4669;4922;3424;5218;9653;
4669;4669;4922;3424;5218;9653;
4669;4669;4922;3424;5218;9653;
4669;4669;4922;3424;5218;9653;
4669;4669;4922;3424;5218;9653;
4669;4669;4922;3424;5218;9653;
4669;4669;4922;3424;5218;9653;
4669;4669;4922;3424;5218;9653;
no error
no error
no error
4669;4669;4922;3424;5218;9653;
4669;4669;4922;3424;5218;9653;
5397;9653;
5397;9653;
