# relative_time, cycles_done, cur_item, corpus_count, pending_total, pending_favs, map_size, saved_crashes, saved_hangs, max_depth, execs_per_sec, total_execs, edges_found
62, 185, 0, 1, 0, 0, 0.57%, 1, 0, 1, 151.31, 55543, 3
67, 193, 0, 1, 0, 0, 0.57%, 1, 0, 1, 415.66, 57858, 3
72, 206, 0, 1, 0, 0, 0.57%, 1, 0, 1, 808.60, 61968, 3
77, 226, 0, 1, 0, 0, 0.57%, 1, 0, 1, 1278.70, 67848, 3
82, 249, 0, 1, 0, 0, 0.57%, 1, 0, 1, 1327.15, 74722, 3
87, 268, 0, 1, 0, 0, 0.57%, 1, 0, 1, 1255.32, 80422, 3
92, 285, 0, 1, 0, 0, 0.57%, 1, 0, 1, 1131.58, 85711, 3
97, 305, 0, 1, 0, 0, 0.57%, 1, 0, 1, 1278.32, 91722, 3
102, 324, 0, 1, 0, 0, 0.57%, 1, 0, 1, 1256.03, 97373, 3
108, 344, 0, 1, 0, 0, 0.57%, 1, 0, 1, 1298.88, 103248, 3
113, 363, 0, 1, 0, 0, 0.57%, 1, 0, 1, 1237.98, 108895, 3
118, 382, 0, 1, 0, 0, 0.57%, 1, 0, 1, 1178.69, 114523, 3
123, 388, 0, 1, 0, 0, 0.57%, 1, 0, 1, 437.22, 116622, 3
128, 400, 0, 1, 0, 0, 0.57%, 1, 0, 1, 713.07, 120036, 3
133, 418, 0, 1, 0, 0, 0.57%, 1, 0, 1, 1041.79, 125422, 3
138, 437, 0, 1, 0, 0, 0.57%, 1, 0, 1, 1336.90, 131322, 3
143, 457, 0, 1, 0, 0, 0.57%, 1, 0, 1, 1306.54, 137222, 3
148, 476, 0, 1, 0, 0, 0.57%, 1, 0, 1, 1138.56, 142792, 3
154, 483, 0, 1, 0, 0, 0.57%, 1, 0, 1, 385.32, 144914, 3
159, 499, 0, 1, 0, 0, 0.57%, 1, 0, 1, 932.25, 149795, 3
164, 518, 0, 1, 0, 0, 0.57%, 1, 0, 1, 1186.53, 155469, 3
169, 538, 0, 1, 0, 0, 0.57%, 1, 0, 1, 1327.82, 161475, 3
174, 559, 0, 1, 0, 0, 0.57%, 1, 0, 1, 1358.09, 167650, 3
179, 576, 0, 1, 0, 0, 0.57%, 1, 0, 1, 1053.24, 172965, 3
184, 591, 0, 1, 0, 0, 0.57%, 1, 0, 1, 1031.49, 177363, 3
189, 610, 0, 1, 0, 0, 0.57%, 1, 0, 1, 1293.47, 183073, 3
194, 630, 0, 1, 0, 0, 0.57%, 1, 0, 1, 1267.04, 188923, 3
200, 649, 0, 1, 0, 0, 0.57%, 1, 0, 1, 1310.68, 194801, 3
205, 668, 0, 1, 0, 0, 0.57%, 1, 0, 1, 1303.37, 200473, 3
210, 688, 0, 1, 0, 0, 0.57%, 1, 0, 1, 1308.33, 206401, 3
215, 709, 0, 1, 0, 0, 0.57%, 1, 0, 1, 1368.31, 212804, 3
220, 729, 0, 1, 0, 0, 0.57%, 1, 0, 1, 1397.40, 218777, 3
225, 749, 0, 1, 0, 0, 0.57%, 1, 0, 1, 1408.19, 224879, 3
230, 770, 0, 1, 0, 0, 0.57%, 1, 0, 1, 1375.95, 230977, 3
235, 790, 0, 1, 0, 0, 0.57%, 1, 0, 1, 1396.55, 237177, 3
240, 810, 0, 1, 0, 0, 0.57%, 1, 0, 1, 1372.66, 243204, 3
245, 830, 0, 1, 0, 0, 0.57%, 1, 0, 1, 1295.05, 249122, 3
250, 850, 0, 1, 0, 0, 0.57%, 1, 0, 1, 1405.87, 254979, 3
256, 870, 0, 1, 0, 0, 0.57%, 1, 0, 1, 1395.28, 261050, 3
261, 891, 0, 1, 0, 0, 0.57%, 1, 0, 1, 1298.94, 267275, 3
266, 912, 0, 1, 0, 0, 0.57%, 1, 0, 1, 1315.51, 273801, 3
271, 932, 0, 1, 0, 0, 0.57%, 1, 0, 1, 1413.02, 279807, 3
276, 953, 0, 1, 0, 0, 0.57%, 1, 0, 1, 1361.43, 286104, 3
281, 974, 0, 1, 0, 0, 0.57%, 1, 0, 1, 1300.79, 292173, 3
286, 994, 0, 1, 0, 0, 0.57%, 1, 0, 1, 1259.56, 298198, 3
292, 1013, 0, 1, 0, 0, 0.57%, 1, 0, 1, 1295.22, 303873, 3
297, 1033, 0, 1, 0, 0, 0.57%, 1, 0, 1, 1350.30, 309949, 3
302, 1053, 0, 1, 0, 0, 0.57%, 1, 0, 1, 1325.61, 315923, 3
307, 1072, 0, 1, 0, 0, 0.57%, 1, 0, 1, 1337.49, 321704, 3
312, 1092, 0, 1, 0, 0, 0.57%, 1, 0, 1, 1372.14, 327704, 3
317, 1114, 0, 1, 0, 0, 0.57%, 1, 0, 1, 1380.63, 334377, 3
322, 1135, 0, 1, 0, 0, 0.57%, 1, 0, 1, 1406.62, 340507, 3
327, 1155, 0, 1, 0, 0, 0.57%, 1, 0, 1, 1311.69, 346475, 3
332, 1174, 0, 1, 0, 0, 0.57%, 1, 0, 1, 1297.62, 352123, 3
337, 1191, 0, 1, 0, 0, 0.57%, 1, 0, 1, 1173.26, 357395, 3
342, 1211, 0, 1, 0, 0, 0.57%, 1, 0, 1, 1217.99, 363419, 3
347, 1232, 0, 1, 0, 0, 0.57%, 1, 0, 1, 1238.05, 369619, 3
353, 1251, 0, 1, 0, 0, 0.57%, 1, 0, 1, 1286.19, 375423, 3
358, 1271, 0, 1, 0, 0, 0.57%, 1, 0, 1, 1346.04, 381323, 3
363, 1290, 0, 1, 0, 0, 0.57%, 1, 0, 1, 1309.45, 387075, 3
368, 1310, 0, 1, 0, 0, 0.57%, 1, 0, 1, 1346.08, 393149, 3
373, 1329, 0, 1, 0, 0, 0.57%, 1, 0, 1, 1262.81, 398898, 3
378, 1350, 0, 1, 0, 0, 0.57%, 1, 0, 1, 1366.57, 405022, 3
384, 1370, 0, 1, 0, 0, 0.57%, 1, 0, 1, 219.65, 411101, 3
389, 1390, 0, 1, 0, 0, 0.57%, 1, 0, 1, 1286.97, 417204, 3
394, 1412, 0, 1, 0, 0, 0.57%, 1, 0, 1, 1259.79, 423673, 3
399, 1431, 0, 1, 0, 0, 0.57%, 1, 0, 1, 1297.32, 429473, 3
404, 1451, 0, 1, 0, 0, 0.57%, 1, 0, 1, 1276.74, 435373, 3
409, 1471, 0, 1, 0, 0, 0.57%, 1, 0, 1, 1373.03, 441422, 3
414, 1491, 0, 1, 0, 0, 0.57%, 1, 0, 1, 910.60, 447340, 3
419, 1511, 0, 1, 0, 0, 0.57%, 1, 0, 1, 1363.98, 453250, 3
425, 1532, 0, 1, 0, 0, 0.57%, 1, 0, 1, 1353.74, 459577, 3
430, 1552, 0, 1, 0, 0, 0.57%, 1, 0, 1, 1304.60, 465622, 3
435, 1572, 0, 1, 0, 0, 0.57%, 1, 0, 1, 1407.40, 471651, 3
440, 1592, 0, 1, 0, 0, 0.57%, 1, 0, 1, 1303.94, 477649, 3
445, 1611, 0, 1, 0, 0, 0.57%, 1, 0, 1, 1325.34, 483449, 3
450, 1631, 0, 1, 0, 0, 0.57%, 1, 0, 1, 1339.84, 489275, 3
455, 1649, 0, 1, 0, 0, 0.57%, 1, 0, 1, 1329.55, 494901, 3
460, 1667, 0, 1, 0, 0, 0.57%, 1, 0, 1, 1270.45, 500273, 3
465, 1688, 0, 1, 0, 0, 0.57%, 1, 0, 1, 1388.99, 506577, 3
471, 1708, 0, 1, 0, 0, 0.57%, 1, 0, 1, 1287.55, 512323, 3
476, 1727, 0, 1, 0, 0, 0.57%, 1, 0, 1, 1264.79, 518173, 3
481, 1747, 0, 1, 0, 0, 0.57%, 1, 0, 1, 1238.25, 524047, 3
486, 1766, 0, 1, 0, 0, 0.57%, 1, 0, 1, 1258.98, 529773, 3
491, 1784, 0, 1, 0, 0, 0.57%, 1, 0, 1, 1190.87, 535369, 3
496, 1802, 0, 1, 0, 0, 0.57%, 1, 0, 1, 1252.44, 540747, 3
501, 1822, 0, 1, 0, 0, 0.57%, 1, 0, 1, 1264.56, 546748, 3
506, 1842, 0, 1, 0, 0, 0.57%, 1, 0, 1, 1375.09, 552550, 3
511, 1861, 0, 1, 0, 0, 0.57%, 1, 0, 1, 1283.14, 558522, 3
517, 1883, 0, 1, 0, 0, 0.57%, 1, 0, 1, 1311.80, 565022, 3
522, 1902, 0, 1, 0, 0, 0.57%, 1, 0, 1, 1337.17, 570801, 3
527, 1921, 0, 1, 0, 0, 0.57%, 1, 0, 1, 1287.37, 576522, 3
532, 1941, 0, 1, 0, 0, 0.57%, 1, 0, 1, 1261.64, 582398, 3
537, 1961, 0, 1, 0, 0, 0.57%, 1, 0, 1, 1318.13, 588349, 3
542, 1969, 0, 1, 0, 0, 0.57%, 1, 0, 1, 233.03, 590683, 3
547, 1972, 0, 1, 0, 0, 0.57%, 1, 0, 1, 203.42, 591647, 3
552, 1975, 0, 1, 0, 0, 0.57%, 1, 0, 1, 206.66, 592679, 3
557, 1979, 0, 1, 0, 0, 0.57%, 1, 0, 1, 218.33, 593799, 3
563, 1983, 0, 1, 0, 0, 0.57%, 1, 0, 1, 205.80, 594823, 3
568, 1986, 0, 1, 0, 0, 0.57%, 1, 0, 1, 221.33, 595907, 3
573, 1991, 0, 1, 0, 0, 0.57%, 1, 0, 1, 267.21, 597268, 3
578, 2000, 0, 1, 0, 0, 0.57%, 1, 0, 1, 639.98, 600195, 3
583, 2018, 0, 1, 0, 0, 0.57%, 1, 0, 1, 1029.42, 605343, 3
588, 2036, 0, 1, 0, 0, 0.57%, 1, 0, 1, 1183.80, 610969, 3
593, 2056, 0, 1, 0, 0, 0.57%, 1, 0, 1, 1284.46, 616849, 3
598, 2074, 0, 1, 0, 0, 0.57%, 1, 0, 1, 1185.77, 622395, 3
603, 2087, 0, 1, 0, 0, 0.57%, 1, 0, 1, 643.63, 626047, 3
609, 2105, 0, 1, 0, 0, 0.57%, 1, 0, 1, 1020.72, 631663, 3
614, 2126, 0, 1, 0, 0, 0.57%, 1, 0, 1, 1255.19, 637895, 3
619, 2147, 0, 1, 0, 0, 0.57%, 1, 0, 1, 1344.66, 644222, 3
624, 2165, 0, 1, 0, 0, 0.57%, 1, 0, 1, 1170.59, 649669, 3
629, 2183, 0, 1, 0, 0, 0.57%, 1, 0, 1, 1153.49, 654869, 3
634, 2201, 0, 1, 0, 0, 0.57%, 1, 0, 1, 1233.28, 660295, 3
639, 2221, 0, 1, 0, 0, 0.57%, 1, 0, 1, 1302.62, 666448, 3
644, 2242, 0, 1, 0, 0, 0.57%, 1, 0, 1, 1358.62, 672650, 3
649, 2263, 0, 1, 0, 0, 0.57%, 1, 0, 1, 1371.14, 678850, 3
655, 2282, 0, 1, 0, 0, 0.57%, 1, 0, 1, 1303.19, 684775, 3
660, 2301, 0, 1, 0, 0, 0.57%, 1, 0, 1, 1215.11, 690347, 3
665, 2320, 0, 1, 0, 0, 0.57%, 1, 0, 1, 1251.88, 695973, 3
670, 2338, 0, 1, 0, 0, 0.57%, 1, 0, 1, 1208.25, 701547, 3
675, 2355, 0, 1, 0, 0, 0.57%, 1, 0, 1, 1100.96, 706644, 3
680, 2374, 0, 1, 0, 0, 0.57%, 1, 0, 1, 1209.50, 712319, 3
685, 2393, 0, 1, 0, 0, 0.57%, 1, 0, 1, 1274.37, 717998, 3
690, 2412, 0, 1, 0, 0, 0.57%, 1, 0, 1, 1266.04, 723798, 3
695, 2431, 0, 1, 0, 0, 0.57%, 1, 0, 1, 1266.19, 729422, 3
700, 2449, 0, 1, 0, 0, 0.57%, 1, 0, 1, 827.15, 734868, 3
706, 2470, 0, 1, 0, 0, 0.57%, 1, 0, 1, 1354.44, 741077, 3
711, 2490, 0, 1, 0, 0, 0.57%, 1, 0, 1, 1289.27, 747073, 3
716, 2509, 0, 1, 0, 0, 0.57%, 1, 0, 1, 1230.02, 752671, 3
721, 2528, 0, 1, 0, 0, 0.57%, 1, 0, 1, 1308.46, 758501, 3
726, 2547, 0, 1, 0, 0, 0.57%, 1, 0, 1, 1320.00, 764113, 3
731, 2568, 0, 1, 0, 0, 0.57%, 1, 0, 1, 81.12, 770501, 3
736, 2587, 0, 1, 0, 0, 0.57%, 1, 0, 1, 224.55, 776198, 3
742, 2607, 0, 1, 0, 0, 0.57%, 1, 0, 1, 1255.56, 782301, 3
747, 2628, 0, 1, 0, 0, 0.57%, 1, 0, 1, 47.45, 788349, 3
752, 2647, 0, 1, 0, 0, 0.57%, 1, 0, 1, 1261.07, 794301, 3
757, 2667, 0, 1, 0, 0, 0.57%, 1, 0, 1, 1206.10, 800098, 3
762, 2685, 0, 1, 0, 0, 0.57%, 1, 0, 1, 218.29, 805695, 3
767, 2704, 0, 1, 0, 0, 0.57%, 1, 0, 1, 240.66, 811422, 3
772, 2723, 0, 1, 0, 0, 0.57%, 1, 0, 1, 1166.73, 816971, 3
777, 2741, 0, 1, 0, 0, 0.57%, 1, 0, 1, 1112.49, 822392, 3
783, 2759, 0, 1, 0, 0, 0.57%, 1, 0, 1, 1125.36, 827746, 3
788, 2778, 0, 1, 0, 0, 0.57%, 1, 0, 1, 112.68, 833419, 3
793, 2796, 0, 1, 0, 0, 0.57%, 1, 0, 1, 1152.40, 838819, 3
798, 2814, 0, 1, 0, 0, 0.57%, 1, 0, 1, 214.69, 844347, 3
803, 2833, 0, 1, 0, 0, 0.57%, 1, 0, 1, 229.17, 849871, 3
808, 2851, 0, 1, 0, 0, 0.57%, 1, 0, 1, 40.54, 855342, 3
813, 2869, 0, 1, 0, 0, 0.57%, 1, 0, 1, 177.78, 860771, 3
819, 2887, 0, 1, 0, 0, 0.57%, 1, 0, 1, 101.45, 866069, 3
824, 2907, 0, 1, 0, 0, 0.57%, 1, 0, 1, 1164.83, 872046, 3
829, 2925, 0, 1, 0, 0, 0.57%, 1, 0, 1, 1189.50, 877646, 3
834, 2944, 0, 1, 0, 0, 0.57%, 1, 0, 1, 1234.43, 883123, 3
839, 2961, 0, 1, 0, 0, 0.57%, 1, 0, 1, 1012.93, 888322, 3
844, 2978, 0, 1, 0, 0, 0.57%, 1, 0, 1, 1037.47, 893503, 3
849, 2996, 0, 1, 0, 0, 0.57%, 1, 0, 1, 1039.11, 898883, 3
854, 3014, 0, 1, 0, 0, 0.57%, 1, 0, 1, 1009.04, 904361, 3
859, 3033, 0, 1, 0, 0, 0.57%, 1, 0, 1, 1255.67, 909922, 3
865, 3051, 0, 1, 0, 0, 0.57%, 1, 0, 1, 1247.92, 915495, 3
870, 3070, 0, 1, 0, 0, 0.57%, 1, 0, 1, 1185.79, 921069, 3
875, 3088, 0, 1, 0, 0, 0.57%, 1, 0, 1, 1160.12, 926546, 3
880, 3106, 0, 1, 0, 0, 0.57%, 1, 0, 1, 1148.03, 932022, 3
885, 3124, 0, 1, 0, 0, 0.57%, 1, 0, 1, 1202.55, 937222, 3
890, 3141, 0, 1, 0, 0, 0.57%, 1, 0, 1, 1152.98, 942422, 3
895, 3158, 0, 1, 0, 0, 0.57%, 1, 0, 1, 1127.78, 947589, 3
900, 3176, 0, 1, 0, 0, 0.57%, 1, 0, 1, 1249.88, 953019, 3
906, 3194, 0, 1, 0, 0, 0.57%, 1, 0, 1, 1066.66, 958365, 3
911, 3211, 0, 1, 0, 0, 0.57%, 1, 0, 1, 1102.22, 963486, 3
916, 3229, 0, 1, 0, 0, 0.57%, 1, 0, 1, 1150.38, 968867, 3
921, 3246, 0, 1, 0, 0, 0.57%, 1, 0, 1, 536.36, 973922, 3
926, 3265, 0, 1, 0, 0, 0.57%, 1, 0, 1, 1015.51, 979461, 3
931, 3282, 0, 1, 0, 0, 0.57%, 1, 0, 1, 1056.96, 984786, 3
936, 3300, 0, 1, 0, 0, 0.57%, 1, 0, 1, 1202.20, 990171, 3
941, 3318, 0, 1, 0, 0, 0.57%, 1, 0, 1, 1141.68, 995545, 3
946, 3335, 0, 1, 0, 0, 0.57%, 1, 0, 1, 1105.82, 1000445, 3
952, 3352, 0, 1, 0, 0, 0.57%, 1, 0, 1, 1112.15, 1005767, 3
957, 3370, 0, 1, 0, 0, 0.57%, 1, 0, 1, 1092.46, 1010944, 3
962, 3387, 0, 1, 0, 0, 0.57%, 1, 0, 1, 1087.97, 1016044, 3
967, 3404, 0, 1, 0, 0, 0.57%, 1, 0, 1, 1109.25, 1021411, 3
972, 3421, 0, 1, 0, 0, 0.57%, 1, 0, 1, 1014.36, 1026463, 3
977, 3439, 0, 1, 0, 0, 0.57%, 1, 0, 1, 1108.07, 1031667, 3
982, 3457, 0, 1, 0, 0, 0.57%, 1, 0, 1, 1073.37, 1037044, 3
988, 3474, 0, 1, 0, 0, 0.57%, 1, 0, 1, 1091.80, 1042286, 3
993, 3490, 0, 1, 0, 0, 0.57%, 1, 0, 1, 1125.15, 1047089, 3
998, 3507, 0, 1, 0, 0, 0.57%, 1, 0, 1, 1105.92, 1052289, 3
1003, 3524, 0, 1, 0, 0, 0.57%, 1, 0, 1, 1060.86, 1057186, 3
1008, 3541, 0, 1, 0, 0, 0.57%, 1, 0, 1, 1083.63, 1062244, 3
1013, 3557, 0, 1, 0, 0, 0.57%, 1, 0, 1, 1130.34, 1067289, 3
1018, 3573, 0, 1, 0, 0, 0.57%, 1, 0, 1, 1027.02, 1071963, 3
1023, 3589, 0, 1, 0, 0, 0.57%, 1, 0, 1, 1000.99, 1076642, 3
1028, 3605, 0, 1, 0, 0, 0.57%, 1, 0, 1, 977.16, 1081542, 3
1034, 3623, 0, 1, 0, 0, 0.57%, 1, 0, 1, 80.58, 1087045, 3
1039, 3641, 0, 1, 0, 0, 0.57%, 1, 0, 1, 156.99, 1092267, 3
1044, 3659, 0, 1, 0, 0, 0.57%, 1, 0, 1, 1077.43, 1097867, 3
1049, 3677, 0, 1, 0, 0, 0.57%, 1, 0, 1, 1046.95, 1103045, 3
1054, 3694, 0, 1, 0, 0, 0.57%, 1, 0, 1, 91.99, 1108165, 3
1059, 3711, 0, 1, 0, 0, 0.57%, 1, 0, 1, 1041.62, 1113503, 3
1064, 3727, 0, 1, 0, 0, 0.57%, 1, 0, 1, 1062.14, 1118322, 3
1069, 3745, 0, 1, 0, 0, 0.57%, 1, 0, 1, 1088.98, 1123522, 3
1074, 3761, 0, 1, 0, 0, 0.57%, 1, 0, 1, 1076.73, 1128486, 3
1080, 3778, 0, 1, 0, 0, 0.57%, 1, 0, 1, 1079.62, 1133586, 3
1085, 3795, 0, 1, 0, 0, 0.57%, 1, 0, 1, 1092.12, 1138686, 3
1090, 3812, 0, 1, 0, 0, 0.57%, 1, 0, 1, 1080.80, 1143765, 3
1095, 3829, 0, 1, 0, 0, 0.57%, 1, 0, 1, 1079.09, 1148886, 3
1100, 3846, 0, 1, 0, 0, 0.57%, 1, 0, 1, 1140.15, 1154022, 3
1105, 3864, 0, 1, 0, 0, 0.57%, 1, 0, 1, 1141.67, 1159145, 3
1111, 3881, 0, 1, 0, 0, 0.57%, 1, 0, 1, 1097.14, 1164522, 3
1116, 3900, 0, 1, 0, 0, 0.57%, 1, 0, 1, 1259.76, 1170098, 3
1121, 3919, 0, 1, 0, 0, 0.57%, 1, 0, 1, 821.67, 1175698, 3
1126, 3935, 0, 1, 0, 0, 0.57%, 1, 0, 1, 995.85, 1180718, 3
1131, 3950, 0, 1, 0, 0, 0.57%, 1, 0, 1, 965.16, 1185142, 3
1136, 3967, 0, 1, 0, 0, 0.57%, 1, 0, 1, 1024.10, 1190043, 3
1141, 3984, 0, 1, 0, 0, 0.57%, 1, 0, 1, 1074.37, 1195144, 3
1146, 3999, 0, 1, 0, 0, 0.57%, 1, 0, 1, 982.85, 1199818, 3
1152, 4017, 0, 1, 0, 0, 0.57%, 1, 0, 1, 1090.64, 1205122, 3
1157, 4034, 0, 1, 0, 0, 0.57%, 1, 0, 1, 624.39, 1210300, 3
1162, 4051, 0, 1, 0, 0, 0.57%, 1, 0, 1, 1054.78, 1215322, 3
1167, 4068, 0, 1, 0, 0, 0.57%, 1, 0, 1, 1087.28, 1220422, 3
1172, 4085, 0, 1, 0, 0, 0.57%, 1, 0, 1, 965.50, 1225561, 3
1177, 4102, 0, 1, 0, 0, 0.57%, 1, 0, 1, 1035.64, 1230543, 3
1182, 4118, 0, 1, 0, 0, 0.57%, 1, 0, 1, 675.76, 1235559, 3
1188, 4137, 0, 1, 0, 0, 0.57%, 1, 0, 1, 159.00, 1241043, 3
1193, 4154, 0, 1, 0, 0, 0.57%, 1, 0, 1, 910.00, 1246147, 3
1198, 4171, 0, 1, 0, 0, 0.57%, 1, 0, 1, 1061.79, 1251445, 3
1203, 4189, 0, 1, 0, 0, 0.57%, 1, 0, 1, 86.96, 1256846, 3
1208, 4208, 0, 1, 0, 0, 0.57%, 1, 0, 1, 1169.61, 1262471, 3
1213, 4227, 0, 1, 0, 0, 0.57%, 1, 0, 1, 1185.79, 1268146, 3
1218, 4245, 0, 1, 0, 0, 0.57%, 1, 0, 1, 575.52, 1273693, 3
1223, 4263, 0, 1, 0, 0, 0.57%, 1, 0, 1, 1008.03, 1279080, 3
1228, 4282, 0, 1, 0, 0, 0.57%, 1, 0, 1, 1006.96, 1284603, 3
1234, 4299, 0, 1, 0, 0, 0.57%, 1, 0, 1, 1019.07, 1289863, 3
1239, 4316, 0, 1, 0, 0, 0.57%, 1, 0, 1, 1013.45, 1295018, 3
1244, 4336, 0, 1, 0, 0, 0.57%, 1, 0, 1, 1059.72, 1300765, 3
1249, 4354, 0, 1, 0, 0, 0.57%, 1, 0, 1, 645.93, 1306147, 3
1254, 4373, 0, 1, 0, 0, 0.57%, 1, 0, 1, 1275.10, 1311898, 3
1259, 4389, 0, 1, 0, 0, 0.57%, 1, 0, 1, 1052.79, 1316807, 3
1264, 4396, 0, 1, 0, 0, 0.57%, 1, 0, 1, 376.30, 1318886, 3
1269, 4404, 0, 1, 0, 0, 0.57%, 1, 0, 1, 470.63, 1321150, 3
1274, 4415, 0, 1, 0, 0, 0.57%, 1, 0, 1, 669.68, 1324549, 3
1279, 4431, 0, 1, 0, 0, 0.57%, 1, 0, 1, 947.02, 1329313, 3
1284, 4448, 0, 1, 0, 0, 0.57%, 1, 0, 1, 1085.33, 1334565, 3
1289, 4466, 0, 1, 0, 0, 0.57%, 1, 0, 1, 1150.74, 1339989, 3
1294, 4483, 0, 1, 0, 0, 0.57%, 1, 0, 1, 902.33, 1344991, 3
1299, 4500, 0, 1, 0, 0, 0.57%, 1, 0, 1, 1164.26, 1350115, 3
1305, 4519, 0, 1, 0, 0, 0.57%, 1, 0, 1, 1190.97, 1355722, 3
1310, 4537, 0, 1, 0, 0, 0.57%, 1, 0, 1, 1162.39, 1361289, 3
1315, 4555, 0, 1, 0, 0, 0.57%, 1, 0, 1, 1074.93, 1366586, 3
1320, 4566, 0, 1, 0, 0, 0.57%, 1, 0, 1, 756.75, 1370013, 3
1325, 4573, 0, 1, 0, 0, 0.57%, 1, 0, 1, 494.65, 1372073, 3
1330, 4584, 0, 1, 0, 0, 0.57%, 1, 0, 1, 648.74, 1375183, 3
1335, 4601, 0, 1, 0, 0, 0.57%, 1, 0, 1, 1007.31, 1380299, 3
1340, 4619, 0, 1, 0, 0, 0.57%, 1, 0, 1, 1246.78, 1385722, 3
1345, 4638, 0, 1, 0, 0, 0.57%, 1, 0, 1, 753.74, 1391565, 3
1350, 4656, 0, 1, 0, 0, 0.57%, 1, 0, 1, 1223.95, 1396919, 3
1356, 4669, 0, 1, 0, 0, 0.57%, 1, 0, 1, 587.17, 1400745, 3
1361, 4684, 0, 1, 0, 0, 0.57%, 1, 0, 1, 917.24, 1405374, 3
1366, 4703, 0, 1, 0, 0, 0.57%, 1, 0, 1, 1194.50, 1410946, 3
1371, 4722, 0, 1, 0, 0, 0.57%, 1, 0, 1, 1214.47, 1416595, 3
1376, 4739, 0, 1, 0, 0, 0.57%, 1, 0, 1, 1143.62, 1421845, 3
1381, 4751, 0, 1, 0, 0, 0.57%, 1, 0, 1, 482.24, 1425413, 3
1386, 4759, 0, 1, 0, 0, 0.57%, 1, 0, 1, 495.31, 1427804, 3
1392, 4774, 0, 1, 0, 0, 0.57%, 1, 0, 1, 895.54, 1432274, 3
1397, 4791, 0, 1, 0, 0, 0.57%, 1, 0, 1, 1121.41, 1437411, 3
1402, 4810, 0, 1, 0, 0, 0.57%, 1, 0, 1, 1262.09, 1443098, 3
1407, 4828, 0, 1, 0, 0, 0.57%, 1, 0, 1, 1192.25, 1448615, 3
1412, 4846, 0, 1, 0, 0, 0.57%, 1, 0, 1, 1171.27, 1454022, 3
1417, 4857, 0, 1, 0, 0, 0.57%, 1, 0, 1, 286.03, 1457173, 3
1422, 4868, 0, 1, 0, 0, 0.57%, 1, 0, 1, 743.42, 1460451, 3
1427, 4884, 0, 1, 0, 0, 0.57%, 1, 0, 1, 976.90, 1465199, 3
1432, 4901, 0, 1, 0, 0, 0.57%, 1, 0, 1, 1079.25, 1470344, 3
1437, 4920, 0, 1, 0, 0, 0.57%, 1, 0, 1, 1158.02, 1475969, 3
1442, 4934, 0, 1, 0, 0, 0.57%, 1, 0, 1, 971.17, 1480218, 3
1447, 4952, 0, 1, 0, 0, 0.57%, 1, 0, 1, 1048.97, 1485543, 3
1452, 4969, 0, 1, 0, 0, 0.57%, 1, 0, 1, 1143.76, 1490845, 3
1458, 4987, 0, 1, 0, 0, 0.57%, 1, 0, 1, 1030.64, 1496222, 3
1463, 5005, 0, 1, 0, 0, 0.57%, 1, 0, 1, 1185.80, 1501446, 3
1468, 5023, 0, 1, 0, 0, 0.57%, 1, 0, 1, 1303.67, 1507075, 3
1473, 5041, 0, 1, 0, 0, 0.57%, 1, 0, 1, 950.59, 1512513, 3
1478, 5060, 0, 1, 0, 0, 0.57%, 1, 0, 1, 1092.10, 1518022, 3
1483, 5078, 0, 1, 0, 0, 0.57%, 1, 0, 1, 1109.12, 1523389, 3
1488, 5096, 0, 1, 0, 0, 0.57%, 1, 0, 1, 1121.77, 1528889, 3
1493, 5114, 0, 1, 0, 0, 0.57%, 1, 0, 1, 1130.09, 1534367, 3
1498, 5133, 0, 1, 0, 0, 0.57%, 1, 0, 1, 397.64, 1539883, 3
1504, 5151, 0, 1, 0, 0, 0.57%, 1, 0, 1, 960.21, 1545295, 3
1509, 5168, 0, 1, 0, 0, 0.57%, 1, 0, 1, 1204.13, 1550615, 3
1514, 5186, 0, 1, 0, 0, 0.57%, 1, 0, 1, 1169.57, 1555915, 3
1519, 5204, 0, 1, 0, 0, 0.57%, 1, 0, 1, 333.24, 1561322, 3
1524, 5222, 0, 1, 0, 0, 0.57%, 1, 0, 1, 1055.00, 1566553, 3
1529, 5240, 0, 1, 0, 0, 0.57%, 1, 0, 1, 939.98, 1571995, 3
1534, 5256, 0, 1, 0, 0, 0.57%, 1, 0, 1, 802.19, 1576938, 3
1539, 5273, 0, 1, 0, 0, 0.57%, 1, 0, 1, 1014.93, 1581847, 3
1544, 5289, 0, 1, 0, 0, 0.57%, 1, 0, 1, 262.58, 1586735, 3
1549, 5308, 0, 1, 0, 0, 0.57%, 1, 0, 1, 1095.00, 1592422, 3
1554, 5326, 0, 1, 0, 0, 0.57%, 1, 0, 1, 282.92, 1597851, 3
1559, 5343, 0, 1, 0, 0, 0.57%, 1, 0, 1, 1060.00, 1602953, 3
1565, 5360, 0, 1, 0, 0, 0.57%, 1, 0, 1, 1000.00, 1608044, 3
1570, 5378, 0, 1, 0, 0, 0.57%, 1, 0, 1, 825.87, 1613355, 3
1575, 5395, 0, 1, 0, 0, 0.57%, 1, 0, 1, 1140.00, 1618572, 3
1580, 5413, 0, 1, 0, 0, 0.57%, 1, 0, 1, 1300.00, 1623883, 3
1585, 5430, 0, 1, 0, 0, 0.57%, 1, 0, 1, 286.86, 1629159, 3
1590, 5449, 0, 1, 0, 0, 0.57%, 1, 0, 1, 1208.96, 1634785, 3
1595, 5467, 0, 1, 0, 0, 0.57%, 1, 0, 1, 1069.65, 1640262, 3
1600, 5485, 0, 1, 0, 0, 0.57%, 1, 0, 1, 1084.16, 1645641, 3
1606, 5503, 0, 1, 0, 0, 0.57%, 1, 0, 1, 289.90, 1651075, 3
1611, 5520, 0, 1, 0, 0, 0.57%, 1, 0, 1, 880.00, 1656217, 3
1616, 5537, 0, 1, 0, 0, 0.57%, 1, 0, 1, 1200.00, 1661143, 3
1621, 5554, 0, 1, 0, 0, 0.57%, 1, 0, 1, 113.49, 1666292, 3
1626, 5573, 0, 1, 0, 0, 0.57%, 1, 0, 1, 1142.85, 1671871, 3
1631, 5591, 0, 1, 0, 0, 0.57%, 1, 0, 1, 1153.01, 1677471, 3
1636, 5610, 0, 1, 0, 0, 0.57%, 1, 0, 1, 184.25, 1683119, 3
1641, 5629, 0, 1, 0, 0, 0.57%, 1, 0, 1, 39.44, 1688747, 3
1646, 5647, 0, 1, 0, 0, 0.57%, 1, 0, 1, 68.15, 1694171, 3
1652, 5665, 0, 1, 0, 0, 0.57%, 1, 0, 1, 128.53, 1699569, 3
1657, 5682, 0, 1, 0, 0, 0.57%, 1, 0, 1, 89.43, 1704711, 3
1662, 5699, 0, 1, 0, 0, 0.57%, 1, 0, 1, 130.09, 1709922, 3
1667, 5717, 0, 1, 0, 0, 0.57%, 1, 0, 1, 160.66, 1715322, 3
1672, 5736, 0, 1, 0, 0, 0.57%, 1, 0, 1, 214.43, 1720923, 3
1677, 5755, 0, 1, 0, 0, 0.57%, 1, 0, 1, 1220.00, 1726639, 3
1682, 5774, 0, 1, 0, 0, 0.57%, 1, 0, 1, 1208.96, 1732162, 3
1688, 5793, 0, 1, 0, 0, 0.57%, 1, 0, 1, 1265.00, 1737951, 3
1693, 5811, 0, 1, 0, 0, 0.57%, 1, 0, 1, 276.65, 1743495, 3
1698, 5829, 0, 1, 0, 0, 0.57%, 1, 0, 1, 26.28, 1748718, 3
1703, 5848, 0, 1, 0, 0, 0.57%, 1, 0, 1, 1147.05, 1754567, 3
1708, 5866, 0, 1, 0, 0, 0.57%, 1, 0, 1, 1147.11, 1759989, 3
1713, 5886, 0, 1, 0, 0, 0.57%, 1, 0, 1, 1235.51, 1765771, 3
1718, 5897, 0, 1, 0, 0, 0.57%, 1, 0, 1, 411.21, 1769247, 3
1723, 5904, 0, 1, 0, 0, 0.57%, 1, 0, 1, 423.76, 1771303, 3
1728, 5915, 0, 1, 0, 0, 0.57%, 1, 0, 1, 416.86, 1774486, 3
1733, 5932, 0, 1, 0, 0, 0.57%, 1, 0, 1, 1154.23, 1779692, 3
1739, 5950, 0, 1, 0, 0, 0.57%, 1, 0, 1, 1040.14, 1785103, 3
1744, 5966, 0, 1, 0, 0, 0.57%, 1, 0, 1, 983.39, 1789961, 3
1749, 5983, 0, 1, 0, 0, 0.57%, 1, 0, 1, 1007.89, 1794843, 3
1754, 5999, 0, 1, 0, 0, 0.57%, 1, 0, 1, 1015.34, 1799743, 3
1759, 6016, 0, 1, 0, 0, 0.57%, 1, 0, 1, 1055.46, 1804807, 3
1764, 6032, 0, 1, 0, 0, 0.57%, 1, 0, 1, 1027.22, 1809722, 3
1769, 6047, 0, 1, 0, 0, 0.57%, 1, 0, 1, 993.11, 1814161, 3
1774, 6062, 0, 1, 0, 0, 0.57%, 1, 0, 1, 910.08, 1818713, 3
1779, 6071, 0, 1, 0, 0, 0.57%, 1, 0, 1, 373.13, 1821446, 3
1785, 6077, 0, 1, 0, 0, 0.57%, 1, 0, 1, 424.57, 1823279, 3
1790, 6087, 0, 1, 0, 0, 0.57%, 1, 0, 1, 562.65, 1826133, 3
1795, 6103, 0, 1, 0, 0, 0.57%, 1, 0, 1, 990.10, 1830895, 3
1800, 6118, 0, 1, 0, 0, 0.57%, 1, 0, 1, 575.00, 1835328, 3
1805, 6134, 0, 1, 0, 0, 0.57%, 1, 0, 1, 1024.88, 1840267, 3
1810, 6151, 0, 1, 0, 0, 0.57%, 1, 0, 1, 1059.91, 1845422, 3
1815, 6169, 0, 1, 0, 0, 0.57%, 1, 0, 1, 1290.00, 1850827, 3
1821, 6187, 0, 1, 0, 0, 0.57%, 1, 0, 1, 1114.43, 1856319, 3
1826, 6205, 0, 1, 0, 0, 0.57%, 1, 0, 1, 985.00, 1861586, 3
1831, 6222, 0, 1, 0, 0, 0.57%, 1, 0, 1, 1055.87, 1866763, 3
1836, 6240, 0, 1, 0, 0, 0.57%, 1, 0, 1, 1114.43, 1872113, 3
1841, 6248, 0, 1, 0, 0, 0.57%, 1, 0, 1, 282.58, 1874478, 3
1846, 6256, 0, 1, 0, 0, 0.57%, 1, 0, 1, 434.15, 1876731, 3
1851, 6265, 0, 1, 0, 0, 0.57%, 1, 0, 1, 614.62, 1879700, 3
1856, 6281, 0, 1, 0, 0, 0.57%, 1, 0, 1, 1140.00, 1884323, 3
1862, 6297, 0, 1, 0, 0, 0.57%, 1, 0, 1, 990.05, 1889221, 3
1867, 6314, 0, 1, 0, 0, 0.57%, 1, 0, 1, 104.36, 1894289, 3
1872, 6329, 0, 1, 0, 0, 0.57%, 1, 0, 1, 90.47, 1898863, 3
1877, 6343, 0, 1, 0, 0, 0.57%, 1, 0, 1, 845.74, 1903055, 3
1882, 6357, 0, 1, 0, 0, 0.57%, 1, 0, 1, 625.00, 1907182, 3
1887, 6369, 0, 1, 0, 0, 0.57%, 1, 0, 1, 793.64, 1910783, 3
1892, 6387, 0, 1, 0, 0, 0.57%, 1, 0, 1, 964.91, 1916023, 3
1897, 6401, 0, 1, 0, 0, 0.57%, 1, 0, 1, 805.94, 1920371, 3
1902, 6406, 0, 1, 0, 0, 0.57%, 1, 0, 1, 256.93, 1922019, 3
1908, 6413, 0, 1, 0, 0, 0.57%, 1, 0, 1, 376.71, 1923965, 3
1913, 6423, 0, 1, 0, 0, 0.57%, 1, 0, 1, 633.47, 1927035, 3
1918, 6438, 0, 1, 0, 0, 0.57%, 1, 0, 1, 885.07, 1931374, 3
1923, 6453, 0, 1, 0, 0, 0.57%, 1, 0, 1, 989.74, 1936118, 3
1928, 6471, 0, 1, 0, 0, 0.57%, 1, 0, 1, 1119.77, 1941311, 3
1933, 6486, 0, 1, 0, 0, 0.57%, 1, 0, 1, 975.43, 1945843, 3
1938, 6503, 0, 1, 0, 0, 0.57%, 1, 0, 1, 1084.44, 1950886, 3
1943, 6519, 0, 1, 0, 0, 0.57%, 1, 0, 1, 1092.08, 1955811, 3
1948, 6535, 0, 1, 0, 0, 0.57%, 1, 0, 1, 1056.98, 1960686, 3
1954, 6552, 0, 1, 0, 0, 0.57%, 1, 0, 1, 1105.81, 1965745, 3
1959, 6569, 0, 1, 0, 0, 0.57%, 1, 0, 1, 1127.45, 1970767, 3
1964, 6588, 0, 1, 0, 0, 0.57%, 1, 0, 1, 1259.10, 1976522, 3
1969, 6606, 0, 1, 0, 0, 0.57%, 1, 0, 1, 1234.18, 1981947, 3
1974, 6624, 0, 1, 0, 0, 0.57%, 1, 0, 1, 1185.98, 1987269, 3
1979, 6641, 0, 1, 0, 0, 0.57%, 1, 0, 1, 1058.56, 1992407, 3
1984, 6656, 0, 1, 0, 0, 0.57%, 1, 0, 1, 989.24, 1996961, 3
1989, 6673, 0, 1, 0, 0, 0.57%, 1, 0, 1, 986.45, 2001861, 3
1994, 6689, 0, 1, 0, 0, 0.57%, 1, 0, 1, 1035.62, 2006722, 3
2000, 6705, 0, 1, 0, 0, 0.57%, 1, 0, 1, 1024.82, 2011583, 3
2005, 6720, 0, 1, 0, 0, 0.57%, 1, 0, 1, 1024.68, 2016163, 3
2010, 6735, 0, 1, 0, 0, 0.57%, 1, 0, 1, 779.98, 2020622, 3
2015, 6750, 0, 1, 0, 0, 0.57%, 1, 0, 1, 962.65, 2025123, 3
2020, 6764, 0, 1, 0, 0, 0.57%, 1, 0, 1, 944.55, 2029422, 3
2025, 6778, 0, 1, 0, 0, 0.57%, 1, 0, 1, 896.18, 2033508, 3
2030, 6793, 0, 1, 0, 0, 0.57%, 1, 0, 1, 959.38, 2038061, 3
2036, 6807, 0, 1, 0, 0, 0.57%, 1, 0, 1, 918.24, 2042277, 3
2041, 6822, 0, 1, 0, 0, 0.57%, 1, 0, 1, 974.30, 2046761, 3
2046, 6838, 0, 1, 0, 0, 0.57%, 1, 0, 1, 999.39, 2051599, 3
2051, 6855, 0, 1, 0, 0, 0.57%, 1, 0, 1, 1093.25, 2056686, 3
2056, 6872, 0, 1, 0, 0, 0.57%, 1, 0, 1, 1094.50, 2061765, 3
2061, 6890, 0, 1, 0, 0, 0.57%, 1, 0, 1, 1094.84, 2066923, 3
2066, 6907, 0, 1, 0, 0, 0.57%, 1, 0, 1, 1105.85, 2072067, 3
2071, 6923, 0, 1, 0, 0, 0.57%, 1, 0, 1, 1061.50, 2076907, 3
2076, 6938, 0, 1, 0, 0, 0.57%, 1, 0, 1, 1015.65, 2081363, 3
2082, 6947, 0, 1, 0, 0, 0.57%, 1, 0, 1, 642.54, 2084262, 3
2087, 6954, 0, 1, 0, 0, 0.57%, 1, 0, 1, 296.85, 2086133, 3
2092, 6961, 0, 1, 0, 0, 0.57%, 1, 0, 1, 443.59, 2088455, 3
2097, 6976, 0, 1, 0, 0, 0.57%, 1, 0, 1, 856.82, 2093003, 3
2102, 6992, 0, 1, 0, 0, 0.57%, 1, 0, 1, 1011.33, 2097743, 3
2107, 7008, 0, 1, 0, 0, 0.57%, 1, 0, 1, 1025.78, 2102563, 3
2112, 7024, 0, 1, 0, 0, 0.57%, 1, 0, 1, 957.14, 2107218, 3
2117, 7036, 0, 1, 0, 0, 0.57%, 1, 0, 1, 827.98, 2110987, 3
2122, 7050, 0, 1, 0, 0, 0.57%, 1, 0, 1, 739.69, 2114965, 3
2127, 7064, 0, 1, 0, 0, 0.57%, 1, 0, 1, 902.36, 2119322, 3
2133, 7079, 0, 1, 0, 0, 0.57%, 1, 0, 1, 920.58, 2123741, 3
2138, 7093, 0, 1, 0, 0, 0.57%, 1, 0, 1, 913.25, 2128013, 3
2143, 7101, 0, 1, 0, 0, 0.57%, 1, 0, 1, 435.17, 2130403, 3
2148, 7106, 0, 1, 0, 0, 0.57%, 1, 0, 1, 351.46, 2131986, 3
2153, 7113, 0, 1, 0, 0, 0.57%, 1, 0, 1, 391.81, 2134030, 3
2158, 7127, 0, 1, 0, 0, 0.57%, 1, 0, 1, 773.97, 2138083, 3
2163, 7143, 0, 1, 0, 0, 0.57%, 1, 0, 1, 1014.66, 2142983, 3
2168, 7159, 0, 1, 0, 0, 0.57%, 1, 0, 1, 1013.91, 2147783, 3
2173, 7176, 0, 1, 0, 0, 0.57%, 1, 0, 1, 1072.11, 2152765, 3
2178, 7191, 0, 1, 0, 0, 0.57%, 1, 0, 1, 966.30, 2157299, 3
2183, 7205, 0, 1, 0, 0, 0.57%, 1, 0, 1, 943.53, 2161699, 3
2189, 7222, 0, 1, 0, 0, 0.57%, 1, 0, 1, 1040.97, 2166683, 3
2194, 7238, 0, 1, 0, 0, 0.57%, 1, 0, 1, 980.41, 2171342, 3
2199, 7252, 0, 1, 0, 0, 0.57%, 1, 0, 1, 923.66, 2175613, 3
2204, 7260, 0, 1, 0, 0, 0.57%, 1, 0, 1, 535.04, 2178034, 3
2209, 7266, 0, 1, 0, 0, 0.57%, 1, 0, 1, 396.16, 2179793, 3
2214, 7273, 0, 1, 0, 0, 0.57%, 1, 0, 1, 488.41, 2182104, 3
2219, 7286, 0, 1, 0, 0, 0.57%, 1, 0, 1, 736.22, 2186007, 3
2225, 7300, 0, 1, 0, 0, 0.57%, 1, 0, 1, 924.08, 2190195, 3
2230, 7315, 0, 1, 0, 0, 0.57%, 1, 0, 1, 921.19, 2194595, 3
2235, 7329, 0, 1, 0, 0, 0.57%, 1, 0, 1, 929.79, 2198841, 3
2240, 7345, 0, 1, 0, 0, 0.57%, 1, 0, 1, 661.37, 2203471, 3
2245, 7360, 0, 1, 0, 0, 0.57%, 1, 0, 1, 1096.66, 2208222, 3
2250, 7377, 0, 1, 0, 0, 0.57%, 1, 0, 1, 1123.11, 2213189, 3
2255, 7393, 0, 1, 0, 0, 0.57%, 1, 0, 1, 218.42, 2218111, 3
2260, 7411, 0, 1, 0, 0, 0.57%, 1, 0, 1, 1068.34, 2223465, 3
2266, 7419, 0, 1, 0, 0, 0.57%, 1, 0, 1, 513.82, 2225922, 3
2271, 7427, 0, 1, 0, 0, 0.57%, 1, 0, 1, 456.63, 2228031, 3
2276, 7437, 0, 1, 0, 0, 0.57%, 1, 0, 1, 669.75, 2231147, 3
2281, 7451, 0, 1, 0, 0, 0.57%, 1, 0, 1, 1032.12, 2235483, 3
2286, 7468, 0, 1, 0, 0, 0.57%, 1, 0, 1, 1122.00, 2240611, 3
2291, 7486, 0, 1, 0, 0, 0.57%, 1, 0, 1, 1077.28, 2245867, 3
2296, 7505, 0, 1, 0, 0, 0.57%, 1, 0, 1, 1164.11, 2251622, 3
2301, 7524, 0, 1, 0, 0, 0.57%, 1, 0, 1, 1218.49, 2257319, 3
2306, 7544, 0, 1, 0, 0, 0.57%, 1, 0, 1, 1246.22, 2263195, 3
2311, 7563, 0, 1, 0, 0, 0.57%, 1, 0, 1, 1177.42, 2268992, 3
2316, 7582, 0, 1, 0, 0, 0.57%, 1, 0, 1, 1211.77, 2274547, 3
2322, 7600, 0, 1, 0, 0, 0.57%, 1, 0, 1, 1131.55, 2280111, 3
2327, 7619, 0, 1, 0, 0, 0.57%, 1, 0, 1, 1291.75, 2285798, 3
2332, 7638, 0, 1, 0, 0, 0.57%, 1, 0, 1, 1227.42, 2291471, 3
2337, 7657, 0, 1, 0, 0, 0.57%, 1, 0, 1, 1155.56, 2297123, 3
2342, 7674, 0, 1, 0, 0, 0.57%, 1, 0, 1, 1170.74, 2302346, 3
