9444;
9444;
9444;
9444;
9444;
9497;9497;
9444;
9444;
9444;
9497;9497;
9444;
9444;
9444;
9444;
9444;
9444;
9444;
9444;
9444;
9444;
9444;
9444;
9444;
9444;
9444;
9444;
9444;
9444;
1514;1514;2427;2483;2492;2499;9658;
9444;
9444;
1514;1514;2427;2483;2492;2499;9658;
9444;
9444;
9444;
9444;
9444;
9444;
9444;
9444;
9497;9497;
9444;
9444;
9444;
9444;
9444;
9444;
9444;
9444;
9444;
9444;
9444;
9444;
9444;
9444;
9444;
9444;
9444;
9444;
9444;
9444;
9444;
9444;
9444;
9444;
9444;
9444;
9444;
9444;
9444;
9444;
9444;
9444;
1514;1514;2427;2483;2492;2499;9658;
9444;
9444;
9444;
1514;1514;2427;2483;2492;2499;9658;
9444;
9444;
9444;
9444;
9444;
9444;
9444;
9444;
1514;1514;2427;2483;2492;2499;9658;
9505;9505;
9444;
9444;
9321;9623;
9321;9623;
9321;9623;
9444;
1514;1514;2427;2483;2492;2499;9658;
9444;
1514;1514;2427;2483;2492;2499;9658;
1514;1514;2427;2483;2492;2499;9658;
9497;9497;
1514;1514;2427;2483;2492;2499;9658;
1514;1514;2427;2483;2492;2499;9658;
1514;1514;2427;2483;2492;2499;9658;
1514;1514;2427;2483;2492;2499;9658;
1514;1514;2427;2483;2492;2499;9658;
1514;1514;2427;2483;2492;2499;9658;
9444;
9497;9497;
1514;1514;2427;2483;2492;2499;9658;
9497;9497;
9444;
1514;1514;2427;2483;2492;2499;9658;
1514;1514;2427;2483;2492;2499;9658;
1514;1514;2427;2483;2492;2499;9658;
9497;9497;
9444;
9444;
9444;
9444;
1514;1514;2427;2483;2492;2499;9658;
1514;1514;2427;2483;2492;2499;9658;
1514;1514;2427;2483;2492;2499;9658;
1514;1514;2427;2483;2492;2499;9658;
9444;
1514;1514;2427;2483;2492;2499;9658;
1514;1514;2427;2483;2492;2499;9658;
1514;1514;2427;2483;2492;2499;9658;
1514;1514;2427;2483;2492;2499;9658;
9505;9505;
9505;9505;
1514;1514;2427;2483;2492;2499;9658;
9505;9505;
1514;1514;2427;2483;2492;2499;9658;
9497;9497;
1514;1514;2427;2483;2492;2499;9658;
1514;1514;2427;2483;2492;2499;9658;
1514;1514;2427;2483;2492;2499;9658;
6151;6151;7807;9700;9671;
9497;9497;
9497;9497;
1514;1514;2427;2483;2492;2499;9658;
9505;9505;
9444;
9505;9505;
1514;1514;2427;2483;2492;2499;9658;
1514;1514;2427;2483;2492;2499;9658;
1514;1514;2427;2483;2492;2499;9658;
1514;1514;2427;2483;2492;2499;9658;
1514;1514;2427;2483;2492;2499;9658;
1514;1514;2427;2483;2492;2499;9658;
1514;1514;2427;2483;2492;2499;9658;
1514;1514;2427;2483;2492;2499;9658;
1514;1514;2427;2483;2492;2499;9658;
1514;1514;2427;2483;2492;2499;9658;
9505;9505;
1514;1514;2427;2483;2492;2499;9658;
1514;1514;2427;2483;2492;2499;9658;
9505;9505;
1514;1514;2427;2483;2492;2499;9658;
1514;1514;2427;2483;2492;2499;9658;
9497;9497;
1514;1514;2427;2483;2492;2499;9658;
9497;9497;
1514;1514;2427;2483;2492;2499;9658;
1514;1514;2427;2483;2492;2499;9658;
1514;1514;2427;2483;2492;2499;9658;
1514;1514;2427;2483;2492;2499;9658;
1514;1514;2427;2483;2492;2499;9658;
1514;1514;2427;2483;2492;2499;9658;
1514;1514;2427;2483;2492;2499;9658;
9444;
1514;1514;2427;2483;2492;2499;9658;
9497;9497;
9497;9497;
1514;1514;2427;2483;2492;2499;9658;
1514;1514;2427;2483;2492;2499;9658;
1514;1514;2427;2483;2492;2499;9658;
1514;1514;2427;2483;2492;2499;9658;
9497;9497;
9497;9497;
6151;6151;7807;9700;9671;
1514;1514;2427;2483;2492;2499;9658;
1514;1514;2427;2483;2492;2499;9658;
1514;1514;2427;2483;2492;2499;9658;
1514;1514;2427;2483;2492;2499;9658;
1514;1514;2427;2483;2492;2499;9658;
1514;1514;2427;2483;2492;2499;9658;
9497;9497;
1514;1514;2427;2483;2492;2499;9658;
1514;1514;2427;2483;2492;2499;9658;
1514;1514;2427;2483;2492;2499;9658;
1514;1514;2427;2483;2492;2499;9658;
1514;1514;2427;2483;2492;2499;9658;
1514;1514;2427;2483;2492;2499;9658;
1514;1514;2427;2483;2492;2499;9658;
1514;1514;2427;2483;2492;2499;9658;
9497;9497;
1514;1514;2427;2483;2492;2499;9658;
1514;1514;2427;2483;2492;2499;9658;
1514;1514;2427;2483;2492;2499;9658;
1514;1514;2427;2483;2492;2499;9658;
1514;1514;2427;2483;2492;2499;9658;
1514;1514;2427;2483;2492;2499;9658;
1514;1514;2427;2483;2492;2499;9658;
1514;1514;2427;2483;2492;2499;9658;
1514;1514;2427;2483;2492;2499;9658;
9505;9505;
1514;1514;2427;2483;2492;2499;9658;
1514;1514;2427;2483;2492;2499;9658;
1514;1514;2427;2483;2492;2499;9658;
1514;1514;2427;2483;2492;2499;9658;
1514;1514;2427;2483;2492;2499;9658;
1514;1514;2427;2483;2492;2499;9658;
1514;1514;2427;2483;2492;2499;9658;
1514;1514;2427;2483;2492;2499;9658;
1514;1514;2427;2483;2492;2499;9658;
6151;6151;7807;9700;9671;
6151;6151;7807;9700;9671;
9444;
1514;1514;2427;2483;2492;2499;9658;
1514;1514;2427;2483;2492;2499;9658;
1514;1514;2427;2483;2492;2499;9658;
1514;1514;2427;2483;2492;2499;9658;
1514;1514;2427;2483;2492;2499;9658;
6151;6151;7807;9700;9671;
1514;1514;2427;2483;2492;2499;9658;
1514;1514;2427;2483;2492;2499;9658;
1514;1514;2427;2483;2492;2499;9658;
1514;1514;2427;2483;2492;2499;9658;
1514;1514;2427;2483;2492;2499;9658;
1514;1514;2427;2483;2492;2499;9658;
1514;1514;2427;2483;2492;2499;9658;
1514;1514;2427;2483;2492;2499;9658;
1514;1514;2427;2483;2492;2499;9658;
1514;1514;2427;2483;2492;2499;9658;
1514;1514;2427;2483;2492;2499;9658;
1514;1514;2427;2483;2492;2499;9658;
1514;1514;2427;2483;2492;2499;9658;
1514;1514;2427;2483;2492;2499;9658;
1514;1514;2427;2483;2492;2499;9658;
1514;1514;2427;2483;2492;2499;9658;
1514;1514;2427;2483;2492;2499;9658;
