# relative_time, cycles_done, cur_item, corpus_count, pending_total, pending_favs, map_size, saved_crashes, saved_hangs, max_depth, execs_per_sec, total_execs, edges_found
63, 0, 0, 40, 40, 1, 19.50%, 0, 0, 2, 5.50, 356, 249
72, 0, 0, 42, 42, 1, 19.50%, 0, 0, 2, 5.11, 375, 249
80, 0, 0, 44, 44, 1, 19.50%, 0, 0, 2, 4.90, 402, 249
88, 0, 0, 46, 46, 1, 19.50%, 0, 0, 2, 4.55, 419, 249
96, 0, 0, 48, 48, 1, 19.50%, 0, 0, 2, 4.29, 437, 249
103, 0, 0, 50, 50, 1, 19.50%, 0, 0, 2, 4.03, 453, 249
110, 0, 0, 52, 52, 1, 19.50%, 0, 0, 2, 3.84, 469, 249
116, 0, 0, 54, 54, 1, 19.50%, 0, 0, 2, 3.75, 489, 249
122, 0, 0, 56, 56, 1, 19.50%, 0, 0, 2, 3.61, 505, 249
129, 0, 0, 58, 58, 1, 19.50%, 0, 0, 2, 3.64, 530, 249
137, 0, 0, 60, 60, 1, 19.50%, 0, 0, 2, 3.94, 571, 249
145, 0, 0, 62, 62, 1, 19.66%, 0, 0, 2, 3.71, 587, 251
152, 0, 0, 64, 64, 1, 19.81%, 0, 0, 2, 3.56, 605, 253
162, 0, 0, 66, 66, 1, 19.81%, 0, 0, 2, 3.41, 627, 253
171, 0, 0, 68, 68, 1, 19.81%, 0, 0, 2, 3.31, 649, 253
178, 0, 0, 70, 70, 1, 19.81%, 0, 0, 2, 3.82, 720, 253
187, 0, 0, 73, 73, 1, 19.81%, 0, 0, 2, 2.43, 881, 253
195, 0, 0, 75, 75, 1, 19.81%, 0, 0, 2, 3.62, 1030, 253
201, 0, 0, 76, 76, 1, 19.81%, 0, 0, 2, 54.90, 1061, 253
209, 0, 0, 78, 78, 1, 19.81%, 0, 0, 2, 1.96, 1088, 253
214, 0, 0, 79, 79, 1, 19.81%, 0, 0, 2, 3.17, 1140, 253
223, 0, 0, 82, 82, 1, 19.81%, 0, 0, 2, 3.74, 1193, 253
228, 0, 0, 83, 83, 1, 19.81%, 0, 0, 2, 39.30, 1222, 253
235, 0, 0, 85, 85, 1, 19.81%, 0, 0, 2, 2.30, 1355, 253
241, 0, 0, 86, 86, 1, 19.81%, 0, 0, 2, 51.28, 1466, 253
248, 0, 0, 87, 87, 1, 19.81%, 0, 0, 2, 3.81, 1657, 253
257, 0, 0, 89, 89, 1, 19.81%, 0, 0, 2, 1.93, 1696, 253
266, 0, 0, 91, 91, 1, 19.81%, 0, 0, 2, 2.88, 1736, 253
272, 0, 0, 91, 91, 1, 19.81%, 0, 0, 2, 42.80, 1926, 253
277, 0, 0, 92, 92, 1, 19.81%, 0, 0, 2, 45.33, 2147, 253
282, 0, 0, 92, 92, 1, 19.81%, 0, 0, 2, 49.07, 2394, 253
287, 0, 0, 94, 94, 1, 19.81%, 0, 0, 2, 54.34, 2555, 253
292, 0, 0, 94, 94, 1, 19.81%, 0, 0, 2, 52.10, 2817, 253
297, 0, 0, 94, 94, 1, 19.81%, 0, 0, 2, 51.16, 3071, 253
305, 0, 0, 95, 95, 1, 19.81%, 0, 0, 2, 1.73, 3257, 253
311, 0, 0, 95, 95, 1, 19.81%, 0, 0, 2, 51.75, 3517, 253
316, 0, 0, 95, 95, 1, 19.81%, 0, 0, 2, 56.49, 3805, 253
321, 0, 0, 95, 95, 1, 19.81%, 0, 0, 2, 62.14, 4119, 253
326, 0, 0, 95, 95, 1, 19.81%, 0, 0, 2, 65.27, 4448, 253
331, 0, 0, 95, 95, 1, 19.81%, 0, 0, 2, 71.61, 4825, 253
336, 0, 0, 95, 95, 1, 19.81%, 0, 0, 2, 80.39, 5248, 253
343, 0, 0, 96, 96, 1, 19.81%, 0, 0, 2, 2.44, 5485, 253
348, 0, 0, 97, 97, 1, 19.81%, 0, 0, 2, 97.09, 5561, 253
353, 0, 0, 97, 97, 1, 19.81%, 0, 0, 2, 97.94, 6034, 253
358, 0, 0, 97, 97, 1, 19.81%, 0, 0, 2, 113.09, 6609, 253
364, 0, 0, 98, 98, 1, 19.81%, 0, 0, 2, 4.14, 6810, 253
375, 0, 0, 100, 100, 1, 19.89%, 0, 0, 2, 2.34, 7238, 254
381, 0, 0, 102, 102, 1, 19.89%, 0, 0, 2, 2.77, 7277, 254
396, 0, 0, 105, 105, 1, 19.89%, 0, 0, 2, 31.24, 7495, 254
409, 0, 0, 107, 107, 1, 19.89%, 0, 0, 2, 1.95, 7612, 254
422, 0, 0, 108, 108, 1, 19.89%, 0, 0, 2, 2.16, 7678, 254
430, 0, 0, 109, 109, 1, 19.89%, 0, 0, 2, 2.30, 7716, 254
436, 0, 0, 110, 110, 1, 19.89%, 0, 0, 2, 2.28, 7728, 254
443, 0, 0, 112, 112, 1, 19.89%, 0, 0, 2, 15.07, 7829, 254
456, 0, 0, 113, 113, 1, 19.89%, 0, 0, 2, 2.21, 7858, 254
469, 0, 0, 114, 114, 1, 19.89%, 0, 0, 2, 2.25, 7894, 254
478, 0, 0, 115, 115, 1, 19.89%, 0, 0, 2, 2.33, 7926, 254
490, 0, 0, 116, 116, 1, 19.89%, 0, 0, 2, 2.29, 7946, 254
506, 0, 0, 117, 117, 1, 19.89%, 0, 0, 2, 2.85, 8123, 254
518, 0, 0, 118, 118, 1, 19.89%, 0, 0, 2, 15.75, 8499, 254
535, 0, 0, 119, 119, 1, 19.89%, 0, 0, 2, 2.56, 8543, 254
548, 0, 0, 120, 120, 1, 19.89%, 0, 0, 2, 2.50, 8563, 254
565, 0, 0, 121, 121, 1, 19.89%, 0, 0, 2, 3.19, 8806, 254
571, 0, 0, 122, 122, 1, 19.89%, 0, 0, 2, 3.11, 8816, 254
581, 0, 0, 123, 123, 1, 19.89%, 0, 0, 2, 3.41, 8897, 254
589, 0, 0, 124, 124, 1, 19.89%, 0, 0, 2, 3.72, 8963, 254
601, 0, 0, 125, 125, 1, 19.89%, 0, 0, 2, 4.37, 9129, 254
608, 0, 0, 126, 126, 1, 19.89%, 0, 0, 2, 4.28, 9152, 254
616, 0, 0, 127, 127, 1, 19.89%, 0, 0, 2, 4.46, 9205, 254
632, 0, 0, 129, 129, 1, 19.89%, 0, 0, 2, 0.50, 9349, 254
646, 0, 0, 130, 130, 1, 19.89%, 0, 0, 2, 0.50, 9357, 254
659, 0, 0, 131, 131, 1, 19.89%, 0, 0, 2, 0.56, 9375, 254
679, 0, 0, 132, 132, 1, 19.89%, 0, 0, 2, 0.56, 9388, 254
694, 0, 0, 133, 133, 1, 19.89%, 0, 0, 2, 0.57, 9399, 254
709, 0, 0, 134, 134, 1, 19.89%, 0, 0, 2, 0.57, 9407, 254
724, 0, 0, 135, 135, 1, 19.89%, 0, 0, 2, 0.57, 9415, 254
740, 0, 0, 136, 136, 1, 19.89%, 0, 0, 2, 0.56, 9423, 254
757, 0, 0, 137, 137, 1, 19.89%, 0, 0, 2, 0.74, 9464, 254
774, 0, 0, 138, 138, 1, 19.89%, 0, 0, 2, 0.70, 9528, 254
792, 0, 0, 139, 139, 1, 19.89%, 0, 0, 2, 0.81, 9558, 254
806, 0, 0, 140, 140, 1, 19.89%, 0, 0, 2, 0.83, 9573, 254
822, 0, 0, 141, 141, 1, 19.89%, 0, 0, 2, 0.89, 9595, 254
836, 0, 0, 142, 142, 1, 19.89%, 0, 0, 2, 0.90, 9610, 254
861, 0, 0, 143, 143, 1, 19.89%, 0, 0, 2, 0.40, 9685, 254
884, 0, 0, 144, 144, 1, 19.89%, 0, 0, 2, 0.40, 9696, 254
908, 0, 0, 145, 145, 1, 19.97%, 0, 0, 2, 0.58, 9718, 255
930, 0, 0, 146, 146, 1, 19.97%, 0, 0, 2, 0.37, 9731, 255
944, 0, 0, 147, 147, 1, 19.97%, 0, 0, 2, 0.64, 9756, 255
960, 0, 0, 148, 148, 1, 19.97%, 0, 0, 2, 0.64, 9765, 255
973, 0, 0, 149, 149, 1, 19.97%, 0, 0, 2, 0.64, 9774, 255
984, 0, 0, 150, 150, 1, 19.97%, 0, 0, 2, 0.64, 9782, 255
998, 0, 0, 151, 151, 1, 19.97%, 0, 0, 2, 0.64, 9790, 255
1012, 0, 0, 152, 152, 1, 19.97%, 0, 0, 2, 0.63, 9798, 255
1027, 0, 0, 153, 153, 1, 19.97%, 0, 0, 2, 0.64, 9808, 255
1041, 0, 0, 154, 154, 1, 19.97%, 0, 0, 2, 0.58, 9829, 255
1054, 0, 0, 155, 155, 1, 19.97%, 0, 0, 2, 0.59, 9839, 255
1070, 0, 0, 156, 156, 1, 19.97%, 0, 0, 2, 0.60, 9851, 255
1087, 0, 0, 157, 157, 1, 19.97%, 0, 0, 2, 0.69, 9868, 255
1102, 0, 0, 158, 158, 1, 19.97%, 0, 0, 2, 0.53, 9895, 255
1125, 0, 0, 159, 159, 1, 19.97%, 0, 0, 2, 0.54, 9960, 255
1146, 0, 0, 160, 160, 1, 19.97%, 0, 0, 2, 0.58, 10009, 255
1164, 0, 0, 161, 161, 1, 19.97%, 0, 0, 2, 0.84, 10106, 255
1182, 0, 0, 162, 162, 1, 19.97%, 0, 0, 2, 0.77, 10125, 255
1198, 0, 0, 163, 163, 1, 19.97%, 0, 0, 2, 0.66, 10195, 255
1203, 0, 0, 163, 163, 1, 19.97%, 0, 0, 2, 22.25, 10309, 255
1208, 0, 0, 163, 163, 1, 19.97%, 0, 0, 2, 23.09, 10430, 255
1223, 0, 0, 164, 164, 1, 19.97%, 0, 0, 2, 0.73, 10487, 255
1235, 0, 0, 165, 165, 1, 19.97%, 0, 0, 2, 0.79, 10523, 255
1262, 0, 0, 166, 166, 1, 19.97%, 0, 0, 2, 0.52, 10562, 255
1293, 0, 0, 167, 167, 1, 20.05%, 0, 0, 2, 0.28, 10637, 256
1318, 0, 0, 168, 168, 1, 20.05%, 0, 0, 2, 0.45, 10657, 256
1346, 0, 0, 169, 169, 1, 20.05%, 0, 0, 2, 0.33, 10697, 256
1351, 0, 0, 169, 169, 1, 20.05%, 0, 0, 2, 20.46, 10801, 256
1372, 0, 0, 170, 170, 1, 20.05%, 0, 0, 2, 0.42, 10810, 256
1378, 0, 0, 170, 170, 1, 20.05%, 0, 0, 2, 19.44, 10914, 256
1395, 0, 0, 171, 171, 1, 20.05%, 0, 0, 2, 0.57, 10994, 256
1400, 0, 0, 171, 171, 1, 20.05%, 0, 0, 2, 22.53, 11109, 256
1405, 0, 0, 171, 171, 1, 20.05%, 0, 0, 2, 21.21, 11214, 256
1410, 0, 0, 171, 171, 1, 20.05%, 0, 0, 2, 20.92, 11318, 256
1415, 0, 0, 171, 171, 1, 20.05%, 0, 0, 2, 19.62, 11416, 256
1447, 0, 0, 172, 172, 1, 20.05%, 0, 0, 2, 0.32, 11508, 256
1452, 0, 0, 172, 172, 1, 20.05%, 0, 0, 2, 20.94, 11619, 256
1457, 0, 0, 172, 172, 1, 20.05%, 0, 0, 2, 21.47, 11729, 256
1462, 0, 0, 172, 172, 1, 20.05%, 0, 0, 2, 21.50, 11837, 256
1467, 0, 0, 172, 172, 1, 20.05%, 0, 0, 2, 19.70, 11934, 256
1483, 0, 0, 173, 173, 1, 20.20%, 0, 0, 2, 0.73, 11950, 258
1488, 0, 0, 173, 173, 1, 20.20%, 0, 0, 2, 20.73, 12059, 258
1493, 0, 0, 173, 173, 1, 20.20%, 0, 0, 2, 20.31, 12160, 258
1508, 0, 0, 174, 174, 1, 21.46%, 0, 0, 2, 0.60, 12201, 274
1521, 0, 0, 175, 175, 1, 21.46%, 0, 0, 2, 0.62, 12213, 274
1535, 0, 0, 176, 176, 1, 21.46%, 0, 0, 2, 0.62, 12223, 274
1549, 0, 0, 177, 177, 1, 21.46%, 0, 0, 2, 0.63, 12232, 274
1563, 0, 0, 178, 178, 1, 21.46%, 0, 0, 2, 0.67, 12253, 274
1577, 0, 0, 179, 179, 1, 21.46%, 0, 0, 2, 0.67, 12261, 274
1588, 0, 0, 180, 180, 1, 21.46%, 0, 0, 2, 0.69, 12273, 274
1601, 0, 0, 181, 181, 1, 21.46%, 0, 0, 2, 0.70, 12283, 274
1606, 0, 0, 181, 181, 1, 21.46%, 0, 0, 2, 22.42, 12394, 274
1619, 0, 0, 182, 182, 1, 21.46%, 0, 0, 2, 0.72, 12413, 274
1631, 0, 0, 183, 183, 1, 21.46%, 0, 0, 2, 1.02, 12446, 274
1642, 0, 0, 184, 184, 1, 21.53%, 0, 0, 2, 0.73, 12463, 275
1647, 0, 0, 184, 184, 1, 21.53%, 0, 0, 2, 21.10, 12572, 275
1653, 0, 0, 184, 184, 1, 21.53%, 0, 0, 2, 21.36, 12683, 275
1658, 0, 0, 184, 184, 1, 21.53%, 0, 0, 2, 25.88, 12792, 275
1663, 0, 0, 184, 184, 1, 21.53%, 0, 0, 2, 11.15, 12888, 275
1681, 0, 0, 185, 185, 1, 21.53%, 0, 0, 2, 0.58, 12983, 275
1710, 0, 0, 186, 186, 1, 21.53%, 0, 0, 2, 0.41, 13081, 275
1725, 0, 0, 187, 187, 1, 21.53%, 0, 0, 2, 0.90, 13178, 275
1737, 0, 0, 188, 188, 1, 21.61%, 0, 0, 2, 0.90, 13202, 276
1742, 0, 0, 188, 188, 1, 21.61%, 0, 0, 2, 20.80, 13309, 276
1747, 0, 0, 188, 188, 1, 21.61%, 0, 0, 2, 22.96, 13425, 276
1752, 0, 0, 188, 188, 1, 21.61%, 0, 0, 2, 21.96, 13531, 276
1774, 0, 0, 189, 189, 1, 21.61%, 0, 0, 2, 0.43, 13596, 276
1801, 0, 0, 190, 190, 1, 21.61%, 0, 0, 2, 0.35, 13649, 276
