# relative_time, cycles_done, cur_item, corpus_count, pending_total, pending_favs, map_size, saved_crashes, saved_hangs, max_depth, execs_per_sec, total_execs, edges_found
66, 0, 0, 19, 19, 1, 10.03%, 9, 0, 2, 3.11, 230, 127
92, 0, 0, 21, 21, 1, 10.11%, 13, 0, 2, 0.93, 276, 128
114, 0, 0, 23, 23, 1, 12.88%, 14, 0, 2, 0.97, 311, 163
125, 0, 0, 27, 27, 1, 13.03%, 15, 0, 2, 3.77, 415, 165
150, 0, 0, 30, 30, 1, 13.43%, 15, 0, 2, 0.72, 463, 170
166, 0, 0, 32, 32, 1, 13.59%, 16, 0, 2, 0.81, 495, 172
190, 0, 0, 33, 33, 1, 13.59%, 16, 0, 2, 0.79, 510, 172
214, 0, 0, 36, 36, 1, 13.90%, 19, 0, 2, 0.36, 558, 176
237, 0, 0, 37, 37, 1, 14.61%, 19, 0, 2, 0.36, 566, 185
260, 0, 0, 38, 38, 1, 14.77%, 19, 0, 2, 0.35, 574, 187
280, 0, 0, 39, 39, 1, 14.85%, 19, 0, 2, 0.36, 583, 188
301, 0, 0, 40, 40, 1, 14.93%, 19, 0, 2, 0.37, 593, 189
329, 0, 0, 41, 41, 1, 15.01%, 19, 0, 2, 0.36, 601, 190
359, 0, 0, 42, 42, 1, 15.09%, 19, 0, 2, 0.36, 609, 191
391, 0, 0, 43, 43, 1, 15.17%, 19, 0, 2, 0.35, 617, 192
424, 0, 0, 44, 44, 1, 15.24%, 19, 0, 2, 0.34, 625, 193
455, 0, 0, 45, 45, 1, 15.32%, 19, 0, 2, 0.34, 634, 194
482, 0, 0, 46, 46, 1, 15.40%, 19, 0, 2, 0.34, 642, 195
512, 0, 0, 47, 47, 1, 15.48%, 19, 0, 2, 0.34, 651, 196
531, 0, 0, 48, 48, 1, 15.56%, 19, 0, 2, 0.34, 660, 197
550, 0, 0, 49, 49, 1, 15.72%, 19, 0, 2, 0.35, 668, 199
568, 0, 0, 50, 50, 1, 15.88%, 19, 0, 2, 0.35, 676, 201
585, 0, 0, 51, 51, 1, 15.96%, 19, 0, 2, 0.36, 684, 202
602, 0, 0, 52, 52, 1, 16.03%, 19, 0, 2, 0.37, 692, 203
619, 0, 0, 53, 53, 1, 16.11%, 19, 0, 2, 0.37, 700, 204
635, 0, 0, 54, 54, 1, 16.19%, 19, 0, 2, 0.38, 708, 205
652, 0, 0, 55, 55, 1, 16.27%, 19, 0, 2, 0.39, 716, 206
670, 0, 0, 56, 56, 1, 16.35%, 19, 0, 2, 0.39, 724, 207
689, 0, 0, 57, 57, 1, 16.43%, 19, 0, 2, 0.39, 732, 208
704, 0, 0, 58, 58, 1, 16.51%, 19, 0, 2, 0.40, 740, 209
717, 0, 0, 59, 59, 1, 16.51%, 19, 0, 2, 0.42, 749, 209
736, 0, 0, 60, 60, 1, 16.67%, 19, 0, 2, 0.42, 757, 211
754, 0, 0, 61, 61, 1, 16.75%, 19, 0, 2, 0.42, 765, 212
777, 0, 0, 62, 62, 1, 16.82%, 19, 0, 2, 0.42, 774, 213
794, 0, 0, 63, 63, 1, 16.90%, 19, 0, 2, 0.42, 782, 214
811, 0, 0, 64, 64, 1, 16.90%, 19, 0, 2, 0.43, 790, 214
835, 0, 0, 65, 65, 1, 16.98%, 19, 0, 2, 0.42, 799, 215
856, 0, 0, 66, 66, 1, 17.06%, 19, 0, 2, 0.42, 807, 216
878, 0, 0, 67, 67, 1, 17.22%, 19, 0, 2, 0.42, 815, 218
889, 0, 0, 69, 69, 1, 17.46%, 19, 0, 2, 0.48, 832, 221
912, 0, 0, 70, 70, 1, 17.54%, 19, 0, 2, 0.41, 844, 222
928, 0, 0, 71, 71, 1, 17.61%, 20, 0, 2, 0.56, 855, 223
954, 0, 0, 72, 72, 1, 17.69%, 20, 0, 2, 0.31, 869, 224
981, 0, 0, 73, 73, 1, 17.77%, 20, 0, 2, 0.31, 877, 225
1003, 0, 0, 74, 74, 1, 17.85%, 20, 0, 2, 0.32, 885, 226
1030, 0, 0, 75, 75, 1, 17.85%, 20, 0, 2, 0.31, 893, 226
1053, 0, 0, 76, 76, 1, 17.93%, 20, 0, 2, 0.32, 901, 227
1072, 0, 0, 77, 77, 1, 17.93%, 20, 0, 2, 0.32, 909, 227
1099, 0, 0, 78, 78, 1, 18.09%, 20, 0, 2, 0.32, 917, 229
1118, 0, 0, 79, 79, 1, 18.17%, 20, 0, 2, 0.33, 925, 230
1145, 0, 0, 80, 80, 1, 18.25%, 20, 0, 2, 0.33, 933, 231
1174, 0, 0, 81, 81, 1, 18.40%, 20, 0, 2, 0.32, 941, 233
1192, 0, 0, 82, 82, 1, 18.40%, 20, 0, 2, 0.33, 949, 233
1215, 0, 0, 83, 83, 1, 18.72%, 20, 0, 2, 0.33, 957, 237
1231, 0, 0, 84, 84, 1, 18.72%, 20, 0, 2, 0.34, 965, 237
1250, 0, 0, 85, 85, 1, 18.80%, 20, 0, 2, 0.35, 973, 238
1267, 0, 0, 86, 86, 1, 18.80%, 20, 0, 2, 0.35, 981, 238
1283, 0, 0, 87, 87, 1, 18.88%, 20, 0, 2, 0.36, 989, 239
1300, 0, 0, 88, 88, 1, 18.88%, 20, 0, 2, 0.49, 1003, 239
1315, 0, 0, 89, 89, 1, 18.96%, 20, 0, 2, 0.50, 1011, 240
1329, 0, 0, 90, 90, 1, 19.12%, 20, 0, 2, 0.62, 1022, 242
1351, 0, 0, 91, 91, 1, 19.19%, 20, 0, 2, 0.61, 1030, 243
1365, 0, 0, 92, 92, 1, 19.27%, 20, 0, 2, 0.65, 1041, 244
1386, 0, 0, 93, 93, 1, 19.35%, 20, 0, 2, 0.64, 1050, 245
1408, 0, 0, 94, 94, 1, 19.35%, 20, 0, 2, 0.62, 1059, 245
1441, 0, 0, 95, 95, 1, 19.43%, 20, 0, 2, 0.60, 1068, 246
1479, 0, 0, 96, 96, 1, 19.43%, 20, 0, 2, 0.57, 1076, 246
1522, 0, 0, 97, 97, 1, 19.51%, 20, 0, 2, 0.55, 1085, 247
1557, 0, 0, 98, 98, 1, 19.59%, 20, 0, 2, 0.53, 1094, 248
1593, 0, 0, 99, 99, 1, 19.67%, 20, 0, 2, 0.52, 1103, 249
1621, 0, 0, 100, 100, 1, 19.67%, 20, 0, 2, 0.28, 1113, 249
1650, 0, 0, 101, 101, 1, 19.75%, 20, 0, 2, 0.28, 1123, 250
1680, 0, 0, 102, 102, 1, 20.06%, 20, 0, 2, 0.30, 1134, 254
1707, 0, 0, 103, 103, 1, 20.14%, 20, 0, 2, 0.30, 1142, 255
1734, 0, 0, 104, 104, 1, 20.22%, 20, 0, 2, 0.31, 1152, 256
1759, 0, 0, 105, 105, 1, 20.30%, 20, 0, 2, 0.31, 1160, 257
1780, 0, 0, 106, 106, 1, 20.30%, 20, 0, 2, 0.31, 1168, 257
1806, 0, 0, 107, 107, 1, 20.30%, 20, 0, 2, 0.32, 1177, 257
1833, 0, 0, 108, 108, 1, 20.38%, 20, 0, 2, 0.32, 1186, 258
1850, 0, 0, 109, 109, 1, 20.38%, 20, 0, 2, 0.54, 1197, 258
1867, 0, 0, 110, 110, 1, 20.46%, 20, 0, 2, 0.53, 1208, 259
1894, 0, 0, 111, 111, 1, 20.54%, 20, 0, 2, 0.52, 1216, 260
1916, 0, 0, 112, 112, 1, 20.62%, 20, 0, 2, 0.36, 1226, 261
1936, 0, 0, 113, 113, 1, 20.70%, 20, 0, 2, 0.36, 1234, 262
1973, 0, 0, 114, 114, 1, 20.77%, 20, 0, 2, 0.22, 1244, 263
2006, 0, 0, 115, 115, 1, 20.85%, 20, 0, 2, 0.22, 1252, 264
2035, 0, 0, 116, 116, 1, 20.93%, 20, 0, 2, 0.22, 1260, 265
2063, 0, 0, 117, 117, 1, 20.93%, 20, 0, 2, 0.23, 1269, 265
2080, 0, 0, 118, 118, 1, 21.01%, 20, 0, 2, 0.50, 1283, 266
2099, 0, 0, 119, 119, 1, 21.09%, 21, 0, 2, 0.43, 1293, 267
2121, 0, 0, 120, 120, 1, 21.09%, 21, 0, 2, 0.42, 1304, 267
2138, 0, 0, 121, 121, 1, 21.09%, 21, 0, 2, 0.42, 1312, 267
2165, 0, 0, 122, 122, 1, 21.17%, 21, 0, 2, 0.31, 1326, 268
2189, 0, 0, 123, 123, 1, 21.17%, 21, 0, 2, 0.31, 1334, 268
2212, 0, 0, 124, 124, 1, 21.17%, 21, 0, 2, 0.31, 1343, 268
2241, 0, 0, 125, 125, 1, 21.25%, 21, 0, 2, 0.29, 1357, 269
2270, 0, 0, 126, 126, 1, 21.33%, 21, 0, 2, 0.29, 1366, 270
2300, 0, 0, 127, 127, 1, 21.41%, 21, 0, 2, 0.29, 1375, 271
2327, 0, 0, 128, 128, 1, 21.48%, 21, 0, 2, 0.29, 1383, 272
2366, 0, 0, 129, 129, 1, 21.56%, 21, 0, 2, 0.21, 1393, 273
2384, 0, 0, 130, 130, 1, 21.56%, 22, 0, 2, 0.45, 1405, 273
2410, 0, 0, 131, 131, 1, 21.56%, 22, 0, 2, 0.31, 1415, 273
2435, 0, 0, 132, 132, 1, 21.64%, 23, 0, 2, 0.38, 1427, 274
2460, 0, 0, 133, 133, 1, 22.20%, 23, 0, 2, 0.38, 1442, 281
2496, 0, 0, 134, 134, 1, 22.20%, 23, 0, 2, 0.23, 1458, 281
2520, 0, 0, 135, 135, 1, 22.35%, 23, 0, 2, 0.35, 1473, 283
2538, 0, 0, 136, 136, 1, 22.67%, 23, 0, 2, 0.36, 1482, 287
2561, 0, 0, 137, 137, 1, 22.67%, 24, 0, 2, 0.36, 1498, 287
2597, 0, 0, 138, 138, 1, 22.67%, 26, 0, 2, 0.26, 1510, 287
2631, 0, 0, 139, 139, 1, 22.75%, 26, 0, 2, 0.26, 1519, 288
2658, 0, 0, 140, 140, 1, 22.75%, 28, 0, 2, 0.34, 1544, 288
2680, 0, 0, 141, 141, 1, 22.83%, 28, 0, 2, 0.39, 1560, 289
2703, 0, 0, 142, 142, 1, 22.83%, 29, 0, 2, 0.36, 1574, 289
2726, 0, 0, 143, 143, 1, 22.83%, 29, 0, 2, 0.37, 1588, 289
2750, 0, 0, 144, 144, 1, 22.83%, 30, 0, 2, 0.40, 1615, 289
2755, 0, 0, 144, 144, 1, 22.83%, 30, 0, 2, 4.62, 1638, 289
2774, 0, 0, 145, 145, 1, 22.91%, 30, 0, 2, 0.46, 1654, 290
2795, 0, 0, 146, 146, 1, 22.91%, 31, 0, 2, 0.45, 1676, 290
2815, 0, 0, 147, 147, 1, 22.99%, 31, 0, 2, 0.42, 1690, 291
2829, 0, 0, 148, 148, 1, 22.99%, 31, 0, 2, 0.43, 1698, 291
2834, 0, 0, 148, 148, 1, 22.99%, 31, 0, 2, 4.43, 1720, 291
2847, 0, 0, 149, 149, 1, 23.06%, 31, 0, 2, 0.65, 1731, 292
2861, 0, 0, 150, 150, 1, 23.06%, 31, 0, 2, 0.61, 1742, 292
2866, 0, 0, 151, 151, 1, 24.64%, 31, 0, 2, 7.07, 1769, 312
2907, 0, 0, 152, 152, 1, 24.64%, 31, 0, 2, 0.21, 1788, 312
2946, 0, 0, 153, 153, 1, 24.72%, 31, 0, 2, 0.21, 1800, 313
2960, 0, 0, 154, 154, 1, 24.80%, 31, 0, 2, 0.73, 1820, 314
2965, 0, 0, 154, 154, 1, 24.80%, 32, 0, 2, 4.32, 1842, 314
2971, 0, 0, 154, 154, 1, 24.80%, 32, 0, 2, 4.13, 1863, 314
2996, 0, 0, 155, 155, 1, 24.80%, 32, 0, 2, 0.38, 1889, 314
3013, 0, 0, 156, 156, 1, 24.80%, 32, 0, 2, 0.61, 1914, 314
3026, 0, 0, 157, 157, 1, 24.80%, 32, 0, 2, 0.61, 1922, 314
3039, 0, 0, 158, 158, 1, 24.80%, 33, 0, 2, 0.65, 1931, 314
3052, 0, 0, 159, 159, 1, 24.88%, 33, 0, 2, 0.67, 1942, 315
3062, 0, 0, 160, 160, 1, 24.96%, 33, 0, 2, 0.85, 1956, 316
3071, 0, 0, 161, 161, 1, 24.96%, 33, 0, 2, 4.07, 1965, 316
3078, 0, 0, 162, 162, 1, 24.96%, 33, 0, 2, 3.89, 1974, 316
3094, 0, 0, 164, 164, 1, 25.04%, 34, 0, 2, 0.69, 1993, 317
3126, 0, 0, 165, 165, 1, 25.04%, 35, 0, 2, 0.30, 2020, 317
3131, 0, 0, 165, 165, 1, 25.04%, 35, 0, 2, 4.05, 2040, 317
3136, 0, 0, 165, 165, 1, 25.04%, 36, 0, 2, 3.96, 2060, 317
3160, 0, 0, 166, 166, 1, 25.20%, 36, 0, 2, 0.34, 2070, 319
3177, 0, 0, 167, 167, 1, 25.20%, 36, 0, 2, 0.50, 2081, 319
3199, 0, 0, 168, 168, 1, 25.28%, 36, 0, 2, 0.39, 2093, 320
3222, 0, 0, 169, 169, 1, 25.28%, 36, 0, 2, 0.34, 2103, 320
3244, 0, 0, 170, 170, 1, 25.36%, 36, 0, 2, 0.45, 2126, 321
3262, 0, 0, 171, 171, 1, 25.43%, 36, 0, 2, 0.46, 2136, 322
3288, 0, 0, 172, 172, 1, 25.43%, 36, 0, 2, 0.34, 2156, 322
3308, 0, 0, 173, 173, 1, 25.51%, 36, 0, 2, 0.40, 2165, 323
3313, 0, 0, 173, 173, 1, 25.51%, 38, 0, 2, 3.82, 2184, 323
3339, 0, 0, 174, 174, 1, 25.59%, 38, 0, 2, 0.37, 2206, 324
3344, 0, 0, 174, 174, 1, 25.59%, 38, 0, 2, 3.83, 2225, 324
3349, 0, 0, 174, 174, 1, 25.59%, 39, 0, 2, 3.76, 2244, 324
3354, 0, 0, 174, 174, 1, 25.59%, 39, 0, 2, 3.73, 2263, 324
3360, 0, 0, 174, 174, 1, 25.59%, 39, 0, 2, 3.71, 2282, 324
3380, 0, 0, 175, 175, 1, 25.59%, 40, 0, 2, 0.46, 2300, 324
3399, 0, 0, 176, 176, 1, 25.67%, 40, 0, 2, 0.54, 2323, 325
3412, 0, 0, 177, 177, 1, 25.75%, 40, 0, 2, 0.64, 2332, 326
3417, 0, 0, 177, 177, 1, 25.75%, 40, 0, 2, 3.80, 2351, 326
3422, 0, 0, 177, 177, 1, 25.75%, 40, 0, 2, 3.62, 2370, 326
3427, 0, 0, 177, 177, 1, 25.75%, 40, 0, 2, 3.58, 2388, 326
3432, 0, 0, 177, 177, 1, 25.75%, 41, 0, 2, 3.56, 2406, 326
3455, 0, 0, 178, 178, 1, 25.75%, 41, 0, 2, 0.37, 2417, 326
3460, 0, 0, 179, 179, 1, 25.83%, 41, 0, 2, 4.05, 2440, 327
3465, 0, 0, 181, 181, 1, 26.07%, 41, 0, 2, 4.19, 2469, 330
3485, 0, 0, 182, 182, 1, 26.07%, 41, 0, 2, 0.49, 2490, 330
3490, 0, 0, 182, 182, 1, 26.07%, 41, 0, 2, 3.71, 2509, 330
3495, 0, 0, 182, 182, 1, 26.07%, 41, 0, 2, 3.62, 2527, 330
3518, 0, 0, 183, 183, 1, 26.07%, 43, 0, 2, 0.43, 2550, 330
3535, 0, 0, 184, 184, 1, 26.07%, 43, 0, 2, 0.43, 2558, 330
3540, 0, 0, 184, 184, 1, 26.07%, 43, 0, 2, 3.55, 2577, 330
3546, 0, 0, 184, 184, 1, 26.07%, 43, 0, 2, 3.50, 2595, 330
3551, 0, 0, 184, 184, 1, 26.07%, 46, 0, 2, 3.50, 2613, 330
3556, 0, 0, 184, 184, 1, 26.07%, 46, 0, 2, 3.52, 2631, 330
3573, 0, 0, 185, 185, 1, 26.07%, 47, 0, 2, 0.52, 2644, 330
3578, 0, 0, 185, 185, 1, 26.07%, 47, 0, 2, 3.66, 2663, 330
3588, 0, 0, 186, 186, 1, 26.07%, 47, 0, 2, 3.47, 2675, 330
3593, 0, 0, 187, 187, 1, 26.15%, 47, 0, 2, 3.65, 2698, 331
3627, 0, 0, 188, 188, 1, 26.22%, 47, 0, 2, 0.25, 2710, 332
3632, 0, 0, 188, 188, 1, 26.22%, 48, 0, 2, 3.62, 2729, 332
3637, 0, 0, 188, 188, 1, 26.22%, 48, 0, 2, 3.48, 2746, 332
3659, 0, 0, 189, 189, 1, 26.22%, 48, 0, 2, 0.48, 2770, 332
3664, 0, 0, 189, 189, 1, 26.22%, 48, 0, 2, 3.58, 2788, 332
3669, 0, 0, 189, 189, 1, 26.22%, 49, 0, 2, 3.47, 2805, 332
3674, 0, 0, 189, 189, 1, 26.22%, 49, 0, 2, 3.43, 2822, 332
3679, 0, 0, 189, 189, 1, 26.22%, 49, 0, 2, 3.42, 2839, 332
3711, 0, 0, 190, 190, 1, 26.22%, 49, 0, 2, 0.26, 2852, 332
3737, 0, 0, 191, 191, 1, 26.22%, 49, 0, 2, 0.35, 2872, 332
3757, 0, 0, 192, 192, 1, 26.22%, 49, 0, 2, 0.41, 2882, 332
3762, 0, 0, 192, 192, 1, 26.22%, 49, 0, 2, 3.51, 2900, 332
3774, 0, 0, 193, 193, 1, 26.38%, 49, 0, 2, 3.33, 2912, 334
3783, 0, 0, 194, 194, 1, 26.38%, 49, 0, 2, 3.18, 2920, 334
3794, 0, 0, 195, 195, 1, 26.46%, 49, 0, 2, 3.05, 2929, 335
3803, 0, 0, 196, 196, 1, 26.46%, 49, 0, 2, 2.95, 2939, 335
3815, 0, 0, 197, 197, 1, 26.46%, 49, 0, 2, 2.99, 2957, 335
3823, 0, 0, 198, 198, 1, 26.86%, 49, 0, 2, 2.91, 2967, 340
3829, 0, 0, 199, 199, 1, 26.94%, 50, 0, 2, 2.84, 2976, 341
3837, 0, 0, 200, 200, 1, 26.94%, 51, 0, 2, 2.93, 2989, 341
3847, 0, 0, 202, 202, 1, 26.94%, 51, 0, 2, 3.17, 3005, 341
3857, 0, 0, 203, 203, 1, 27.01%, 51, 0, 2, 3.12, 3026, 342
3863, 0, 0, 203, 203, 1, 27.01%, 53, 0, 2, 3.23, 3043, 342
3884, 0, 0, 204, 204, 1, 27.01%, 53, 0, 2, 0.38, 3051, 342
3904, 0, 0, 205, 205, 1, 27.01%, 53, 0, 2, 0.42, 3064, 342
3909, 0, 0, 205, 205, 1, 27.01%, 53, 0, 2, 3.22, 3080, 342
3937, 0, 0, 206, 206, 1, 27.01%, 53, 0, 2, 0.31, 3096, 342
3943, 0, 0, 206, 206, 1, 27.01%, 53, 0, 2, 3.34, 3113, 342
3948, 0, 0, 206, 206, 1, 27.01%, 53, 0, 2, 3.29, 3130, 342
3953, 0, 0, 206, 206, 1, 27.01%, 53, 0, 2, 3.23, 3147, 342
3958, 0, 0, 206, 206, 1, 27.01%, 53, 0, 2, 3.18, 3163, 342
3963, 0, 0, 206, 206, 1, 27.01%, 54, 0, 2, 3.21, 3180, 342
3969, 0, 0, 206, 206, 1, 27.01%, 54, 0, 2, 3.16, 3196, 342
3974, 0, 0, 206, 206, 1, 27.01%, 54, 0, 2, 3.19, 3212, 342
3994, 0, 0, 207, 207, 1, 27.09%, 54, 0, 2, 0.49, 3234, 343
4008, 0, 0, 208, 208, 1, 27.09%, 54, 0, 2, 0.50, 3242, 343
4013, 0, 0, 208, 208, 1, 27.09%, 54, 0, 2, 3.24, 3258, 343
4018, 0, 0, 208, 208, 1, 27.09%, 54, 0, 2, 3.22, 3274, 343
4023, 0, 0, 209, 209, 1, 27.17%, 54, 0, 2, 3.47, 3295, 344
4042, 0, 0, 210, 210, 1, 27.17%, 54, 0, 2, 0.53, 3315, 344
4059, 0, 0, 211, 211, 1, 27.25%, 54, 0, 2, 0.53, 3323, 345
4084, 0, 0, 212, 212, 1, 27.33%, 55, 0, 2, 0.39, 3342, 346
4104, 0, 0, 213, 213, 1, 27.33%, 55, 0, 2, 0.41, 3352, 346
4109, 0, 0, 213, 213, 1, 27.33%, 56, 0, 2, 3.09, 3368, 346
4114, 0, 0, 213, 213, 1, 27.33%, 57, 0, 2, 3.11, 3384, 346
4129, 0, 0, 214, 214, 1, 27.33%, 57, 0, 2, 0.61, 3397, 346
4144, 0, 0, 215, 215, 1, 27.33%, 58, 0, 2, 0.66, 3413, 346
4157, 0, 0, 216, 216, 1, 27.41%, 58, 0, 2, 1.58, 3429, 347
4162, 0, 0, 216, 216, 1, 27.41%, 58, 0, 2, 2.52, 3445, 347
4168, 0, 0, 216, 216, 1, 27.41%, 58, 0, 2, 2.85, 3461, 347
4173, 0, 0, 216, 216, 1, 27.41%, 58, 0, 2, 2.95, 3477, 347
4178, 0, 0, 216, 216, 1, 27.41%, 58, 0, 2, 3.03, 3493, 347
4184, 0, 0, 216, 216, 1, 27.41%, 58, 0, 2, 3.03, 3509, 347
4206, 0, 0, 217, 217, 1, 27.41%, 58, 0, 2, 0.36, 3517, 347
4211, 0, 0, 217, 217, 1, 27.41%, 58, 0, 2, 3.13, 3533, 347
4216, 0, 0, 217, 217, 1, 27.41%, 58, 0, 2, 3.09, 3549, 347
4221, 0, 0, 217, 217, 1, 27.41%, 58, 0, 2, 3.06, 3565, 347
4226, 0, 0, 217, 217, 1, 27.41%, 58, 0, 2, 3.00, 3580, 347
4232, 0, 0, 217, 217, 1, 27.41%, 58, 0, 2, 3.02, 3596, 347
4240, 0, 0, 218, 218, 1, 27.41%, 58, 0, 2, 2.89, 3606, 347
4257, 0, 0, 219, 219, 1, 27.41%, 58, 0, 2, 0.51, 3618, 347
4274, 0, 0, 220, 220, 1, 27.57%, 58, 0, 2, 0.51, 3629, 349
4289, 0, 0, 221, 221, 1, 27.65%, 58, 0, 2, 0.55, 3640, 350
4306, 0, 0, 222, 222, 1, 27.65%, 58, 0, 2, 0.55, 3648, 350
4311, 0, 0, 222, 222, 1, 27.65%, 58, 0, 2, 3.04, 3663, 350
4316, 0, 0, 222, 222, 1, 27.65%, 58, 0, 2, 2.98, 3678, 350
4321, 0, 0, 222, 222, 1, 27.65%, 58, 0, 2, 2.96, 3693, 350
4341, 0, 0, 223, 223, 1, 27.65%, 59, 0, 2, 0.49, 3711, 350
4346, 0, 0, 223, 223, 1, 27.65%, 59, 0, 2, 3.07, 3727, 350
4368, 0, 0, 224, 224, 1, 27.65%, 59, 0, 2, 0.46, 3748, 350
4386, 0, 0, 225, 225, 1, 27.73%, 59, 0, 2, 0.46, 3759, 351
4391, 0, 0, 225, 225, 1, 27.73%, 59, 0, 2, 3.05, 3774, 351
4425, 0, 0, 226, 226, 1, 27.80%, 59, 0, 2, 0.24, 3783, 352
4430, 0, 0, 226, 226, 1, 27.80%, 60, 0, 2, 2.87, 3798, 352
4435, 0, 0, 226, 226, 1, 27.80%, 60, 0, 2, 2.88, 3813, 352
4440, 0, 0, 226, 226, 1, 27.80%, 60, 0, 2, 2.91, 3828, 352
4446, 0, 0, 226, 226, 1, 27.80%, 60, 0, 2, 2.91, 3843, 352
4460, 0, 0, 227, 227, 1, 27.80%, 60, 0, 2, 2.76, 3857, 352
4496, 0, 0, 228, 228, 1, 27.80%, 60, 0, 2, 0.25, 3879, 352
4531, 0, 0, 229, 229, 1, 27.88%, 60, 0, 2, 0.26, 3898, 353
4536, 0, 0, 230, 230, 1, 27.96%, 60, 0, 2, 2.89, 3919, 354
4541, 0, 0, 230, 230, 1, 27.96%, 60, 0, 2, 2.85, 3934, 354
4547, 0, 0, 230, 230, 1, 27.96%, 60, 0, 2, 2.85, 3949, 354
4552, 0, 0, 230, 230, 1, 27.96%, 60, 0, 2, 2.85, 3964, 354
4557, 0, 0, 230, 230, 1, 27.96%, 60, 0, 2, 2.87, 3979, 354
4563, 0, 0, 230, 230, 1, 27.96%, 60, 0, 2, 2.77, 3993, 354
4568, 0, 0, 230, 230, 1, 27.96%, 60, 0, 2, 2.78, 4007, 354
4573, 0, 0, 230, 230, 1, 27.96%, 60, 0, 2, 2.82, 4022, 354
4578, 0, 0, 230, 230, 1, 27.96%, 60, 0, 2, 2.85, 4037, 354
4583, 0, 0, 230, 230, 1, 27.96%, 60, 0, 2, 2.87, 4052, 354
4588, 0, 0, 230, 230, 1, 27.96%, 60, 0, 2, 2.83, 4066, 354
4594, 0, 0, 230, 230, 1, 27.96%, 60, 0, 2, 2.85, 4081, 354
4629, 0, 0, 231, 231, 1, 27.96%, 60, 0, 2, 0.24, 4093, 354
4634, 0, 0, 231, 231, 1, 27.96%, 60, 0, 2, 2.91, 4108, 354
4644, 0, 0, 233, 233, 1, 27.96%, 60, 0, 2, 3.27, 4133, 354
4649, 0, 0, 233, 233, 1, 27.96%, 60, 0, 2, 3.00, 4148, 354
4658, 0, 0, 234, 234, 1, 28.99%, 60, 0, 2, 2.83, 4159, 367
4664, 0, 0, 234, 234, 1, 28.99%, 60, 0, 2, 2.82, 4174, 367
4669, 0, 0, 234, 234, 1, 28.99%, 60, 0, 2, 2.82, 4189, 367
4674, 0, 0, 234, 234, 1, 28.99%, 60, 0, 2, 2.80, 4203, 367
4690, 0, 0, 235, 235, 1, 28.99%, 60, 0, 2, 2.67, 4220, 367
4695, 0, 0, 235, 235, 1, 28.99%, 60, 0, 2, 2.74, 4235, 367
4700, 0, 0, 235, 235, 1, 28.99%, 60, 0, 2, 2.77, 4249, 367
4705, 0, 0, 235, 235, 1, 28.99%, 60, 0, 2, 2.77, 4263, 367
4720, 0, 0, 236, 236, 1, 28.99%, 61, 0, 2, 2.64, 4279, 367
4726, 0, 0, 236, 236, 1, 28.99%, 61, 0, 2, 2.73, 4293, 367
4731, 0, 0, 236, 236, 1, 28.99%, 61, 0, 2, 2.75, 4307, 367
4736, 0, 0, 236, 236, 1, 28.99%, 61, 0, 2, 2.76, 4321, 367
4754, 0, 0, 237, 237, 1, 28.99%, 61, 0, 2, 0.44, 4329, 367
4773, 0, 0, 238, 238, 1, 29.07%, 61, 0, 2, 0.44, 4340, 368
4790, 0, 0, 239, 239, 1, 29.07%, 61, 0, 2, 0.44, 4348, 368
4808, 0, 0, 240, 240, 1, 29.15%, 62, 0, 2, 0.48, 4359, 369
4823, 0, 0, 241, 241, 1, 29.30%, 62, 0, 2, 0.55, 4368, 371
4841, 0, 0, 242, 242, 1, 29.30%, 62, 0, 2, 1.45, 4385, 371
4861, 0, 0, 243, 243, 1, 29.38%, 62, 0, 2, 1.70, 4398, 372
4876, 0, 0, 244, 244, 1, 29.46%, 62, 0, 2, 1.71, 4408, 373
4891, 0, 0, 245, 245, 1, 29.78%, 62, 0, 2, 2.06, 4425, 377
4908, 0, 0, 246, 246, 1, 29.78%, 62, 0, 2, 2.01, 4434, 377
4923, 0, 0, 247, 247, 1, 30.02%, 62, 0, 2, 1.95, 4443, 380
4934, 0, 0, 248, 248, 1, 30.02%, 62, 0, 2, 1.99, 4453, 380
4946, 0, 0, 249, 249, 1, 30.02%, 62, 0, 2, 2.20, 4469, 380
4951, 0, 0, 249, 249, 1, 30.02%, 62, 0, 2, 2.48, 4483, 380
4965, 0, 0, 250, 250, 1, 30.09%, 62, 0, 2, 2.41, 4495, 381
4970, 0, 0, 250, 250, 1, 30.09%, 62, 0, 2, 2.54, 4509, 381
4990, 0, 0, 251, 251, 1, 30.09%, 62, 0, 2, 0.50, 4527, 381
5015, 0, 0, 252, 252, 1, 30.17%, 62, 0, 2, 0.34, 4539, 382
5020, 0, 0, 252, 252, 1, 30.17%, 62, 0, 2, 2.69, 4553, 382
5026, 0, 0, 252, 252, 1, 30.17%, 62, 0, 2, 2.64, 4567, 382
5031, 0, 0, 252, 252, 1, 30.17%, 62, 0, 2, 2.64, 4581, 382
5036, 0, 0, 252, 252, 1, 30.17%, 62, 0, 2, 2.63, 4595, 382
5050, 0, 0, 253, 253, 1, 30.49%, 62, 0, 2, 2.52, 4611, 386
5055, 0, 0, 253, 253, 1, 30.49%, 62, 0, 2, 2.55, 4624, 386
5073, 0, 0, 254, 254, 1, 30.57%, 62, 0, 2, 2.44, 4639, 387
5078, 0, 0, 254, 254, 1, 30.57%, 62, 0, 2, 2.49, 4652, 387
5090, 0, 0, 255, 255, 1, 30.73%, 62, 0, 2, 2.37, 4660, 389
5104, 0, 0, 256, 256, 1, 30.81%, 62, 0, 2, 2.39, 4678, 390
5113, 0, 0, 258, 258, 1, 30.81%, 62, 0, 2, 2.56, 4698, 390
5119, 0, 0, 259, 259, 1, 30.81%, 62, 0, 2, 2.48, 4706, 390
5124, 0, 0, 259, 259, 1, 30.81%, 62, 0, 2, 2.49, 4719, 390
5134, 0, 0, 260, 260, 1, 30.81%, 62, 0, 2, 2.40, 4728, 390
5141, 0, 0, 261, 261, 1, 31.12%, 62, 0, 2, 2.32, 4736, 394
5149, 0, 0, 262, 262, 1, 31.12%, 62, 0, 2, 2.25, 4745, 394
5160, 0, 0, 263, 263, 1, 31.20%, 62, 0, 2, 2.30, 4762, 395
5169, 0, 0, 264, 264, 1, 31.20%, 62, 0, 2, 2.31, 4775, 395
5174, 0, 0, 264, 264, 1, 31.20%, 62, 0, 2, 2.45, 4788, 395
5179, 0, 0, 264, 264, 1, 31.20%, 62, 0, 2, 2.49, 4801, 395
5193, 0, 0, 265, 265, 1, 31.28%, 62, 0, 2, 2.37, 4811, 396
5198, 0, 0, 266, 266, 1, 31.28%, 62, 0, 2, 2.58, 4829, 396
5203, 0, 0, 266, 266, 1, 31.28%, 62, 0, 2, 2.55, 4842, 396
5208, 0, 0, 266, 266, 1, 31.28%, 62, 0, 2, 2.50, 4855, 396
5224, 0, 0, 267, 267, 1, 31.28%, 62, 0, 2, 2.38, 4866, 396
5230, 0, 0, 267, 267, 1, 31.28%, 62, 0, 2, 2.45, 4879, 396
5235, 0, 0, 267, 267, 1, 31.28%, 62, 0, 2, 2.48, 4892, 396
5240, 0, 0, 267, 267, 1, 31.28%, 62, 0, 2, 2.47, 4905, 396
5245, 0, 0, 267, 267, 1, 31.28%, 62, 0, 2, 2.48, 4918, 396
5274, 0, 0, 268, 268, 1, 31.36%, 62, 0, 2, 0.28, 4927, 397
5279, 0, 0, 268, 268, 1, 31.36%, 62, 0, 2, 2.50, 4940, 397
5285, 0, 0, 268, 268, 1, 31.36%, 62, 0, 2, 2.53, 4953, 397
5290, 0, 0, 268, 268, 1, 31.36%, 62, 0, 2, 2.49, 4965, 397
5302, 0, 0, 269, 269, 1, 31.36%, 62, 0, 2, 2.40, 4980, 397
5307, 0, 0, 269, 269, 1, 31.36%, 62, 0, 2, 2.43, 4993, 397
5312, 0, 0, 269, 269, 1, 31.36%, 62, 0, 2, 2.47, 5006, 397
5318, 0, 0, 269, 269, 1, 31.36%, 62, 0, 2, 2.46, 5019, 397
5323, 0, 0, 269, 269, 1, 31.36%, 62, 0, 2, 2.45, 5032, 397
5328, 0, 0, 269, 269, 1, 31.36%, 62, 0, 2, 2.46, 5045, 397
5333, 0, 0, 269, 269, 1, 31.36%, 62, 0, 2, 2.49, 5058, 397
5356, 0, 0, 270, 270, 1, 31.36%, 62, 0, 2, 0.37, 5069, 397
5374, 0, 0, 271, 271, 1, 31.44%, 62, 0, 2, 0.38, 5077, 398
5395, 0, 0, 272, 272, 1, 31.44%, 62, 0, 2, 0.38, 5085, 398
5400, 0, 0, 272, 272, 1, 31.44%, 62, 0, 2, 2.45, 5098, 398
5405, 0, 0, 272, 272, 1, 31.44%, 62, 0, 2, 2.45, 5111, 398
5411, 0, 0, 272, 272, 1, 31.44%, 62, 0, 2, 2.44, 5124, 398
5416, 0, 0, 272, 272, 1, 31.44%, 62, 0, 2, 2.44, 5137, 398
5421, 0, 0, 272, 272, 1, 31.44%, 62, 0, 2, 2.45, 5150, 398
5426, 0, 0, 272, 272, 1, 31.44%, 62, 0, 2, 2.48, 5163, 398
5432, 0, 0, 272, 272, 1, 31.44%, 63, 0, 2, 2.45, 5176, 398
5441, 0, 0, 273, 273, 1, 31.44%, 63, 0, 2, 2.35, 5184, 398
5449, 0, 0, 274, 274, 1, 31.44%, 63, 0, 2, 2.27, 5192, 398
5455, 0, 0, 275, 275, 1, 31.75%, 63, 0, 2, 2.63, 5212, 402
5460, 0, 0, 275, 275, 1, 31.75%, 63, 0, 2, 2.52, 5225, 402
5465, 0, 0, 275, 275, 1, 31.75%, 63, 0, 2, 2.51, 5238, 402
5471, 0, 0, 275, 275, 1, 31.75%, 63, 0, 2, 2.49, 5251, 402
5476, 0, 0, 275, 275, 1, 31.75%, 63, 0, 2, 2.43, 5264, 402
5481, 0, 0, 275, 275, 1, 31.75%, 63, 0, 2, 2.43, 5277, 402
5486, 0, 0, 275, 275, 1, 31.75%, 63, 0, 2, 2.41, 5289, 402
5492, 0, 0, 275, 275, 1, 31.75%, 63, 0, 2, 2.41, 5302, 402
5497, 0, 0, 275, 275, 1, 31.75%, 63, 0, 2, 2.42, 5315, 402
5503, 0, 0, 275, 275, 1, 31.75%, 63, 0, 2, 2.43, 5328, 402
5508, 0, 0, 275, 275, 1, 31.75%, 63, 0, 2, 2.41, 5340, 402
5513, 0, 0, 275, 275, 1, 31.75%, 63, 0, 2, 2.44, 5353, 402
5518, 0, 0, 275, 275, 1, 31.75%, 63, 0, 2, 2.47, 5366, 402
5523, 0, 0, 275, 275, 1, 31.75%, 63, 0, 2, 2.46, 5379, 402
5529, 0, 0, 275, 275, 1, 31.75%, 63, 0, 2, 2.46, 5392, 402
5534, 0, 0, 275, 275, 1, 31.75%, 63, 0, 2, 2.46, 5405, 402
5539, 0, 0, 275, 275, 1, 31.75%, 63, 0, 2, 2.45, 5418, 402
5545, 0, 0, 275, 275, 1, 31.75%, 64, 0, 2, 2.45, 5431, 402
5550, 0, 0, 275, 275, 1, 31.75%, 64, 0, 2, 2.45, 5444, 402
5555, 0, 0, 275, 275, 1, 31.75%, 64, 0, 2, 2.46, 5457, 402
5561, 0, 0, 275, 275, 1, 31.75%, 64, 0, 2, 2.45, 5470, 402
5587, 0, 0, 276, 276, 1, 31.75%, 64, 0, 2, 0.31, 5479, 402
5611, 0, 0, 277, 277, 1, 31.75%, 64, 0, 2, 0.36, 5492, 402
5617, 0, 0, 277, 277, 1, 31.75%, 64, 0, 2, 2.39, 5504, 402
5639, 0, 0, 278, 278, 1, 31.75%, 64, 0, 2, 0.36, 5514, 402
5645, 0, 0, 278, 278, 1, 31.75%, 64, 0, 2, 2.49, 5527, 402
5650, 0, 0, 278, 278, 1, 31.75%, 64, 0, 2, 2.44, 5539, 402
5655, 0, 0, 278, 278, 1, 31.75%, 64, 0, 2, 2.44, 5552, 402
5660, 0, 0, 278, 278, 1, 31.75%, 64, 0, 2, 2.43, 5565, 402
5674, 0, 0, 279, 279, 1, 31.75%, 64, 0, 2, 2.31, 5576, 402
5679, 0, 0, 279, 279, 1, 31.75%, 64, 0, 2, 2.35, 5588, 402
5684, 0, 0, 279, 279, 1, 31.75%, 64, 0, 2, 2.37, 5600, 402
5689, 0, 0, 279, 279, 1, 31.75%, 64, 0, 2, 2.41, 5613, 402
5694, 0, 0, 279, 279, 1, 31.75%, 64, 0, 2, 2.38, 5625, 402
5700, 0, 0, 279, 279, 1, 31.75%, 64, 0, 2, 2.40, 5638, 402
5705, 0, 0, 279, 279, 1, 31.75%, 64, 0, 2, 2.41, 5651, 402
5710, 0, 0, 279, 279, 1, 31.75%, 64, 0, 2, 2.40, 5663, 402
5715, 0, 0, 279, 279, 1, 31.75%, 64, 0, 2, 2.42, 5676, 402
5721, 0, 0, 279, 279, 1, 31.75%, 64, 0, 2, 2.42, 5689, 402
5726, 0, 0, 279, 279, 1, 31.75%, 64, 0, 2, 2.38, 5701, 402
5731, 0, 0, 279, 279, 1, 31.75%, 64, 0, 2, 2.38, 5713, 402
5736, 0, 0, 279, 279, 1, 31.75%, 64, 0, 2, 2.38, 5725, 402
5753, 0, 0, 280, 280, 1, 31.75%, 64, 0, 2, 2.26, 5734, 402
5758, 0, 0, 280, 280, 1, 31.75%, 64, 0, 2, 2.32, 5746, 402
5763, 0, 0, 280, 280, 1, 31.75%, 64, 0, 2, 2.38, 5759, 402
5784, 0, 0, 281, 281, 1, 31.75%, 64, 0, 2, 0.42, 5772, 402
5789, 0, 0, 281, 281, 1, 31.75%, 64, 0, 2, 2.38, 5784, 402
5808, 0, 0, 282, 282, 1, 31.83%, 64, 0, 2, 0.45, 5793, 403
5813, 0, 0, 282, 282, 1, 31.83%, 64, 0, 2, 2.39, 5805, 403
5818, 0, 0, 282, 282, 1, 31.83%, 64, 0, 2, 2.38, 5817, 403
5823, 0, 0, 282, 282, 1, 31.83%, 64, 0, 2, 2.37, 5829, 403
5828, 0, 0, 282, 282, 1, 31.83%, 64, 0, 2, 2.35, 5841, 403
5833, 0, 0, 282, 282, 1, 31.83%, 64, 0, 2, 2.37, 5853, 403
5838, 0, 0, 282, 282, 1, 31.83%, 64, 0, 2, 2.36, 5865, 403
5843, 0, 0, 282, 282, 1, 31.83%, 64, 0, 2, 2.36, 5877, 403
5866, 0, 0, 283, 283, 1, 31.83%, 64, 0, 2, 0.38, 5889, 403
5871, 0, 0, 283, 283, 1, 31.83%, 64, 0, 2, 2.32, 5901, 403
5876, 0, 0, 283, 283, 1, 31.83%, 64, 0, 2, 2.35, 5913, 403
5881, 0, 0, 283, 283, 1, 31.83%, 64, 0, 2, 2.36, 5925, 403
5909, 0, 0, 284, 284, 1, 31.83%, 64, 0, 2, 0.29, 5934, 403
5915, 0, 0, 284, 284, 1, 31.83%, 65, 0, 2, 2.18, 5946, 403
5920, 0, 0, 284, 284, 1, 31.83%, 65, 0, 2, 2.27, 5958, 403
5925, 0, 0, 284, 284, 1, 31.83%, 65, 0, 2, 2.32, 5970, 403
5930, 0, 0, 284, 284, 1, 31.83%, 65, 0, 2, 2.33, 5982, 403
5938, 0, 0, 285, 285, 1, 31.83%, 65, 0, 2, 2.25, 5993, 403
5944, 0, 0, 285, 285, 1, 31.83%, 65, 0, 2, 2.28, 6005, 403
5949, 0, 0, 285, 285, 1, 31.83%, 65, 0, 2, 2.31, 6017, 403
5954, 0, 0, 285, 285, 1, 31.83%, 65, 0, 2, 2.33, 6029, 403
5959, 0, 0, 285, 285, 1, 31.83%, 65, 0, 2, 2.32, 6041, 403
5964, 0, 0, 285, 285, 1, 31.83%, 65, 0, 2, 2.33, 6053, 403
5969, 0, 0, 285, 285, 1, 31.83%, 65, 0, 2, 2.32, 6065, 403
5975, 0, 0, 285, 285, 1, 31.83%, 65, 0, 2, 2.33, 6077, 403
5980, 0, 0, 285, 285, 1, 31.83%, 65, 0, 2, 2.34, 6089, 403
5985, 0, 0, 285, 285, 1, 31.83%, 65, 0, 2, 2.34, 6101, 403
5990, 0, 0, 285, 285, 1, 31.83%, 65, 0, 2, 2.34, 6113, 403
5995, 0, 0, 285, 285, 1, 31.83%, 65, 0, 2, 2.35, 6125, 403
6000, 0, 0, 285, 285, 1, 31.83%, 65, 0, 2, 2.34, 6137, 403
6005, 0, 0, 285, 285, 1, 31.83%, 65, 0, 2, 2.34, 6149, 403
6011, 0, 0, 285, 285, 1, 31.83%, 65, 0, 2, 2.33, 6161, 403
6016, 0, 0, 285, 285, 1, 31.83%, 65, 0, 2, 2.34, 6173, 403
6021, 0, 0, 285, 285, 1, 31.83%, 65, 0, 2, 2.33, 6185, 403
6026, 0, 0, 285, 285, 1, 31.83%, 65, 0, 2, 2.31, 6197, 403
6031, 0, 0, 285, 285, 1, 31.83%, 65, 0, 2, 2.31, 6209, 403
6036, 0, 0, 285, 285, 1, 31.83%, 65, 0, 2, 2.33, 6221, 403
6042, 0, 0, 285, 285, 1, 31.83%, 65, 0, 2, 2.34, 6233, 403
6047, 0, 0, 285, 285, 1, 31.83%, 65, 0, 2, 2.33, 6245, 403
6052, 0, 0, 285, 285, 1, 31.83%, 65, 0, 2, 2.36, 6257, 403
6057, 0, 0, 285, 285, 1, 31.83%, 65, 0, 2, 2.35, 6269, 403
6076, 0, 0, 286, 286, 1, 31.83%, 65, 0, 2, 2.21, 6288, 403
6081, 0, 0, 286, 286, 1, 31.83%, 65, 0, 2, 2.26, 6300, 403
6087, 0, 0, 286, 286, 1, 31.83%, 65, 0, 2, 2.29, 6312, 403
6092, 0, 0, 286, 286, 1, 31.83%, 65, 0, 2, 2.31, 6324, 403
6097, 0, 0, 286, 286, 1, 31.83%, 65, 0, 2, 2.31, 6336, 403
6102, 0, 0, 286, 286, 1, 31.83%, 65, 0, 2, 2.31, 6348, 403
6107, 0, 0, 286, 286, 1, 31.83%, 65, 0, 2, 2.32, 6360, 403
6134, 0, 0, 287, 287, 1, 31.83%, 65, 0, 2, 0.34, 6376, 403
6139, 0, 0, 287, 287, 1, 31.83%, 66, 0, 2, 2.31, 6388, 403
6145, 0, 0, 287, 287, 1, 31.83%, 66, 0, 2, 2.31, 6400, 403
6150, 0, 0, 287, 287, 1, 31.83%, 66, 0, 2, 2.30, 6412, 403
6155, 0, 0, 287, 287, 1, 31.83%, 67, 0, 2, 2.31, 6424, 403
6160, 0, 0, 287, 287, 1, 31.83%, 67, 0, 2, 2.33, 6436, 403
6185, 0, 0, 288, 288, 1, 31.83%, 67, 0, 2, 0.39, 6455, 403
6190, 0, 0, 288, 288, 1, 31.83%, 67, 0, 2, 2.37, 6467, 403
6195, 0, 0, 288, 288, 1, 31.83%, 67, 0, 2, 2.35, 6479, 403
6201, 0, 0, 288, 288, 1, 31.83%, 67, 0, 2, 2.32, 6491, 403
6206, 0, 0, 288, 288, 1, 31.83%, 67, 0, 2, 2.33, 6503, 403
6211, 0, 0, 288, 288, 1, 31.83%, 67, 0, 2, 2.32, 6515, 403
6216, 0, 0, 288, 288, 1, 31.83%, 67, 0, 2, 2.35, 6527, 403
6221, 0, 0, 288, 288, 1, 31.83%, 67, 0, 2, 2.32, 6539, 403
6227, 0, 0, 288, 288, 1, 31.83%, 67, 0, 2, 2.29, 6551, 403
6232, 0, 0, 288, 288, 1, 31.83%, 67, 0, 2, 2.30, 6563, 403
6237, 0, 0, 288, 288, 1, 31.83%, 67, 0, 2, 2.30, 6575, 403
6242, 0, 0, 288, 288, 1, 31.83%, 67, 0, 2, 2.33, 6587, 403
6248, 0, 0, 288, 288, 1, 31.83%, 67, 0, 2, 2.30, 6599, 403
6253, 0, 0, 288, 288, 1, 31.83%, 67, 0, 2, 2.29, 6611, 403
6258, 0, 0, 288, 288, 1, 31.83%, 67, 0, 2, 2.30, 6623, 403
6263, 0, 0, 288, 288, 1, 31.83%, 67, 0, 2, 2.31, 6635, 403
6268, 0, 0, 288, 288, 1, 31.83%, 67, 0, 2, 2.31, 6647, 403
6279, 0, 0, 289, 289, 1, 31.83%, 67, 0, 2, 2.22, 6655, 403
6284, 0, 0, 289, 289, 1, 31.83%, 67, 0, 2, 2.28, 6667, 403
6289, 0, 0, 289, 289, 1, 31.83%, 67, 0, 2, 2.31, 6679, 403
6294, 0, 0, 289, 289, 1, 31.83%, 67, 0, 2, 2.31, 6691, 403
6300, 0, 0, 289, 289, 1, 31.83%, 68, 0, 2, 2.33, 6703, 403
6305, 0, 0, 289, 289, 1, 31.83%, 68, 0, 2, 2.32, 6715, 403
6310, 0, 0, 289, 289, 1, 31.83%, 68, 0, 2, 2.34, 6727, 403
6315, 0, 0, 289, 289, 1, 31.83%, 68, 0, 2, 2.34, 6739, 403
6320, 0, 0, 289, 289, 1, 31.83%, 68, 0, 2, 2.35, 6751, 403
6325, 0, 0, 289, 289, 1, 31.83%, 68, 0, 2, 2.33, 6763, 403
6342, 0, 0, 290, 290, 1, 31.91%, 68, 0, 2, 2.20, 6781, 404
6348, 0, 0, 291, 291, 1, 31.91%, 68, 0, 2, 2.44, 6798, 404
6353, 0, 0, 291, 291, 1, 31.91%, 68, 0, 2, 2.39, 6810, 404
6358, 0, 0, 291, 291, 1, 31.91%, 68, 0, 2, 2.34, 6822, 404
6363, 0, 0, 291, 291, 1, 31.91%, 68, 0, 2, 2.30, 6834, 404
6369, 0, 0, 291, 291, 1, 31.91%, 68, 0, 2, 2.31, 6846, 404
6374, 0, 0, 291, 291, 1, 31.91%, 68, 0, 2, 2.29, 6858, 404
6379, 0, 0, 291, 291, 1, 31.91%, 68, 0, 2, 2.28, 6870, 404
6384, 0, 0, 291, 291, 1, 31.91%, 68, 0, 2, 2.30, 6882, 404
6389, 0, 0, 291, 291, 1, 31.91%, 68, 0, 2, 2.32, 6894, 404
6395, 0, 0, 291, 291, 1, 31.91%, 68, 0, 2, 2.31, 6906, 404
6400, 0, 0, 291, 291, 1, 31.91%, 68, 0, 2, 2.31, 6918, 404
6405, 0, 0, 291, 291, 1, 31.91%, 68, 0, 2, 2.34, 6930, 404
6410, 0, 0, 291, 291, 1, 31.91%, 68, 0, 2, 2.34, 6942, 404
6415, 0, 0, 291, 291, 1, 31.91%, 68, 0, 2, 2.33, 6954, 404
6420, 0, 0, 291, 291, 1, 31.91%, 68, 0, 2, 2.33, 6966, 404
6426, 0, 0, 291, 291, 1, 31.91%, 68, 0, 2, 2.33, 6978, 404
6431, 0, 0, 291, 291, 1, 31.91%, 68, 0, 2, 2.30, 6990, 404
6436, 0, 0, 291, 291, 1, 31.91%, 68, 0, 2, 2.29, 7002, 404
6441, 0, 0, 291, 291, 1, 31.91%, 68, 0, 2, 2.30, 7014, 404
6447, 0, 0, 291, 291, 1, 31.91%, 68, 0, 2, 2.28, 7026, 404
6452, 0, 0, 291, 291, 1, 31.91%, 68, 0, 2, 2.30, 7038, 404
6457, 0, 0, 291, 291, 1, 31.91%, 68, 0, 2, 2.29, 7050, 404
6462, 0, 0, 291, 291, 1, 31.91%, 68, 0, 2, 2.29, 7062, 404
6467, 0, 0, 291, 291, 1, 31.91%, 68, 0, 2, 2.33, 7074, 404
6473, 0, 0, 291, 291, 1, 31.91%, 68, 0, 2, 2.32, 7086, 404
6478, 0, 0, 291, 291, 1, 31.91%, 68, 0, 2, 2.28, 7098, 404
6483, 0, 0, 291, 291, 1, 31.91%, 68, 0, 2, 2.31, 7110, 404
6488, 0, 0, 291, 291, 1, 31.91%, 68, 0, 2, 2.30, 7122, 404
6494, 0, 0, 291, 291, 1, 31.91%, 68, 0, 2, 2.29, 7134, 404
6516, 0, 0, 292, 292, 1, 31.91%, 68, 0, 2, 0.40, 7148, 404
6521, 0, 0, 292, 292, 1, 31.91%, 68, 0, 2, 2.33, 7160, 404
6540, 0, 0, 293, 293, 1, 31.91%, 68, 0, 2, 2.21, 7173, 404
6545, 0, 0, 293, 293, 1, 31.91%, 69, 0, 2, 2.26, 7185, 404
6551, 0, 0, 293, 293, 1, 31.91%, 69, 0, 2, 2.29, 7197, 404
6556, 0, 0, 293, 293, 1, 31.91%, 69, 0, 2, 2.29, 7209, 404
6561, 0, 0, 293, 293, 1, 31.91%, 69, 0, 2, 2.31, 7221, 404
6583, 0, 0, 294, 294, 1, 31.91%, 69, 0, 2, 0.45, 7239, 404
6599, 0, 0, 295, 295, 1, 32.07%, 69, 0, 2, 1.28, 7257, 406
6604, 0, 0, 295, 295, 1, 32.07%, 69, 0, 2, 1.75, 7268, 406
6609, 0, 0, 295, 295, 1, 32.07%, 69, 0, 2, 2.04, 7280, 406
6615, 0, 0, 295, 295, 1, 32.07%, 69, 0, 2, 2.31, 7293, 406
6620, 0, 0, 295, 295, 1, 32.07%, 69, 0, 2, 2.43, 7306, 406
6625, 0, 0, 295, 295, 1, 32.07%, 69, 0, 2, 2.46, 7319, 406
6630, 0, 0, 295, 295, 1, 32.07%, 69, 0, 2, 2.38, 7331, 406
6635, 0, 0, 295, 295, 1, 32.07%, 69, 0, 2, 2.33, 7343, 406
6697, 0, 0, 296, 296, 1, 32.07%, 71, 0, 2, 2.22, 7377, 406
6703, 0, 0, 296, 296, 1, 32.07%, 71, 0, 2, 2.24, 7389, 406
6733, 0, 0, 297, 297, 1, 32.07%, 71, 0, 2, 0.30, 7405, 406
6738, 0, 0, 297, 297, 1, 32.07%, 71, 0, 2, 2.30, 7417, 406
6743, 0, 0, 297, 297, 1, 32.07%, 71, 0, 2, 2.30, 7429, 406
6749, 0, 0, 297, 297, 1, 32.07%, 71, 0, 2, 2.31, 7441, 406
6754, 0, 0, 297, 297, 1, 32.07%, 71, 0, 2, 2.31, 7453, 406
6759, 0, 0, 297, 297, 1, 32.07%, 71, 0, 2, 2.31, 7465, 406
6764, 0, 0, 297, 297, 1, 32.07%, 71, 0, 2, 2.30, 7477, 406
6769, 0, 0, 297, 297, 1, 32.07%, 71, 0, 2, 2.30, 7489, 406
6775, 0, 0, 297, 297, 1, 32.07%, 71, 0, 2, 2.31, 7501, 406
6785, 0, 0, 299, 299, 1, 32.07%, 71, 0, 2, 2.42, 7520, 406
6791, 0, 0, 299, 299, 1, 32.07%, 71, 0, 2, 2.35, 7532, 406
6809, 0, 0, 300, 300, 1, 32.07%, 71, 0, 2, 2.22, 7544, 406
6826, 0, 0, 301, 301, 1, 32.07%, 71, 0, 2, 2.14, 7561, 406
6831, 0, 0, 301, 301, 1, 32.07%, 71, 0, 2, 2.20, 7573, 406
6836, 0, 0, 301, 301, 1, 32.07%, 71, 0, 2, 2.22, 7585, 406
6842, 0, 0, 301, 301, 1, 32.07%, 71, 0, 2, 2.22, 7597, 406
6847, 0, 0, 301, 301, 1, 32.07%, 71, 0, 2, 2.23, 7609, 406
6852, 0, 0, 301, 301, 1, 32.07%, 71, 0, 2, 2.21, 7620, 406
6894, 0, 0, 302, 302, 1, 32.07%, 71, 0, 2, 0.21, 7634, 406
6899, 0, 0, 302, 302, 1, 32.07%, 71, 0, 2, 2.26, 7646, 406
6904, 0, 0, 302, 302, 1, 32.07%, 72, 0, 2, 2.22, 7657, 406
6943, 0, 0, 304, 304, 1, 32.07%, 72, 0, 2, 0.23, 7680, 406
6949, 0, 0, 304, 304, 1, 32.07%, 72, 0, 2, 2.24, 7692, 406
6954, 0, 0, 304, 304, 1, 32.07%, 72, 0, 2, 2.22, 7703, 406
6959, 0, 0, 304, 304, 1, 32.07%, 72, 0, 2, 2.23, 7715, 406
6977, 0, 0, 305, 305, 1, 32.07%, 72, 0, 2, 2.14, 7732, 406
6982, 0, 0, 305, 305, 1, 32.07%, 73, 0, 2, 2.18, 7744, 406
6987, 0, 0, 305, 305, 1, 32.07%, 73, 0, 2, 2.20, 7756, 406
7018, 0, 0, 306, 306, 1, 32.07%, 73, 0, 2, 0.26, 7765, 406
7023, 0, 0, 306, 306, 1, 32.07%, 73, 0, 2, 2.23, 7776, 406
7028, 0, 0, 306, 306, 1, 32.07%, 73, 0, 2, 2.24, 7788, 406
7034, 0, 0, 306, 306, 1, 32.07%, 73, 0, 2, 2.24, 7800, 406
7039, 0, 0, 306, 306, 1, 32.07%, 73, 0, 2, 2.21, 7811, 406
7064, 0, 0, 307, 307, 1, 32.07%, 73, 0, 2, 0.32, 7819, 406
7069, 0, 0, 307, 307, 1, 32.07%, 73, 0, 2, 2.24, 7831, 406
7074, 0, 0, 307, 307, 1, 32.07%, 73, 0, 2, 2.21, 7842, 406
7080, 0, 0, 307, 307, 1, 32.07%, 73, 0, 2, 2.21, 7854, 406
7099, 0, 0, 308, 308, 1, 32.07%, 73, 0, 2, 0.41, 7862, 406
7120, 0, 0, 309, 309, 1, 32.07%, 73, 0, 2, 2.10, 7876, 406
7132, 0, 0, 310, 310, 1, 32.07%, 73, 0, 2, 2.03, 7887, 406
7137, 0, 0, 310, 310, 1, 32.07%, 73, 0, 2, 2.14, 7899, 406
7142, 0, 0, 310, 310, 1, 32.07%, 73, 0, 2, 2.16, 7910, 406
7152, 0, 0, 311, 311, 1, 32.07%, 73, 0, 2, 2.10, 7923, 406
7157, 0, 0, 311, 311, 1, 32.07%, 74, 0, 2, 2.12, 7934, 406
7162, 0, 0, 311, 311, 1, 32.07%, 74, 0, 2, 2.17, 7946, 406
7173, 0, 0, 312, 312, 1, 32.07%, 74, 0, 2, 2.09, 7959, 406
7178, 0, 0, 312, 312, 1, 32.07%, 74, 0, 2, 2.12, 7970, 406
7183, 0, 0, 312, 312, 1, 32.07%, 74, 0, 2, 2.15, 7981, 406
7188, 0, 0, 312, 312, 1, 32.07%, 74, 0, 2, 2.16, 7992, 406
7194, 0, 0, 312, 312, 1, 32.07%, 74, 0, 2, 2.19, 8004, 406
7207, 0, 0, 313, 313, 1, 32.07%, 74, 0, 2, 2.09, 8013, 406
7213, 0, 0, 313, 313, 1, 32.07%, 74, 0, 2, 2.16, 8025, 406
7226, 0, 0, 314, 314, 1, 32.23%, 74, 0, 2, 2.03, 8034, 408
7231, 0, 0, 314, 314, 1, 32.23%, 74, 0, 2, 2.09, 8045, 408
7236, 0, 0, 314, 314, 1, 32.23%, 74, 0, 2, 2.12, 8056, 408
7241, 0, 0, 314, 314, 1, 32.23%, 74, 0, 2, 2.14, 8067, 408
7246, 0, 0, 314, 314, 1, 32.23%, 74, 0, 2, 2.14, 8078, 408
7252, 0, 0, 314, 314, 1, 32.23%, 74, 0, 2, 2.14, 8089, 408
7257, 0, 0, 314, 314, 1, 32.23%, 74, 0, 2, 2.16, 8100, 408
7262, 0, 0, 314, 314, 1, 32.23%, 74, 0, 2, 2.15, 8111, 408
7267, 0, 0, 314, 314, 1, 32.23%, 74, 0, 2, 2.15, 8122, 408
7272, 0, 0, 314, 314, 1, 32.23%, 74, 0, 2, 2.18, 8133, 408
7304, 0, 0, 315, 315, 1, 32.23%, 74, 0, 2, 0.28, 8147, 408
7329, 0, 0, 316, 316, 1, 32.23%, 74, 0, 2, 0.28, 8155, 408
7334, 0, 0, 316, 316, 1, 32.23%, 74, 0, 2, 2.03, 8166, 408
7339, 0, 0, 316, 316, 1, 32.23%, 74, 0, 2, 2.07, 8177, 408
7345, 0, 0, 316, 316, 1, 32.23%, 74, 0, 2, 2.11, 8188, 408
7350, 0, 0, 316, 316, 1, 32.23%, 74, 0, 2, 2.10, 8199, 408
7355, 0, 0, 316, 316, 1, 32.23%, 74, 0, 2, 2.10, 8210, 408
7372, 0, 0, 317, 317, 1, 32.23%, 74, 0, 2, 2.00, 8218, 408
7377, 0, 0, 317, 317, 1, 32.23%, 74, 0, 2, 2.08, 8229, 408
7382, 0, 0, 317, 317, 1, 32.23%, 74, 0, 2, 2.10, 8240, 408
7387, 0, 0, 317, 317, 1, 32.23%, 74, 0, 2, 2.10, 8251, 408
7392, 0, 0, 317, 317, 1, 32.23%, 74, 0, 2, 2.10, 8262, 408
7398, 0, 0, 317, 317, 1, 32.23%, 74, 0, 2, 2.11, 8273, 408
7418, 0, 0, 318, 318, 1, 32.23%, 74, 0, 2, 0.39, 8282, 408
7424, 0, 0, 318, 318, 1, 32.23%, 74, 0, 2, 2.13, 8293, 408
7429, 0, 0, 318, 318, 1, 32.23%, 74, 0, 2, 2.13, 8304, 408
7434, 0, 0, 318, 318, 1, 32.23%, 74, 0, 2, 2.14, 8315, 408
7439, 0, 0, 318, 318, 1, 32.23%, 74, 0, 2, 2.14, 8326, 408
7444, 0, 0, 318, 318, 1, 32.23%, 74, 0, 2, 2.14, 8337, 408
7449, 0, 0, 318, 318, 1, 32.23%, 74, 0, 2, 2.14, 8348, 408
7455, 0, 0, 318, 318, 1, 32.23%, 74, 0, 2, 2.11, 8359, 408
7460, 0, 0, 318, 318, 1, 32.23%, 74, 0, 2, 2.15, 8370, 408
7465, 0, 0, 318, 318, 1, 32.23%, 74, 0, 2, 2.14, 8381, 408
7470, 0, 0, 318, 318, 1, 32.23%, 74, 0, 2, 2.16, 8392, 408
7475, 0, 0, 318, 318, 1, 32.23%, 74, 0, 2, 2.15, 8403, 408
7480, 0, 0, 318, 318, 1, 32.23%, 74, 0, 2, 2.15, 8414, 408
7485, 0, 0, 318, 318, 1, 32.23%, 74, 0, 2, 2.17, 8425, 408
7490, 0, 0, 318, 318, 1, 32.23%, 74, 0, 2, 2.16, 8436, 408
7495, 0, 0, 318, 318, 1, 32.23%, 74, 0, 2, 2.17, 8447, 408
7501, 0, 0, 318, 318, 1, 32.23%, 74, 0, 2, 2.14, 8458, 408
7506, 0, 0, 318, 318, 1, 32.23%, 74, 0, 2, 2.14, 8469, 408
7511, 0, 0, 318, 318, 1, 32.23%, 74, 0, 2, 2.13, 8480, 408
7516, 0, 0, 318, 318, 1, 32.23%, 74, 0, 2, 2.14, 8491, 408
7521, 0, 0, 318, 318, 1, 32.23%, 74, 0, 2, 2.14, 8502, 408
7526, 0, 0, 318, 318, 1, 32.23%, 74, 0, 2, 2.15, 8513, 408
7532, 0, 0, 318, 318, 1, 32.23%, 74, 0, 2, 2.15, 8524, 408
7537, 0, 0, 318, 318, 1, 32.23%, 74, 0, 2, 2.13, 8535, 408
7542, 0, 0, 318, 318, 1, 32.23%, 74, 0, 2, 2.14, 8546, 408
7547, 0, 0, 318, 318, 1, 32.23%, 74, 0, 2, 2.15, 8557, 408
7552, 0, 0, 318, 318, 1, 32.23%, 74, 0, 2, 2.13, 8568, 408
7557, 0, 0, 318, 318, 1, 32.23%, 74, 0, 2, 2.13, 8579, 408
7562, 0, 0, 318, 318, 1, 32.23%, 74, 0, 2, 2.14, 8590, 408
7568, 0, 0, 318, 318, 1, 32.23%, 74, 0, 2, 2.13, 8601, 408
7573, 0, 0, 318, 318, 1, 32.23%, 74, 0, 2, 2.12, 8612, 408
7578, 0, 0, 318, 318, 1, 32.23%, 74, 0, 2, 2.14, 8623, 408
7583, 0, 0, 318, 318, 1, 32.23%, 74, 0, 2, 2.15, 8634, 408
7588, 0, 0, 318, 318, 1, 32.23%, 74, 0, 2, 2.15, 8645, 408
7593, 0, 0, 318, 318, 1, 32.23%, 74, 0, 2, 2.14, 8656, 408
7598, 0, 0, 318, 318, 1, 32.23%, 74, 0, 2, 2.15, 8667, 408
7604, 0, 0, 318, 318, 1, 32.23%, 74, 0, 2, 2.13, 8678, 408
7609, 0, 0, 318, 318, 1, 32.23%, 74, 0, 2, 2.13, 8689, 408
7614, 0, 0, 318, 318, 1, 32.23%, 74, 0, 2, 2.15, 8700, 408
7619, 0, 0, 318, 318, 1, 32.23%, 74, 0, 2, 2.15, 8711, 408
7624, 0, 0, 318, 318, 1, 32.23%, 74, 0, 2, 2.15, 8722, 408
7629, 0, 0, 318, 318, 1, 32.23%, 74, 0, 2, 2.15, 8733, 408
7634, 0, 0, 318, 318, 1, 32.23%, 74, 0, 2, 2.15, 8744, 408
7640, 0, 0, 318, 318, 1, 32.23%, 74, 0, 2, 2.13, 8755, 408
7645, 0, 0, 318, 318, 1, 32.23%, 74, 0, 2, 2.14, 8766, 408
7650, 0, 0, 318, 318, 1, 32.23%, 74, 0, 2, 2.14, 8777, 408
7670, 0, 0, 319, 319, 1, 32.23%, 74, 0, 2, 0.41, 8786, 408
7691, 0, 0, 320, 320, 1, 32.23%, 74, 0, 2, 1.98, 8802, 408
7696, 0, 0, 320, 320, 1, 32.23%, 74, 0, 2, 2.06, 8813, 408
7701, 0, 0, 320, 320, 1, 32.23%, 74, 0, 2, 2.11, 8824, 408
7706, 0, 0, 320, 320, 1, 32.23%, 74, 0, 2, 2.13, 8835, 408
7711, 0, 0, 320, 320, 1, 32.23%, 74, 0, 2, 2.15, 8846, 408
7716, 0, 0, 320, 320, 1, 32.23%, 74, 0, 2, 2.14, 8857, 408
7721, 0, 0, 320, 320, 1, 32.23%, 74, 0, 2, 2.14, 8868, 408
7726, 0, 0, 320, 320, 1, 32.23%, 74, 0, 2, 2.14, 8879, 408
7732, 0, 0, 320, 320, 1, 32.23%, 74, 0, 2, 2.13, 8890, 408
7737, 0, 0, 320, 320, 1, 32.23%, 74, 0, 2, 2.14, 8901, 408
7742, 0, 0, 320, 320, 1, 32.23%, 74, 0, 2, 2.13, 8912, 408
7747, 0, 0, 320, 320, 1, 32.23%, 74, 0, 2, 2.13, 8923, 408
7752, 0, 0, 320, 320, 1, 32.23%, 74, 0, 2, 2.13, 8934, 408
7757, 0, 0, 320, 320, 1, 32.23%, 75, 0, 2, 2.14, 8945, 408
7763, 0, 0, 320, 320, 1, 32.23%, 75, 0, 2, 2.12, 8956, 408
7768, 0, 0, 320, 320, 1, 32.23%, 75, 0, 2, 2.12, 8967, 408
7773, 0, 0, 320, 320, 1, 32.23%, 75, 0, 2, 2.11, 8978, 408
7780, 0, 0, 321, 321, 1, 32.23%, 75, 0, 2, 2.06, 8987, 408
7785, 0, 0, 321, 321, 1, 32.23%, 75, 0, 2, 2.09, 8998, 408
7790, 0, 0, 321, 321, 1, 32.23%, 75, 0, 2, 2.11, 9009, 408
7795, 0, 0, 321, 321, 1, 32.23%, 75, 0, 2, 2.13, 9020, 408
7826, 0, 0, 322, 322, 1, 32.23%, 75, 0, 2, 0.26, 9029, 408
7832, 0, 0, 322, 322, 1, 32.23%, 75, 0, 2, 2.10, 9040, 408
7837, 0, 0, 322, 322, 1, 32.23%, 75, 0, 2, 2.13, 9051, 408
7842, 0, 0, 322, 322, 1, 32.23%, 75, 0, 2, 2.12, 9062, 408
7847, 0, 0, 322, 322, 1, 32.23%, 75, 0, 2, 2.11, 9073, 408
7852, 0, 0, 322, 322, 1, 32.23%, 75, 0, 2, 2.14, 9084, 408
7857, 0, 0, 322, 322, 1, 32.23%, 75, 0, 2, 2.12, 9095, 408
7863, 0, 0, 322, 322, 1, 32.23%, 75, 0, 2, 2.13, 9106, 408
7868, 0, 0, 322, 322, 1, 32.23%, 75, 0, 2, 2.12, 9117, 408
7873, 0, 0, 322, 322, 1, 32.23%, 75, 0, 2, 2.12, 9128, 408
7878, 0, 0, 322, 322, 1, 32.23%, 75, 0, 2, 2.14, 9139, 408
7883, 0, 0, 322, 322, 1, 32.23%, 75, 0, 2, 2.13, 9150, 408
7889, 0, 0, 322, 322, 1, 32.23%, 75, 0, 2, 2.12, 9161, 408
7903, 0, 0, 323, 323, 1, 32.23%, 75, 0, 2, 2.02, 9171, 408
7917, 0, 0, 324, 324, 1, 32.23%, 75, 0, 2, 1.95, 9184, 408
7922, 0, 0, 324, 324, 1, 32.23%, 75, 0, 2, 2.04, 9195, 408
7928, 0, 0, 324, 324, 1, 32.23%, 75, 0, 2, 2.07, 9206, 408
7976, 0, 0, 325, 325, 1, 32.23%, 75, 0, 2, 0.18, 9222, 408
7981, 0, 0, 325, 325, 1, 32.23%, 75, 0, 2, 2.12, 9233, 408
7987, 0, 0, 325, 325, 1, 32.23%, 75, 0, 2, 2.12, 9244, 408
7992, 0, 0, 325, 325, 1, 32.23%, 75, 0, 2, 2.11, 9255, 408
7997, 0, 0, 325, 325, 1, 32.23%, 75, 0, 2, 2.09, 9266, 408
8002, 0, 0, 325, 325, 1, 32.23%, 75, 0, 2, 2.09, 9277, 408
8008, 0, 0, 325, 325, 1, 32.23%, 75, 0, 2, 2.08, 9288, 408
8013, 0, 0, 325, 325, 1, 32.23%, 75, 0, 2, 2.09, 9299, 408
8018, 0, 0, 325, 325, 1, 32.23%, 75, 0, 2, 2.07, 9310, 408
8024, 0, 0, 325, 325, 1, 32.23%, 75, 0, 2, 2.09, 9321, 408
8029, 0, 0, 325, 325, 1, 32.23%, 75, 0, 2, 2.09, 9332, 408
8034, 0, 0, 325, 325, 1, 32.23%, 75, 0, 2, 2.10, 9343, 408
8039, 0, 0, 325, 325, 1, 32.23%, 75, 0, 2, 2.10, 9354, 408
8045, 0, 0, 325, 325, 1, 32.23%, 75, 0, 2, 2.10, 9365, 408
8050, 0, 0, 325, 325, 1, 32.23%, 75, 0, 2, 2.10, 9376, 408
8055, 0, 0, 325, 325, 1, 32.23%, 75, 0, 2, 2.11, 9387, 408
8060, 0, 0, 325, 325, 1, 32.23%, 75, 0, 2, 2.09, 9398, 408
8066, 0, 0, 325, 325, 1, 32.23%, 75, 0, 2, 2.10, 9409, 408
8071, 0, 0, 325, 325, 1, 32.23%, 75, 0, 2, 2.08, 9420, 408
8076, 0, 0, 325, 325, 1, 32.23%, 75, 0, 2, 2.09, 9431, 408
8094, 0, 0, 326, 326, 1, 32.23%, 75, 0, 2, 1.99, 9440, 408
8099, 0, 0, 326, 326, 1, 32.23%, 75, 0, 2, 2.04, 9451, 408
8104, 0, 0, 326, 326, 1, 32.23%, 75, 0, 2, 2.07, 9462, 408
8109, 0, 0, 326, 326, 1, 32.23%, 75, 0, 2, 2.08, 9473, 408
8115, 0, 0, 326, 326, 1, 32.23%, 75, 0, 2, 2.09, 9484, 408
8120, 0, 0, 326, 326, 1, 32.23%, 75, 0, 2, 2.08, 9495, 408
8125, 0, 0, 326, 326, 1, 32.23%, 75, 0, 2, 2.10, 9506, 408
8130, 0, 0, 326, 326, 1, 32.23%, 75, 0, 2, 2.11, 9517, 408
8136, 0, 0, 326, 326, 1, 32.23%, 75, 0, 2, 2.10, 9528, 408
8141, 0, 0, 326, 326, 1, 32.23%, 75, 0, 2, 2.10, 9539, 408
8146, 0, 0, 326, 326, 1, 32.23%, 75, 0, 2, 2.11, 9550, 408
8151, 0, 0, 326, 326, 1, 32.23%, 75, 0, 2, 2.09, 9561, 408
8157, 0, 0, 326, 326, 1, 32.23%, 75, 0, 2, 2.11, 9572, 408
8162, 0, 0, 326, 326, 1, 32.23%, 75, 0, 2, 2.12, 9583, 408
8167, 0, 0, 326, 326, 1, 32.23%, 75, 0, 2, 2.10, 9594, 408
8172, 0, 0, 326, 326, 1, 32.23%, 75, 0, 2, 2.12, 9605, 408
8178, 0, 0, 326, 326, 1, 32.23%, 75, 0, 2, 2.10, 9616, 408
8183, 0, 0, 326, 326, 1, 32.23%, 75, 0, 2, 2.09, 9627, 408
8188, 0, 0, 326, 326, 1, 32.23%, 75, 0, 2, 2.10, 9638, 408
8193, 0, 0, 326, 326, 1, 32.23%, 75, 0, 2, 2.10, 9649, 408
8199, 0, 0, 326, 326, 1, 32.23%, 75, 0, 2, 2.10, 9660, 408
8204, 0, 0, 326, 326, 1, 32.23%, 75, 0, 2, 2.09, 9671, 408
8209, 0, 0, 326, 326, 1, 32.23%, 75, 0, 2, 2.10, 9682, 408
8214, 0, 0, 326, 326, 1, 32.23%, 75, 0, 2, 2.10, 9693, 408
8220, 0, 0, 326, 326, 1, 32.23%, 75, 0, 2, 2.09, 9704, 408
8225, 0, 0, 326, 326, 1, 32.23%, 75, 0, 2, 2.11, 9715, 408
8248, 0, 0, 327, 327, 1, 32.23%, 75, 0, 2, 0.39, 9728, 408
8253, 0, 0, 327, 327, 1, 32.23%, 75, 0, 2, 2.10, 9739, 408
8259, 0, 0, 327, 327, 1, 32.23%, 75, 0, 2, 2.09, 9750, 408
8264, 0, 0, 327, 327, 1, 32.23%, 75, 0, 2, 2.09, 9761, 408
8269, 0, 0, 327, 327, 1, 32.23%, 75, 0, 2, 2.10, 9772, 408
8298, 0, 0, 328, 328, 1, 32.23%, 75, 0, 2, 0.29, 9783, 408
8303, 0, 0, 328, 328, 1, 32.23%, 75, 0, 2, 2.04, 9794, 408
8309, 0, 0, 328, 328, 1, 32.23%, 75, 0, 2, 2.08, 9805, 408
8314, 0, 0, 328, 328, 1, 32.23%, 75, 0, 2, 2.06, 9816, 408
8319, 0, 0, 328, 328, 1, 32.23%, 75, 0, 2, 2.08, 9827, 408
8324, 0, 0, 328, 328, 1, 32.23%, 75, 0, 2, 2.09, 9838, 408
8330, 0, 0, 328, 328, 1, 32.23%, 75, 0, 2, 2.09, 9849, 408
8335, 0, 0, 328, 328, 1, 32.23%, 75, 0, 2, 2.10, 9860, 408
8340, 0, 0, 328, 328, 1, 32.23%, 75, 0, 2, 2.08, 9871, 408
8346, 0, 0, 328, 328, 1, 32.23%, 75, 0, 2, 2.07, 9882, 408
8351, 0, 0, 328, 328, 1, 32.23%, 75, 0, 2, 2.07, 9893, 408
8356, 0, 0, 328, 328, 1, 32.23%, 75, 0, 2, 2.09, 9904, 408
8362, 0, 0, 328, 328, 1, 32.23%, 75, 0, 2, 2.09, 9915, 408
8367, 0, 0, 328, 328, 1, 32.23%, 75, 0, 2, 2.09, 9926, 408
8372, 0, 0, 329, 329, 1, 32.31%, 75, 0, 2, 2.04, 9943, 409
8377, 0, 0, 329, 329, 1, 32.31%, 75, 0, 2, 2.05, 9954, 409
8383, 0, 0, 329, 329, 1, 32.31%, 75, 0, 2, 2.08, 9965, 409
8388, 0, 0, 329, 329, 1, 32.31%, 75, 0, 2, 2.10, 9976, 409
8393, 0, 0, 329, 329, 1, 32.31%, 75, 0, 2, 2.11, 9987, 409
8398, 0, 0, 329, 329, 1, 32.31%, 75, 0, 2, 2.10, 9998, 409
8404, 0, 0, 329, 329, 1, 32.31%, 76, 0, 2, 2.10, 10009, 409
8409, 0, 0, 329, 329, 1, 32.31%, 76, 0, 2, 2.13, 10020, 409
8414, 0, 0, 329, 329, 1, 32.31%, 76, 0, 2, 2.10, 10031, 409
8419, 0, 0, 329, 329, 1, 32.31%, 76, 0, 2, 2.09, 10042, 409
8425, 0, 0, 329, 329, 1, 32.31%, 76, 0, 2, 2.09, 10053, 409
8430, 0, 0, 329, 329, 1, 32.31%, 76, 0, 2, 2.10, 10064, 409
8435, 0, 0, 329, 329, 1, 32.31%, 76, 0, 2, 2.10, 10075, 409
8440, 0, 0, 329, 329, 1, 32.31%, 76, 0, 2, 2.11, 10086, 409
8446, 0, 0, 329, 329, 1, 32.31%, 76, 0, 2, 2.11, 10097, 409
8451, 0, 0, 329, 329, 1, 32.31%, 76, 0, 2, 2.10, 10108, 409
8456, 0, 0, 329, 329, 1, 32.31%, 76, 0, 2, 2.10, 10119, 409
8461, 0, 0, 329, 329, 1, 32.31%, 76, 0, 2, 2.10, 10130, 409
8467, 0, 0, 329, 329, 1, 32.31%, 76, 0, 2, 2.09, 10141, 409
8472, 0, 0, 329, 329, 1, 32.31%, 76, 0, 2, 2.08, 10152, 409
8477, 0, 0, 329, 329, 1, 32.31%, 76, 0, 2, 2.09, 10163, 409
8482, 0, 0, 329, 329, 1, 32.31%, 76, 0, 2, 2.11, 10174, 409
8488, 0, 0, 329, 329, 1, 32.31%, 76, 0, 2, 2.09, 10185, 409
8493, 0, 0, 329, 329, 1, 32.31%, 76, 0, 2, 2.10, 10196, 409
8498, 0, 0, 329, 329, 1, 32.31%, 76, 0, 2, 2.09, 10207, 409
8503, 0, 0, 329, 329, 1, 32.31%, 76, 0, 2, 2.09, 10218, 409
8509, 0, 0, 329, 329, 1, 32.31%, 76, 0, 2, 2.09, 10229, 409
8514, 0, 0, 329, 329, 1, 32.31%, 76, 0, 2, 2.09, 10240, 409
8519, 0, 0, 329, 329, 1, 32.31%, 76, 0, 2, 2.11, 10251, 409
8524, 0, 0, 329, 329, 1, 32.31%, 76, 0, 2, 2.11, 10262, 409
8530, 0, 0, 329, 329, 1, 32.31%, 76, 0, 2, 2.12, 10273, 409
8535, 0, 0, 329, 329, 1, 32.31%, 76, 0, 2, 2.11, 10284, 409
8540, 0, 0, 329, 329, 1, 32.31%, 76, 0, 2, 2.10, 10295, 409
8545, 0, 0, 329, 329, 1, 32.31%, 76, 0, 2, 2.09, 10306, 409
8551, 0, 0, 329, 329, 1, 32.31%, 76, 0, 2, 2.10, 10317, 409
8556, 0, 0, 329, 329, 1, 32.31%, 76, 0, 2, 2.11, 10328, 409
8561, 0, 0, 329, 329, 1, 32.31%, 76, 0, 2, 2.10, 10339, 409
8566, 0, 0, 329, 329, 1, 32.31%, 76, 0, 2, 2.12, 10350, 409
8583, 0, 0, 330, 330, 1, 32.31%, 76, 0, 2, 1.99, 10365, 409
8588, 0, 0, 330, 330, 1, 32.31%, 76, 0, 2, 2.05, 10376, 409
8593, 0, 0, 330, 330, 1, 32.31%, 76, 0, 2, 2.09, 10387, 409
8598, 0, 0, 330, 330, 1, 32.31%, 76, 0, 2, 2.09, 10398, 409
8604, 0, 0, 330, 330, 1, 32.31%, 76, 0, 2, 2.11, 10409, 409
8621, 0, 0, 331, 331, 1, 32.31%, 76, 0, 2, 2.03, 10425, 409
8626, 0, 0, 331, 331, 1, 32.31%, 76, 0, 2, 2.07, 10436, 409
8638, 0, 0, 332, 332, 1, 32.31%, 76, 0, 2, 2.00, 10448, 409
8643, 0, 0, 332, 332, 1, 32.31%, 76, 0, 2, 2.06, 10459, 409
8648, 0, 0, 332, 332, 1, 32.31%, 76, 0, 2, 2.10, 10470, 409
8654, 0, 0, 332, 332, 1, 32.31%, 76, 0, 2, 2.06, 10481, 409
8659, 0, 0, 332, 332, 1, 32.31%, 76, 0, 2, 2.09, 10492, 409
8664, 0, 0, 332, 332, 1, 32.31%, 76, 0, 2, 2.06, 10503, 409
8670, 0, 0, 332, 332, 1, 32.31%, 76, 0, 2, 2.07, 10514, 409
8675, 0, 0, 332, 332, 1, 32.31%, 76, 0, 2, 2.08, 10525, 409
8680, 0, 0, 332, 332, 1, 32.31%, 76, 0, 2, 2.11, 10536, 409
8685, 0, 0, 332, 332, 1, 32.31%, 76, 0, 2, 2.09, 10547, 409
8691, 0, 0, 332, 332, 1, 32.31%, 76, 0, 2, 2.09, 10558, 409
8696, 0, 0, 332, 332, 1, 32.31%, 76, 0, 2, 2.10, 10569, 409
8701, 0, 0, 332, 332, 1, 32.31%, 76, 0, 2, 2.08, 10580, 409
8707, 0, 0, 332, 332, 1, 32.31%, 76, 0, 2, 2.07, 10591, 409
8712, 0, 0, 332, 332, 1, 32.31%, 76, 0, 2, 2.08, 10602, 409
8717, 0, 0, 332, 332, 1, 32.31%, 76, 0, 2, 2.05, 10613, 409
8723, 0, 0, 332, 332, 1, 32.31%, 76, 0, 2, 2.07, 10624, 409
8728, 0, 0, 332, 332, 1, 32.31%, 76, 0, 2, 2.08, 10635, 409
8733, 0, 0, 332, 332, 1, 32.31%, 76, 0, 2, 2.09, 10646, 409
8738, 0, 0, 332, 332, 1, 32.31%, 76, 0, 2, 2.08, 10657, 409
8744, 0, 0, 332, 332, 1, 32.31%, 76, 0, 2, 2.03, 10667, 409
8749, 0, 0, 332, 332, 1, 32.31%, 76, 0, 2, 2.05, 10678, 409
8754, 0, 0, 332, 332, 1, 32.31%, 76, 0, 2, 2.06, 10689, 409
8760, 0, 0, 332, 332, 1, 32.31%, 76, 0, 2, 2.05, 10700, 409
8765, 0, 0, 332, 332, 1, 32.31%, 76, 0, 2, 2.07, 10711, 409
8770, 0, 0, 332, 332, 1, 32.31%, 76, 0, 2, 2.06, 10722, 409
8776, 0, 0, 332, 332, 1, 32.31%, 76, 0, 2, 2.07, 10733, 409
8781, 0, 0, 332, 332, 1, 32.31%, 76, 0, 2, 2.09, 10744, 409
8786, 0, 0, 332, 332, 1, 32.31%, 76, 0, 2, 2.01, 10754, 409
8791, 0, 0, 332, 332, 1, 32.31%, 76, 0, 2, 2.07, 10765, 409
8797, 0, 0, 332, 332, 1, 32.31%, 76, 0, 2, 2.07, 10776, 409
8802, 0, 0, 332, 332, 1, 32.31%, 76, 0, 2, 2.06, 10787, 409
8807, 0, 0, 332, 332, 1, 32.31%, 76, 0, 2, 2.06, 10798, 409
8813, 0, 0, 332, 332, 1, 32.31%, 76, 0, 2, 2.06, 10809, 409
8818, 0, 0, 332, 332, 1, 32.31%, 76, 0, 2, 2.07, 10820, 409
8823, 0, 0, 332, 332, 1, 32.31%, 76, 0, 2, 2.08, 10831, 409
8829, 0, 0, 332, 332, 1, 32.31%, 76, 0, 2, 2.09, 10842, 409
8843, 0, 0, 333, 333, 1, 32.31%, 76, 0, 2, 1.97, 10857, 409
8855, 0, 0, 334, 334, 1, 32.31%, 76, 0, 2, 1.91, 10866, 409
8860, 0, 0, 334, 334, 1, 32.31%, 76, 0, 2, 2.01, 10877, 409
8865, 0, 0, 334, 334, 1, 32.31%, 76, 0, 2, 2.06, 10888, 409
8878, 0, 0, 335, 335, 1, 32.31%, 76, 0, 2, 2.00, 10905, 409
8884, 0, 0, 335, 335, 1, 32.31%, 76, 0, 2, 2.04, 10916, 409
8889, 0, 0, 335, 335, 1, 32.31%, 76, 0, 2, 2.07, 10927, 409
8894, 0, 0, 335, 335, 1, 32.31%, 76, 0, 2, 2.07, 10938, 409
8900, 0, 0, 335, 335, 1, 32.31%, 76, 0, 2, 2.07, 10949, 409
8905, 0, 0, 335, 335, 1, 32.31%, 76, 0, 2, 2.07, 10960, 409
8910, 0, 0, 335, 335, 1, 32.31%, 76, 0, 2, 2.08, 10971, 409
8915, 0, 0, 335, 335, 1, 32.31%, 76, 0, 2, 2.09, 10982, 409
8921, 0, 0, 335, 335, 1, 32.31%, 76, 0, 2, 2.09, 10993, 409
8926, 0, 0, 335, 335, 1, 32.31%, 76, 0, 2, 2.08, 11004, 409
8931, 0, 0, 335, 335, 1, 32.31%, 76, 0, 2, 2.07, 11015, 409
8937, 0, 0, 335, 335, 1, 32.31%, 76, 0, 2, 2.08, 11026, 409
8942, 0, 0, 335, 335, 1, 32.31%, 76, 0, 2, 2.09, 11037, 409
8947, 0, 0, 335, 335, 1, 32.31%, 76, 0, 2, 2.11, 11048, 409
8976, 0, 0, 336, 336, 1, 32.31%, 76, 0, 2, 0.28, 11058, 409
8982, 0, 0, 336, 336, 1, 32.31%, 76, 0, 2, 2.06, 11069, 409
8987, 0, 0, 336, 336, 1, 32.31%, 76, 0, 2, 2.08, 11080, 409
8992, 0, 0, 336, 336, 1, 32.31%, 76, 0, 2, 2.08, 11091, 409
8997, 0, 0, 336, 336, 1, 32.31%, 76, 0, 2, 2.10, 11102, 409
9003, 0, 0, 336, 336, 1, 32.31%, 76, 0, 2, 2.09, 11113, 409
9008, 0, 0, 336, 336, 1, 32.31%, 76, 0, 2, 2.09, 11124, 409
9013, 0, 0, 336, 336, 1, 32.31%, 76, 0, 2, 2.09, 11135, 409
9019, 0, 0, 336, 336, 1, 32.31%, 76, 0, 2, 2.09, 11146, 409
9024, 0, 0, 336, 336, 1, 32.31%, 76, 0, 2, 2.07, 11157, 409
9029, 0, 0, 336, 336, 1, 32.31%, 76, 0, 2, 2.08, 11168, 409
9034, 0, 0, 336, 336, 1, 32.31%, 76, 0, 2, 2.08, 11179, 409
9040, 0, 0, 336, 336, 1, 32.31%, 76, 0, 2, 2.08, 11190, 409
9045, 0, 0, 336, 336, 1, 32.31%, 76, 0, 2, 2.08, 11201, 409
9050, 0, 0, 336, 336, 1, 32.31%, 76, 0, 2, 2.09, 11212, 409
9056, 0, 0, 336, 336, 1, 32.31%, 76, 0, 2, 2.08, 11223, 409
9061, 0, 0, 336, 336, 1, 32.31%, 76, 0, 2, 2.08, 11234, 409
9066, 0, 0, 336, 336, 1, 32.31%, 76, 0, 2, 2.01, 11244, 409
9071, 0, 0, 336, 336, 1, 32.31%, 76, 0, 2, 2.04, 11255, 409
9077, 0, 0, 336, 336, 1, 32.31%, 76, 0, 2, 2.07, 11266, 409
9082, 0, 0, 336, 336, 1, 32.31%, 76, 0, 2, 2.09, 11277, 409
9087, 0, 0, 336, 336, 1, 32.31%, 76, 0, 2, 2.07, 11288, 409
9092, 0, 0, 336, 336, 1, 32.31%, 76, 0, 2, 2.09, 11299, 409
9098, 0, 0, 336, 336, 1, 32.31%, 76, 0, 2, 2.10, 11310, 409
9103, 0, 0, 336, 336, 1, 32.31%, 76, 0, 2, 2.10, 11321, 409
9108, 0, 0, 336, 336, 1, 32.31%, 76, 0, 2, 2.09, 11332, 409
9113, 0, 0, 336, 336, 1, 32.31%, 76, 0, 2, 2.09, 11343, 409
9119, 0, 0, 336, 336, 1, 32.31%, 76, 0, 2, 2.09, 11354, 409
9124, 0, 0, 336, 336, 1, 32.31%, 76, 0, 2, 2.08, 11365, 409
9129, 0, 0, 336, 336, 1, 32.31%, 76, 0, 2, 2.09, 11376, 409
9135, 0, 0, 336, 336, 1, 32.31%, 76, 0, 2, 2.09, 11387, 409
9140, 0, 0, 336, 336, 1, 32.31%, 76, 0, 2, 2.09, 11398, 409
9145, 0, 0, 336, 336, 1, 32.31%, 76, 0, 2, 2.09, 11409, 409
9150, 0, 0, 336, 336, 1, 32.31%, 76, 0, 2, 2.08, 11420, 409
9156, 0, 0, 336, 336, 1, 32.31%, 76, 0, 2, 2.07, 11431, 409
9161, 0, 0, 336, 336, 1, 32.31%, 76, 0, 2, 2.08, 11442, 409
9166, 0, 0, 336, 336, 1, 32.31%, 76, 0, 2, 2.16, 11454, 409
9172, 0, 0, 336, 336, 1, 32.31%, 76, 0, 2, 2.13, 11465, 409
9177, 0, 0, 336, 336, 1, 32.31%, 76, 0, 2, 2.12, 11476, 409
9182, 0, 0, 336, 336, 1, 32.31%, 76, 0, 2, 2.12, 11487, 409
9187, 0, 0, 336, 336, 1, 32.31%, 76, 0, 2, 2.12, 11498, 409
9193, 0, 0, 336, 336, 1, 32.31%, 76, 0, 2, 2.09, 11509, 409
9198, 0, 0, 336, 336, 1, 32.31%, 76, 0, 2, 2.08, 11520, 409
9203, 0, 0, 336, 336, 1, 32.31%, 76, 0, 2, 2.09, 11531, 409
9208, 0, 0, 336, 336, 1, 32.31%, 76, 0, 2, 2.09, 11542, 409
9214, 0, 0, 336, 336, 1, 32.31%, 76, 0, 2, 2.09, 11553, 409
9219, 0, 0, 336, 336, 1, 32.31%, 76, 0, 2, 2.10, 11564, 409
9224, 0, 0, 336, 336, 1, 32.31%, 76, 0, 2, 2.09, 11575, 409
9229, 0, 0, 336, 336, 1, 32.31%, 76, 0, 2, 2.10, 11586, 409
9235, 0, 0, 336, 336, 1, 32.31%, 76, 0, 2, 2.11, 11597, 409
9240, 0, 0, 336, 336, 1, 32.31%, 77, 0, 2, 2.13, 11608, 409
9245, 0, 0, 336, 336, 1, 32.31%, 77, 0, 2, 2.09, 11619, 409
9250, 0, 0, 336, 336, 1, 32.31%, 77, 0, 2, 2.09, 11630, 409
9256, 0, 0, 336, 336, 1, 32.31%, 77, 0, 2, 2.09, 11641, 409
9261, 0, 0, 336, 336, 1, 32.31%, 77, 0, 2, 2.10, 11652, 409
9266, 0, 0, 336, 336, 1, 32.31%, 77, 0, 2, 2.09, 11663, 409
9271, 0, 0, 336, 336, 1, 32.31%, 77, 0, 2, 2.09, 11674, 409
9277, 0, 0, 336, 336, 1, 32.31%, 77, 0, 2, 2.09, 11685, 409
9282, 0, 0, 336, 336, 1, 32.31%, 77, 0, 2, 2.10, 11696, 409
9287, 0, 0, 336, 336, 1, 32.31%, 77, 0, 2, 2.10, 11707, 409
9292, 0, 0, 336, 336, 1, 32.31%, 77, 0, 2, 2.10, 11718, 409
9298, 0, 0, 336, 336, 1, 32.31%, 77, 0, 2, 2.08, 11729, 409
9303, 0, 0, 336, 336, 1, 32.31%, 77, 0, 2, 2.08, 11740, 409
9308, 0, 0, 336, 336, 1, 32.31%, 77, 0, 2, 2.09, 11751, 409
9314, 0, 0, 336, 336, 1, 32.31%, 77, 0, 2, 2.10, 11762, 409
9319, 0, 0, 336, 336, 1, 32.31%, 77, 0, 2, 2.12, 11773, 409
9324, 0, 0, 336, 336, 1, 32.31%, 77, 0, 2, 2.11, 11784, 409
9329, 0, 0, 338, 338, 1, 32.78%, 77, 0, 2, 2.37, 11801, 415
9336, 0, 0, 344, 344, 1, 33.89%, 77, 0, 2, 4.02, 11849, 429
9342, 0, 0, 348, 348, 1, 34.36%, 77, 0, 2, 4.44, 11884, 435
9348, 0, 0, 349, 349, 1, 34.36%, 77, 0, 2, 4.25, 11892, 435
9356, 0, 0, 351, 351, 1, 34.76%, 77, 0, 2, 3.81, 11910, 440
9362, 0, 0, 355, 355, 1, 34.91%, 77, 0, 2, 4.36, 11943, 442
9369, 0, 0, 358, 358, 1, 35.78%, 77, 0, 2, 4.43, 11967, 453
9375, 0, 0, 359, 359, 1, 35.86%, 77, 0, 2, 4.09, 11976, 454
9381, 0, 0, 361, 361, 1, 36.02%, 77, 0, 2, 3.63, 11998, 456
9389, 0, 0, 364, 364, 1, 36.33%, 77, 0, 2, 3.53, 12026, 460
9397, 0, 0, 366, 366, 1, 36.33%, 77, 0, 2, 3.42, 12045, 460
9402, 0, 0, 368, 368, 1, 36.49%, 77, 0, 2, 3.37, 12064, 462
9412, 0, 0, 370, 370, 1, 36.73%, 77, 0, 2, 3.08, 12082, 465
9417, 0, 0, 371, 371, 1, 37.05%, 77, 0, 2, 2.83, 12094, 469
9427, 0, 0, 372, 372, 1, 37.05%, 77, 0, 2, 2.66, 12103, 469
9437, 0, 0, 373, 373, 1, 37.05%, 78, 0, 2, 2.48, 12113, 469
9444, 0, 0, 374, 374, 1, 37.28%, 78, 0, 2, 2.35, 12124, 472
9451, 0, 0, 375, 375, 1, 37.68%, 78, 0, 2, 2.24, 12137, 477
9461, 0, 0, 376, 376, 1, 37.76%, 78, 0, 2, 2.14, 12146, 478
9470, 0, 0, 378, 378, 1, 37.99%, 78, 0, 2, 2.30, 12168, 481
9477, 0, 0, 380, 380, 1, 38.15%, 78, 0, 2, 2.29, 12185, 483
9482, 0, 0, 381, 381, 1, 38.15%, 78, 0, 2, 2.38, 12200, 483
9488, 0, 0, 382, 382, 1, 38.15%, 78, 0, 2, 2.31, 12211, 483
9495, 0, 0, 383, 383, 1, 38.15%, 78, 0, 2, 2.22, 12221, 483
9500, 0, 0, 383, 383, 1, 38.15%, 78, 0, 2, 2.12, 12231, 483
9523, 0, 0, 384, 384, 1, 38.15%, 78, 0, 2, 0.34, 12239, 483
9546, 0, 0, 385, 385, 1, 38.15%, 78, 0, 2, 0.34, 12247, 483
9552, 0, 0, 385, 385, 1, 38.15%, 78, 0, 2, 2.09, 12258, 483
9578, 0, 0, 386, 386, 1, 38.23%, 78, 0, 2, 0.35, 12272, 484
9583, 0, 0, 386, 386, 1, 38.23%, 78, 0, 2, 2.04, 12283, 484
9589, 0, 0, 386, 386, 1, 38.23%, 78, 0, 2, 2.02, 12294, 484
9594, 0, 0, 386, 386, 1, 38.23%, 78, 0, 2, 2.03, 12305, 484
9599, 0, 0, 386, 386, 1, 38.23%, 78, 0, 2, 2.05, 12316, 484
9604, 0, 0, 386, 386, 1, 38.23%, 78, 0, 2, 2.03, 12326, 484
9609, 0, 0, 386, 386, 1, 38.23%, 78, 0, 2, 2.01, 12336, 484
9615, 0, 0, 386, 386, 1, 38.23%, 78, 0, 2, 2.02, 12347, 484
9623, 0, 0, 388, 388, 1, 38.31%, 78, 0, 2, 2.23, 12366, 485
9629, 0, 0, 391, 391, 1, 38.78%, 78, 0, 2, 2.75, 12392, 491
9634, 0, 0, 392, 392, 1, 38.94%, 78, 0, 2, 2.68, 12400, 493
9639, 0, 0, 393, 393, 1, 39.10%, 78, 0, 2, 2.56, 12410, 495
9644, 0, 0, 395, 395, 1, 39.26%, 78, 0, 2, 2.71, 12431, 497
9653, 0, 0, 396, 396, 1, 39.26%, 78, 0, 2, 2.44, 12444, 497
9658, 0, 0, 397, 397, 1, 39.34%, 78, 0, 2, 2.34, 12455, 498
9666, 0, 0, 399, 399, 1, 39.57%, 78, 0, 2, 2.41, 12477, 501
9671, 0, 0, 399, 399, 1, 39.57%, 78, 0, 2, 2.20, 12488, 501
9676, 0, 0, 400, 400, 1, 39.65%, 78, 0, 2, 2.16, 12499, 502
9682, 0, 0, 401, 401, 1, 39.73%, 78, 0, 2, 2.16, 12512, 503
9687, 0, 0, 402, 402, 1, 39.97%, 78, 0, 2, 2.14, 12525, 506
9693, 0, 0, 404, 404, 1, 39.97%, 78, 0, 2, 2.33, 12544, 506
9702, 0, 0, 405, 405, 1, 40.05%, 78, 0, 2, 2.19, 12556, 507
9713, 0, 0, 406, 406, 1, 40.05%, 78, 0, 2, 2.08, 12567, 507
9718, 0, 0, 406, 406, 1, 40.05%, 78, 0, 2, 2.05, 12578, 507
9728, 0, 0, 407, 407, 1, 40.21%, 78, 0, 2, 1.99, 12594, 509
9735, 0, 0, 408, 408, 1, 40.28%, 78, 0, 2, 2.10, 12611, 510
9740, 0, 0, 410, 410, 1, 40.28%, 78, 0, 2, 2.38, 12631, 510
9745, 0, 0, 412, 412, 1, 40.28%, 78, 0, 2, 2.61, 12651, 510
9750, 0, 0, 413, 413, 1, 40.28%, 78, 0, 2, 2.49, 12666, 510
9757, 0, 0, 414, 414, 1, 40.28%, 78, 0, 2, 2.40, 12675, 510
9766, 0, 0, 416, 416, 1, 40.68%, 78, 0, 2, 2.33, 12693, 515
9774, 0, 0, 418, 418, 1, 40.68%, 78, 0, 2, 2.47, 12713, 515
9779, 0, 0, 420, 420, 1, 40.68%, 78, 0, 2, 2.61, 12734, 515
9785, 0, 0, 421, 421, 1, 40.68%, 79, 0, 2, 2.45, 12748, 515
9791, 0, 0, 422, 422, 1, 40.84%, 79, 0, 2, 2.36, 12764, 517
9796, 0, 0, 423, 423, 1, 40.84%, 79, 0, 2, 2.29, 12779, 517
9801, 0, 0, 424, 424, 1, 40.92%, 79, 0, 2, 2.26, 12793, 518
9807, 0, 0, 425, 425, 1, 40.92%, 79, 0, 2, 2.30, 12808, 518
9813, 0, 0, 426, 426, 1, 41.00%, 79, 0, 2, 2.24, 12824, 519
9819, 0, 0, 427, 427, 1, 41.07%, 79, 0, 2, 2.38, 12840, 520
9825, 0, 0, 429, 429, 1, 41.07%, 79, 0, 2, 2.54, 12862, 520
9830, 0, 0, 429, 429, 1, 41.07%, 79, 0, 2, 2.28, 12872, 520
9839, 0, 0, 430, 430, 1, 41.15%, 79, 0, 2, 2.16, 12882, 521
9850, 0, 0, 431, 431, 1, 41.55%, 79, 0, 2, 2.08, 12902, 526
9855, 0, 0, 431, 431, 1, 41.55%, 79, 0, 2, 2.02, 12912, 526
9861, 0, 0, 432, 432, 1, 41.71%, 79, 0, 2, 2.01, 12923, 528
9866, 0, 0, 432, 432, 1, 41.71%, 79, 0, 2, 1.98, 12933, 528
9871, 0, 0, 433, 433, 1, 41.79%, 79, 0, 2, 2.13, 12948, 529
9876, 0, 0, 433, 433, 1, 41.79%, 79, 0, 2, 2.05, 12958, 529
9882, 0, 0, 435, 435, 1, 41.86%, 79, 0, 2, 2.35, 12979, 530
9887, 0, 0, 436, 436, 1, 41.86%, 79, 0, 2, 1.98, 12996, 530
9892, 0, 0, 437, 437, 1, 41.94%, 79, 0, 2, 9.98, 13013, 531
9897, 0, 0, 437, 437, 1, 41.94%, 79, 0, 2, 6.17, 13023, 531
9902, 0, 0, 437, 437, 1, 41.94%, 79, 0, 2, 4.18, 13033, 531
9908, 0, 0, 437, 437, 1, 41.94%, 79, 0, 2, 3.07, 13044, 531
9913, 0, 0, 437, 437, 1, 41.94%, 79, 0, 2, 2.55, 13054, 531
9918, 0, 0, 438, 438, 1, 42.02%, 79, 0, 2, 2.51, 13070, 532
9923, 0, 0, 439, 439, 1, 42.02%, 79, 0, 2, 1.98, 13087, 532
9928, 0, 0, 439, 439, 1, 42.02%, 79, 0, 2, 1.96, 13097, 532
9934, 0, 0, 439, 439, 1, 42.02%, 79, 0, 2, 1.96, 13107, 532
9939, 0, 0, 439, 439, 1, 42.02%, 79, 0, 2, 1.95, 13117, 532
9944, 0, 0, 439, 439, 1, 42.02%, 79, 0, 2, 1.96, 13127, 532
9949, 0, 0, 439, 439, 1, 42.02%, 79, 0, 2, 1.97, 13137, 532
9954, 0, 0, 439, 439, 1, 42.02%, 79, 0, 2, 1.97, 13147, 532
9959, 0, 0, 439, 439, 1, 42.02%, 79, 0, 2, 1.97, 13157, 532
9964, 0, 0, 439, 439, 1, 42.02%, 79, 0, 2, 1.96, 13167, 532
9969, 0, 0, 439, 439, 1, 42.02%, 79, 0, 2, 1.97, 13177, 532
9974, 0, 0, 439, 439, 1, 42.02%, 79, 0, 2, 1.98, 13187, 532
9979, 0, 0, 439, 439, 1, 42.02%, 79, 0, 2, 1.97, 13197, 532
9984, 0, 0, 439, 439, 1, 42.02%, 79, 0, 2, 1.98, 13207, 532
9989, 0, 0, 439, 439, 1, 42.02%, 79, 0, 2, 1.99, 13217, 532
9995, 0, 0, 439, 439, 1, 42.02%, 79, 0, 2, 1.97, 13227, 532
10000, 0, 0, 439, 439, 1, 42.02%, 79, 0, 2, 1.97, 13237, 532
10005, 0, 0, 439, 439, 1, 42.02%, 79, 0, 2, 1.97, 13247, 532
10010, 0, 0, 439, 439, 1, 42.02%, 79, 0, 2, 1.96, 13257, 532
10015, 0, 0, 439, 439, 1, 42.02%, 79, 0, 2, 1.95, 13267, 532
10020, 0, 0, 439, 439, 1, 42.02%, 79, 0, 2, 1.93, 13277, 532
10025, 0, 0, 439, 439, 1, 42.02%, 79, 0, 2, 1.94, 13287, 532
10030, 0, 0, 439, 439, 1, 42.02%, 79, 0, 2, 1.95, 13297, 532
10036, 0, 0, 439, 439, 1, 42.02%, 79, 0, 2, 1.97, 13307, 532
10041, 0, 0, 439, 439, 1, 42.02%, 79, 0, 2, 1.97, 13317, 532
10046, 0, 0, 439, 439, 1, 42.02%, 79, 0, 2, 1.96, 13327, 532
10051, 0, 0, 440, 440, 1, 42.10%, 79, 0, 2, 2.22, 13344, 533
10056, 0, 0, 440, 440, 1, 42.10%, 79, 0, 2, 2.09, 13354, 533
10062, 0, 0, 440, 440, 1, 42.10%, 79, 0, 2, 2.03, 13364, 533
10067, 0, 0, 440, 440, 1, 42.10%, 79, 0, 2, 1.99, 13374, 533
10072, 0, 0, 440, 440, 1, 42.10%, 79, 0, 2, 1.97, 13384, 533
10077, 0, 0, 440, 440, 1, 42.10%, 79, 0, 2, 1.96, 13394, 533
10082, 0, 0, 440, 440, 1, 42.10%, 79, 0, 2, 1.96, 13404, 533
10087, 0, 0, 440, 440, 1, 42.10%, 79, 0, 2, 1.96, 13414, 533
10092, 0, 0, 440, 440, 1, 42.10%, 79, 0, 2, 1.94, 13424, 533
10098, 0, 0, 440, 440, 1, 42.10%, 79, 0, 2, 1.92, 13434, 533
10103, 0, 0, 440, 440, 1, 42.10%, 79, 0, 2, 1.93, 13444, 533
10108, 0, 0, 440, 440, 1, 42.10%, 79, 0, 2, 1.93, 13454, 533
10113, 0, 0, 440, 440, 1, 42.10%, 79, 0, 2, 1.94, 13464, 533
10118, 0, 0, 440, 440, 1, 42.10%, 79, 0, 2, 1.95, 13474, 533
10123, 0, 0, 440, 440, 1, 42.10%, 79, 0, 2, 1.95, 13484, 533
10128, 0, 0, 440, 440, 1, 42.10%, 79, 0, 2, 1.96, 13494, 533
10134, 0, 0, 440, 440, 1, 42.10%, 79, 0, 2, 1.96, 13504, 533
10139, 0, 0, 440, 440, 1, 42.10%, 79, 0, 2, 1.97, 13514, 533
10144, 0, 0, 440, 440, 1, 42.10%, 79, 0, 2, 1.96, 13524, 533
10149, 0, 0, 440, 440, 1, 42.10%, 79, 0, 2, 1.97, 13534, 533
10154, 0, 0, 440, 440, 1, 42.10%, 79, 0, 2, 1.96, 13544, 533
10159, 0, 0, 440, 440, 1, 42.10%, 79, 0, 2, 1.98, 13554, 533
10181, 0, 0, 441, 441, 1, 42.10%, 79, 0, 2, 1.86, 13571, 533
10187, 0, 0, 441, 441, 1, 42.10%, 79, 0, 2, 1.93, 13582, 533
10192, 0, 0, 442, 442, 1, 42.10%, 79, 0, 2, 2.12, 13598, 533
10197, 0, 0, 442, 442, 1, 42.10%, 79, 0, 2, 2.05, 13608, 533
