# relative_time, cycles_done, cur_item, corpus_count, pending_total, pending_favs, map_size, saved_crashes, saved_hangs, max_depth, execs_per_sec, total_execs, edges_found
63, 0, 0, 11, 11, 1, 4.59%, 0, 4, 2, 0.40, 133, 91
73, 0, 0, 11, 11, 1, 4.59%, 0, 4, 2, 0.41, 139, 91
84, 0, 0, 15, 15, 1, 4.59%, 0, 4, 2, 0.20, 178, 91
94, 0, 0, 15, 15, 1, 4.59%, 0, 5, 2, 0.20, 180, 91
104, 0, 0, 15, 15, 1, 4.59%, 0, 5, 2, 0.21, 183, 91
115, 0, 0, 18, 18, 1, 8.32%, 0, 5, 2, 0.10, 214, 165
125, 0, 0, 19, 19, 1, 8.37%, 0, 5, 2, 0.20, 225, 166
135, 0, 0, 19, 19, 1, 8.37%, 0, 5, 2, 0.19, 226, 166
145, 0, 0, 19, 19, 1, 8.37%, 0, 5, 2, 0.19, 227, 166
155, 0, 0, 19, 19, 1, 8.37%, 0, 5, 2, 0.18, 228, 166
167, 0, 0, 19, 19, 1, 8.37%, 0, 5, 2, 0.18, 229, 166
177, 0, 0, 19, 19, 1, 8.37%, 0, 5, 2, 0.18, 231, 166
187, 0, 0, 19, 19, 1, 8.37%, 0, 5, 2, 0.17, 232, 166
197, 0, 0, 19, 19, 1, 8.37%, 0, 6, 2, 0.20, 239, 166
208, 0, 0, 19, 19, 1, 8.37%, 0, 6, 2, 0.21, 242, 166
218, 0, 0, 20, 20, 1, 8.37%, 0, 7, 2, 0.20, 253, 166
228, 0, 0, 20, 20, 1, 8.37%, 0, 7, 2, 0.19, 254, 166
238, 0, 0, 20, 20, 1, 8.37%, 0, 7, 2, 0.21, 259, 166
248, 0, 0, 20, 20, 1, 8.37%, 0, 7, 2, 0.23, 264, 166
258, 0, 0, 20, 20, 1, 8.37%, 0, 7, 2, 0.23, 267, 166
268, 0, 0, 20, 20, 1, 8.37%, 0, 7, 2, 0.23, 269, 166
279, 0, 0, 20, 20, 1, 8.37%, 0, 7, 2, 0.25, 275, 166
289, 0, 0, 20, 20, 1, 8.37%, 0, 7, 2, 0.24, 276, 166
299, 0, 0, 20, 20, 1, 8.37%, 0, 7, 2, 0.10, 283, 166
309, 0, 0, 20, 20, 1, 8.37%, 0, 7, 2, 0.10, 290, 166
319, 0, 0, 21, 21, 1, 8.42%, 0, 7, 2, 0.20, 300, 167
329, 0, 0, 21, 21, 1, 8.42%, 0, 7, 2, 0.20, 302, 167
340, 0, 0, 21, 21, 1, 8.42%, 0, 7, 2, 0.22, 307, 167
350, 0, 0, 21, 21, 1, 8.42%, 0, 7, 2, 0.21, 308, 167
360, 0, 0, 22, 22, 1, 8.42%, 0, 8, 2, 0.20, 321, 167
370, 0, 0, 22, 22, 1, 8.42%, 0, 8, 2, 0.19, 322, 167
380, 0, 0, 22, 22, 1, 8.42%, 0, 8, 2, 0.19, 323, 167
391, 0, 0, 23, 23, 1, 8.42%, 0, 8, 2, 0.10, 340, 167
401, 0, 0, 23, 23, 1, 8.42%, 0, 8, 2, 0.20, 350, 167
411, 0, 0, 23, 23, 1, 8.42%, 0, 8, 2, 0.20, 353, 167
421, 0, 0, 24, 24, 1, 8.47%, 0, 8, 2, 0.10, 364, 168
431, 0, 0, 24, 24, 1, 8.47%, 0, 8, 2, 0.11, 366, 168
441, 0, 0, 24, 24, 1, 8.47%, 0, 8, 2, 0.11, 368, 168
451, 0, 0, 24, 24, 1, 8.47%, 0, 8, 2, 0.12, 370, 168
462, 0, 0, 24, 24, 1, 8.47%, 0, 8, 2, 0.13, 373, 168
472, 0, 0, 24, 24, 1, 8.47%, 0, 8, 2, 0.39, 383, 168
482, 0, 0, 24, 24, 1, 8.47%, 0, 8, 2, 0.38, 385, 168
492, 0, 0, 24, 24, 1, 8.47%, 0, 8, 2, 0.39, 391, 168
502, 0, 0, 24, 24, 1, 8.47%, 0, 8, 2, 0.38, 393, 168
513, 0, 0, 24, 24, 1, 8.47%, 0, 8, 2, 0.20, 401, 168
523, 0, 0, 24, 24, 1, 8.47%, 0, 9, 2, 0.22, 407, 168
533, 0, 0, 24, 24, 1, 8.47%, 0, 9, 2, 0.22, 408, 168
543, 0, 0, 24, 24, 1, 8.47%, 0, 9, 2, 0.24, 414, 168
553, 0, 0, 24, 24, 1, 8.47%, 0, 9, 2, 0.26, 420, 168
563, 0, 0, 24, 24, 1, 8.47%, 0, 9, 2, 0.25, 421, 168
573, 0, 0, 24, 24, 1, 8.47%, 0, 10, 2, 0.24, 422, 168
583, 0, 0, 24, 24, 1, 8.47%, 0, 10, 2, 0.25, 426, 168
593, 0, 0, 24, 24, 1, 8.47%, 0, 10, 2, 0.27, 431, 168
604, 0, 0, 24, 24, 1, 8.47%, 0, 10, 2, 0.30, 439, 168
614, 0, 0, 24, 24, 1, 8.47%, 0, 10, 2, 0.32, 446, 168
624, 0, 0, 24, 24, 1, 8.47%, 0, 10, 2, 0.32, 449, 168
635, 0, 0, 25, 25, 1, 8.47%, 0, 10, 2, 0.49, 464, 168
645, 0, 0, 25, 25, 1, 8.47%, 0, 10, 2, 0.47, 465, 168
655, 0, 0, 25, 25, 1, 8.47%, 0, 10, 2, 0.45, 467, 168
665, 0, 0, 25, 25, 1, 8.47%, 0, 10, 2, 0.45, 471, 168
675, 0, 0, 25, 25, 1, 8.47%, 0, 10, 2, 0.43, 473, 168
685, 0, 0, 26, 26, 1, 8.47%, 0, 10, 2, 0.20, 491, 168
696, 0, 0, 26, 26, 1, 8.47%, 0, 10, 2, 0.20, 494, 168
706, 0, 0, 26, 26, 1, 8.47%, 0, 10, 2, 0.20, 496, 168
716, 0, 0, 26, 26, 1, 8.47%, 0, 10, 2, 0.20, 497, 168
726, 0, 0, 26, 26, 1, 8.47%, 0, 11, 2, 0.20, 504, 168
736, 0, 0, 26, 26, 1, 8.47%, 0, 11, 2, 0.22, 509, 168
747, 0, 0, 27, 27, 1, 8.52%, 0, 11, 2, 0.10, 521, 169
757, 0, 0, 27, 27, 1, 8.52%, 0, 11, 2, 0.11, 524, 169
767, 0, 0, 27, 27, 1, 8.52%, 0, 11, 2, 0.12, 527, 169
777, 0, 0, 27, 27, 1, 8.52%, 0, 11, 2, 0.13, 529, 169
787, 0, 0, 27, 27, 1, 8.52%, 0, 11, 2, 0.14, 532, 169
797, 0, 0, 27, 27, 1, 8.52%, 0, 11, 2, 0.14, 533, 169
807, 0, 0, 27, 27, 1, 8.52%, 0, 11, 2, 0.13, 534, 169
817, 0, 0, 27, 27, 1, 8.52%, 0, 11, 2, 0.14, 537, 169
827, 0, 0, 27, 27, 1, 8.52%, 0, 11, 2, 0.17, 543, 169
838, 0, 0, 28, 28, 1, 8.52%, 0, 11, 2, 0.20, 561, 169
848, 0, 0, 28, 28, 1, 8.52%, 0, 11, 2, 0.19, 562, 169
858, 0, 0, 28, 28, 1, 8.52%, 0, 11, 2, 0.20, 565, 169
868, 0, 0, 28, 28, 1, 8.52%, 0, 11, 2, 0.20, 567, 169
878, 0, 0, 28, 28, 1, 8.52%, 0, 11, 2, 0.21, 570, 169
888, 0, 0, 28, 28, 1, 8.52%, 0, 11, 2, 0.20, 571, 169
898, 0, 0, 28, 28, 1, 8.52%, 0, 11, 2, 0.20, 574, 169
908, 0, 0, 28, 28, 1, 8.52%, 0, 11, 2, 0.20, 575, 169
919, 0, 0, 29, 29, 1, 8.52%, 0, 11, 2, 0.30, 592, 169
929, 0, 0, 30, 30, 1, 8.52%, 0, 11, 2, 0.59, 615, 169
939, 0, 0, 30, 30, 1, 8.52%, 0, 11, 2, 0.10, 616, 169
949, 0, 0, 30, 30, 1, 8.52%, 0, 11, 2, 0.10, 617, 169
960, 0, 0, 30, 30, 1, 8.52%, 0, 11, 2, 0.12, 622, 169
970, 0, 0, 30, 30, 1, 8.52%, 0, 11, 2, 0.13, 624, 169
980, 0, 0, 30, 30, 1, 8.52%, 0, 11, 2, 0.13, 626, 169
990, 0, 0, 30, 30, 1, 8.52%, 0, 11, 2, 0.16, 632, 169
1000, 0, 0, 30, 30, 1, 8.52%, 0, 11, 2, 0.17, 635, 169
1010, 0, 0, 30, 30, 1, 8.52%, 0, 11, 2, 0.17, 636, 169
1020, 0, 0, 30, 30, 1, 8.52%, 0, 11, 2, 0.17, 638, 169
1030, 0, 0, 30, 30, 1, 8.52%, 0, 11, 2, 0.19, 643, 169
1041, 0, 0, 32, 32, 1, 8.52%, 0, 11, 2, 0.10, 671, 169
1054, 0, 0, 34, 34, 1, 8.52%, 0, 11, 2, 0.20, 750, 169
1064, 0, 0, 35, 35, 1, 8.57%, 0, 11, 2, 0.10, 777, 170
1074, 0, 0, 35, 35, 1, 8.57%, 0, 11, 2, 0.11, 780, 170
1085, 0, 0, 36, 36, 1, 8.57%, 0, 11, 2, 0.69, 806, 170
1095, 0, 0, 36, 36, 1, 8.57%, 0, 11, 2, 0.10, 815, 170
1106, 0, 0, 36, 36, 1, 8.57%, 0, 11, 2, 0.10, 837, 170
1119, 0, 0, 38, 38, 1, 8.57%, 0, 11, 2, 0.40, 940, 170
1130, 0, 0, 40, 40, 1, 8.67%, 0, 11, 2, 0.10, 966, 172
1142, 0, 0, 41, 41, 1, 8.67%, 0, 11, 2, 0.59, 1018, 172
1152, 0, 0, 41, 41, 1, 8.67%, 0, 11, 2, 0.30, 1045, 172
1163, 0, 0, 41, 41, 1, 8.67%, 0, 11, 2, 0.39, 1056, 172
1173, 0, 0, 41, 41, 1, 8.67%, 0, 11, 2, 0.10, 1064, 172
1183, 0, 0, 41, 41, 1, 8.67%, 0, 11, 2, 0.59, 1070, 172
1194, 0, 0, 41, 41, 1, 8.67%, 0, 11, 2, 0.49, 1082, 172
1206, 0, 0, 42, 42, 1, 8.67%, 0, 11, 2, 0.49, 1137, 172
1216, 0, 0, 42, 42, 1, 8.67%, 0, 11, 2, 0.47, 1139, 172
1227, 0, 0, 42, 42, 1, 8.67%, 0, 11, 2, 0.39, 1193, 172
1237, 0, 0, 42, 42, 1, 8.67%, 0, 11, 2, 0.39, 1196, 172
1248, 0, 0, 42, 42, 1, 8.67%, 0, 11, 2, 0.30, 1237, 172
1259, 0, 0, 42, 42, 1, 8.67%, 0, 11, 2, 0.59, 1259, 172
1270, 0, 0, 42, 42, 1, 8.67%, 0, 11, 2, 0.39, 1277, 172
1282, 0, 0, 42, 42, 1, 8.67%, 0, 11, 2, 0.59, 1343, 172
1294, 0, 0, 42, 42, 1, 8.67%, 0, 11, 2, 0.30, 1423, 172
1306, 0, 0, 43, 43, 1, 8.67%, 0, 11, 2, 0.40, 1495, 172
1317, 0, 0, 44, 44, 1, 8.67%, 0, 11, 2, 0.40, 1525, 172
1329, 0, 0, 45, 45, 1, 8.72%, 0, 11, 2, 0.20, 1580, 173
1339, 0, 0, 45, 45, 1, 8.72%, 0, 11, 2, 0.20, 1588, 173
1350, 0, 0, 45, 45, 1, 8.72%, 0, 11, 2, 0.20, 1596, 173
1360, 0, 0, 45, 45, 1, 8.72%, 0, 11, 2, 0.30, 1611, 173
1372, 0, 0, 45, 45, 1, 8.72%, 0, 11, 2, 0.40, 1660, 173
1382, 0, 0, 45, 45, 1, 8.72%, 0, 11, 2, 0.49, 1672, 173
1393, 0, 0, 45, 45, 1, 8.72%, 0, 11, 2, 0.68, 1693, 173
1404, 0, 0, 45, 45, 1, 8.72%, 0, 11, 2, 0.10, 1722, 173
1414, 0, 0, 45, 45, 1, 8.72%, 0, 11, 2, 0.11, 1724, 173
1424, 0, 0, 45, 45, 1, 8.72%, 0, 11, 2, 0.69, 1731, 173
1435, 0, 0, 45, 45, 1, 8.72%, 0, 11, 2, 0.10, 1754, 173
1445, 0, 0, 45, 45, 1, 8.72%, 0, 11, 2, 0.49, 1778, 173
1457, 0, 0, 45, 45, 1, 8.72%, 0, 11, 2, 0.78, 1810, 173
1467, 0, 0, 45, 45, 1, 8.72%, 0, 11, 2, 0.30, 1827, 173
1477, 0, 0, 45, 45, 1, 8.72%, 0, 11, 2, 0.30, 1830, 173
1487, 0, 0, 45, 45, 1, 8.72%, 0, 11, 2, 0.30, 1840, 173
1499, 0, 0, 45, 45, 1, 8.72%, 0, 11, 2, 0.30, 1873, 173
1509, 0, 0, 45, 45, 1, 8.72%, 0, 11, 2, 0.30, 1887, 173
1521, 0, 0, 45, 45, 1, 8.72%, 0, 11, 2, 0.68, 1938, 173
1531, 0, 0, 45, 45, 1, 8.72%, 0, 11, 2, 0.10, 1946, 173
1542, 0, 0, 45, 45, 1, 8.72%, 0, 11, 2, 0.59, 1959, 173
1552, 0, 0, 45, 45, 1, 8.72%, 0, 11, 2, 0.40, 1970, 173
1563, 0, 0, 45, 45, 1, 8.72%, 0, 11, 2, 0.59, 2000, 173
1573, 0, 0, 45, 45, 1, 8.72%, 0, 11, 2, 0.58, 2005, 173
1583, 0, 0, 45, 45, 1, 8.72%, 0, 11, 2, 0.58, 2011, 173
1594, 0, 0, 45, 45, 1, 8.72%, 0, 11, 2, 0.49, 2032, 173
1604, 0, 0, 45, 45, 1, 8.72%, 0, 11, 2, 0.30, 2042, 173
1615, 0, 0, 45, 45, 1, 8.72%, 0, 11, 2, 0.39, 2089, 173
1626, 0, 0, 45, 45, 1, 8.72%, 0, 11, 2, 0.68, 2118, 173
1636, 0, 0, 45, 45, 1, 8.72%, 0, 11, 2, 0.10, 2119, 173
1646, 0, 0, 45, 45, 1, 8.72%, 0, 11, 2, 0.10, 2127, 173
1657, 0, 0, 45, 45, 1, 8.72%, 0, 11, 2, 0.40, 2146, 173
1668, 0, 0, 45, 45, 1, 8.72%, 0, 11, 2, 0.68, 2180, 173
1678, 0, 0, 45, 45, 1, 8.72%, 0, 11, 2, 0.66, 2184, 173
1690, 0, 0, 45, 45, 1, 8.72%, 0, 11, 2, 0.39, 2226, 173
1702, 0, 0, 45, 45, 1, 8.72%, 0, 11, 2, 0.20, 2292, 173
1713, 0, 0, 45, 45, 1, 8.72%, 0, 11, 2, 0.10, 2350, 173
1724, 0, 0, 45, 45, 1, 8.72%, 0, 11, 2, 0.30, 2376, 173
1735, 0, 0, 46, 46, 1, 8.72%, 0, 11, 2, 0.59, 2405, 173
1746, 0, 0, 46, 46, 1, 8.72%, 0, 11, 2, 0.40, 2423, 173
1757, 0, 0, 46, 46, 1, 8.72%, 0, 11, 2, 0.30, 2457, 173
1767, 0, 0, 46, 46, 1, 8.72%, 0, 11, 2, 0.32, 2464, 173
1777, 0, 0, 46, 46, 1, 8.72%, 0, 11, 2, 0.33, 2469, 173
1787, 0, 0, 46, 46, 1, 8.72%, 0, 11, 2, 0.39, 2487, 173
1798, 0, 0, 46, 46, 1, 8.72%, 0, 11, 2, 0.39, 2490, 173
1808, 0, 0, 46, 46, 1, 8.72%, 0, 11, 2, 0.40, 2495, 173
1818, 0, 0, 46, 46, 1, 8.72%, 0, 11, 2, 0.40, 2500, 173
1828, 0, 0, 46, 46, 1, 8.72%, 0, 11, 2, 0.10, 2508, 173
1838, 0, 0, 46, 46, 1, 8.72%, 0, 11, 2, 0.11, 2511, 173
1849, 0, 0, 46, 46, 1, 8.72%, 0, 11, 2, 0.40, 2529, 173
1860, 0, 0, 46, 46, 1, 8.72%, 0, 11, 2, 0.68, 2565, 173
1870, 0, 0, 46, 46, 1, 8.72%, 0, 12, 2, 0.59, 2579, 173
1881, 0, 0, 46, 46, 1, 8.72%, 0, 12, 2, 0.30, 2617, 173
1892, 0, 0, 46, 46, 1, 8.72%, 0, 12, 2, 0.10, 2640, 173
1903, 0, 0, 47, 47, 1, 8.77%, 0, 12, 2, 0.59, 2657, 174
1913, 0, 0, 47, 47, 1, 8.77%, 0, 12, 2, 0.58, 2662, 174
1924, 0, 0, 47, 47, 1, 8.77%, 0, 12, 2, 0.49, 2698, 174
1935, 0, 0, 47, 47, 1, 8.77%, 0, 12, 2, 0.69, 2712, 174
1945, 0, 0, 47, 47, 1, 8.77%, 0, 12, 2, 0.59, 2737, 174
1956, 0, 0, 47, 47, 1, 8.77%, 0, 12, 2, 0.58, 2742, 174
1966, 0, 0, 47, 47, 1, 8.77%, 0, 12, 2, 0.10, 2743, 174
1977, 0, 0, 47, 47, 1, 8.77%, 0, 12, 2, 0.29, 2764, 174
1987, 0, 0, 47, 47, 1, 8.77%, 0, 12, 2, 0.39, 2781, 174
1997, 0, 0, 47, 47, 1, 8.77%, 0, 12, 2, 0.40, 2786, 174
2008, 0, 0, 47, 47, 1, 8.77%, 0, 12, 2, 0.10, 2795, 174
2018, 0, 0, 47, 47, 1, 8.77%, 0, 12, 2, 0.30, 2806, 174
2028, 0, 0, 47, 47, 1, 8.77%, 0, 12, 2, 0.32, 2812, 174
2038, 0, 0, 47, 47, 1, 8.77%, 0, 12, 2, 0.34, 2819, 174
2048, 0, 0, 47, 47, 1, 8.77%, 0, 12, 2, 0.34, 2823, 174
2060, 0, 0, 48, 48, 1, 8.77%, 0, 12, 2, 0.59, 2867, 174
2070, 0, 0, 48, 48, 1, 8.77%, 0, 12, 2, 0.40, 2893, 174
2081, 0, 0, 48, 48, 1, 8.77%, 0, 12, 2, 0.20, 2901, 174
2092, 0, 0, 48, 48, 1, 8.77%, 0, 12, 2, 0.10, 2930, 174
2102, 0, 0, 48, 48, 1, 8.77%, 0, 12, 2, 0.11, 2932, 174
2113, 0, 0, 48, 48, 1, 8.77%, 0, 12, 2, 0.59, 2983, 174
2123, 0, 0, 48, 48, 1, 8.77%, 0, 12, 2, 0.59, 2990, 174
2135, 0, 0, 48, 48, 1, 8.77%, 0, 12, 2, 0.49, 3025, 174
2145, 0, 0, 48, 48, 1, 8.77%, 0, 12, 2, 0.49, 3037, 174
2155, 0, 0, 48, 48, 1, 8.77%, 0, 12, 2, 0.69, 3052, 174
2166, 0, 0, 48, 48, 1, 8.77%, 0, 12, 2, 0.68, 3058, 174
2176, 0, 0, 48, 48, 1, 8.77%, 0, 12, 2, 0.20, 3072, 174
2188, 0, 0, 48, 48, 1, 8.77%, 0, 12, 2, 0.20, 3139, 174
2198, 0, 0, 48, 48, 1, 8.77%, 0, 12, 2, 0.22, 3145, 174
2209, 0, 0, 48, 48, 1, 8.77%, 0, 12, 2, 0.23, 3148, 174
2219, 0, 0, 48, 48, 1, 8.77%, 0, 12, 2, 0.10, 3161, 174
2229, 0, 0, 48, 48, 1, 8.77%, 0, 12, 2, 0.12, 3165, 174
2240, 0, 0, 48, 48, 1, 8.77%, 0, 12, 2, 0.59, 3179, 174
2250, 0, 0, 48, 48, 1, 8.77%, 0, 12, 2, 0.57, 3182, 174
2260, 0, 0, 48, 48, 1, 8.77%, 0, 12, 2, 0.10, 3183, 174
2270, 0, 0, 48, 48, 1, 8.77%, 0, 12, 2, 0.10, 3204, 174
2282, 0, 0, 48, 48, 1, 8.77%, 0, 12, 2, 0.20, 3243, 174
2293, 0, 0, 48, 48, 1, 8.77%, 0, 12, 2, 0.30, 3290, 174
2303, 0, 0, 48, 48, 1, 8.77%, 0, 12, 2, 0.33, 3298, 174
2313, 0, 0, 48, 48, 1, 8.77%, 0, 12, 2, 0.31, 3299, 174
2325, 0, 0, 49, 49, 1, 8.82%, 0, 12, 2, 0.20, 3368, 175
2336, 0, 0, 49, 49, 1, 8.82%, 0, 12, 2, 0.20, 3393, 175
2347, 0, 0, 49, 49, 1, 8.82%, 0, 12, 2, 0.40, 3421, 175
2357, 0, 0, 49, 49, 1, 8.82%, 0, 12, 2, 0.49, 3433, 175
2368, 0, 0, 49, 49, 1, 8.82%, 0, 12, 2, 0.20, 3442, 175
2378, 0, 0, 49, 49, 1, 8.82%, 0, 12, 2, 0.49, 3469, 175
2389, 0, 0, 49, 49, 1, 8.82%, 0, 12, 2, 0.59, 3483, 175
2400, 0, 0, 49, 49, 1, 8.82%, 0, 12, 2, 0.29, 3499, 175
2410, 0, 0, 49, 49, 1, 8.82%, 0, 12, 2, 0.78, 3515, 175
2421, 0, 0, 49, 49, 1, 8.82%, 0, 12, 2, 0.30, 3554, 175
2433, 0, 0, 49, 49, 1, 8.82%, 0, 12, 2, 0.39, 3604, 175
2443, 0, 0, 49, 49, 1, 8.82%, 0, 13, 2, 0.38, 3606, 175
2453, 0, 0, 49, 49, 1, 8.82%, 0, 13, 2, 0.39, 3611, 175
2463, 0, 0, 49, 49, 1, 8.82%, 0, 13, 2, 0.59, 3633, 175
2474, 0, 0, 49, 49, 1, 8.82%, 0, 13, 2, 0.49, 3654, 175
2485, 0, 0, 49, 49, 1, 8.82%, 0, 13, 2, 0.20, 3699, 175
2497, 0, 0, 50, 50, 1, 8.82%, 0, 13, 2, 0.49, 3761, 175
2507, 0, 0, 50, 50, 1, 8.82%, 0, 13, 2, 0.47, 3762, 175
2518, 0, 0, 50, 50, 1, 8.82%, 0, 13, 2, 0.59, 3775, 175
2530, 0, 0, 51, 51, 1, 8.82%, 0, 13, 2, 0.20, 3854, 175
2541, 0, 0, 51, 51, 1, 8.82%, 0, 13, 2, 0.10, 3862, 175
2551, 0, 0, 51, 51, 1, 8.82%, 0, 13, 2, 0.20, 3872, 175
2561, 0, 0, 51, 51, 1, 8.82%, 0, 13, 2, 0.20, 3890, 175
2573, 0, 0, 51, 51, 1, 8.82%, 0, 13, 2, 0.59, 3954, 175
2584, 0, 0, 51, 51, 1, 8.82%, 0, 13, 2, 0.40, 3971, 175
2594, 0, 0, 51, 51, 1, 8.82%, 0, 13, 2, 0.38, 3972, 175
2604, 0, 0, 51, 51, 1, 8.82%, 0, 13, 2, 0.37, 3974, 175
2614, 0, 0, 51, 51, 1, 8.82%, 0, 13, 2, 0.49, 3994, 175
2625, 0, 0, 51, 51, 1, 8.82%, 0, 13, 2, 0.20, 4004, 175
2636, 0, 0, 51, 51, 1, 8.82%, 0, 13, 2, 0.20, 4047, 175
2646, 0, 0, 51, 51, 1, 8.82%, 0, 13, 2, 0.20, 4049, 175
2658, 0, 0, 51, 51, 1, 8.82%, 0, 13, 2, 0.49, 4092, 175
2668, 0, 0, 51, 51, 1, 8.82%, 0, 13, 2, 0.20, 4101, 175
2678, 0, 0, 51, 51, 1, 8.82%, 0, 13, 2, 0.59, 4120, 175
2689, 0, 0, 51, 51, 1, 8.82%, 0, 13, 2, 0.57, 4123, 175
2699, 0, 0, 51, 51, 1, 8.82%, 0, 13, 2, 0.59, 4143, 175
2710, 0, 0, 51, 51, 1, 8.82%, 0, 13, 2, 0.40, 4162, 175
2720, 0, 0, 51, 51, 1, 8.82%, 0, 13, 2, 0.39, 4165, 175
2730, 0, 0, 51, 51, 1, 8.82%, 0, 13, 2, 0.38, 4168, 175
2741, 0, 0, 51, 51, 1, 8.82%, 0, 13, 2, 0.40, 4196, 175
2751, 0, 0, 51, 51, 1, 8.82%, 0, 13, 2, 0.69, 4211, 175
2761, 0, 0, 51, 51, 1, 8.82%, 0, 13, 2, 0.66, 4214, 175
2772, 0, 0, 51, 51, 1, 8.82%, 0, 13, 2, 0.30, 4247, 175
2783, 0, 0, 51, 51, 1, 8.82%, 0, 13, 2, 0.10, 4263, 175
2793, 0, 0, 51, 51, 1, 8.82%, 0, 13, 2, 0.12, 4267, 175
2803, 0, 0, 51, 51, 1, 8.82%, 0, 13, 2, 0.13, 4270, 175
2813, 0, 0, 51, 51, 1, 8.82%, 0, 13, 2, 0.69, 4285, 175
2824, 0, 0, 51, 51, 1, 8.82%, 0, 13, 2, 0.69, 4300, 175
2834, 0, 0, 51, 51, 1, 8.82%, 0, 13, 2, 0.20, 4323, 175
2845, 0, 0, 51, 51, 1, 8.82%, 0, 13, 2, 0.68, 4336, 175
2856, 0, 0, 51, 51, 1, 8.82%, 0, 13, 2, 0.20, 4354, 175
2866, 0, 0, 51, 51, 1, 8.82%, 0, 13, 2, 0.19, 4355, 175
2876, 0, 0, 51, 51, 1, 8.82%, 0, 13, 2, 0.22, 4362, 175
2886, 0, 0, 51, 51, 1, 8.82%, 0, 14, 2, 0.25, 4369, 175
2897, 0, 0, 51, 51, 1, 8.82%, 0, 14, 2, 0.20, 4401, 175
2907, 0, 0, 51, 51, 1, 8.82%, 0, 14, 2, 0.19, 4402, 175
2917, 0, 0, 51, 51, 1, 8.82%, 0, 14, 2, 0.19, 4404, 175
2928, 0, 0, 51, 51, 1, 8.82%, 0, 14, 2, 0.20, 4427, 175
2939, 0, 0, 51, 51, 1, 8.82%, 0, 14, 2, 0.30, 4466, 175
2951, 0, 0, 51, 51, 1, 8.82%, 0, 14, 2, 0.20, 4509, 175
2961, 0, 0, 51, 51, 1, 8.82%, 0, 14, 2, 0.69, 4532, 175
2971, 0, 0, 51, 51, 1, 8.82%, 0, 14, 2, 0.20, 4538, 175
2983, 0, 0, 51, 51, 1, 8.82%, 0, 14, 2, 0.20, 4592, 175
2994, 0, 0, 51, 51, 1, 8.82%, 0, 14, 2, 0.20, 4601, 175
2999, 0, 0, 51, 51, 1, 8.82%, 0, 14, 2, 0.20, 4602, 175
3009, 0, 0, 51, 51, 1, 8.82%, 0, 14, 2, 0.20, 4604, 175
3019, 0, 0, 51, 51, 1, 8.82%, 0, 14, 2, 0.10, 4626, 175
3031, 0, 0, 51, 51, 1, 8.82%, 0, 14, 2, 0.49, 4677, 175
3041, 0, 0, 51, 51, 1, 8.82%, 0, 14, 2, 0.30, 4695, 175
3052, 0, 0, 51, 51, 1, 8.82%, 0, 14, 2, 0.32, 4702, 175
3062, 0, 0, 51, 51, 1, 8.82%, 0, 14, 2, 0.10, 4707, 175
3072, 0, 0, 51, 51, 1, 8.82%, 0, 14, 2, 0.39, 4713, 175
3083, 0, 0, 51, 51, 1, 8.82%, 0, 14, 2, 0.20, 4731, 175
3094, 0, 0, 51, 51, 1, 8.82%, 0, 14, 2, 0.69, 4759, 175
3106, 0, 0, 51, 51, 1, 8.82%, 0, 14, 2, 0.39, 4815, 175
3117, 0, 0, 51, 51, 1, 8.82%, 0, 14, 2, 0.30, 4844, 175
3127, 0, 0, 51, 51, 1, 8.82%, 0, 14, 2, 0.20, 4874, 175
3139, 0, 0, 51, 51, 1, 8.82%, 0, 14, 2, 0.40, 4920, 175
3149, 0, 0, 51, 51, 1, 8.82%, 0, 14, 2, 0.39, 4923, 175
3162, 0, 0, 51, 51, 1, 8.82%, 0, 14, 2, 0.69, 5003, 175
3172, 0, 0, 51, 51, 1, 8.82%, 0, 14, 2, 0.10, 5004, 175
3182, 0, 0, 51, 51, 1, 8.82%, 0, 14, 2, 0.10, 5017, 175
3193, 0, 0, 51, 51, 1, 8.82%, 0, 14, 2, 0.68, 5030, 175
3203, 0, 0, 51, 51, 1, 8.82%, 0, 14, 2, 0.30, 5047, 175
3213, 0, 0, 52, 52, 1, 8.87%, 0, 14, 2, 0.30, 5058, 176
3224, 0, 0, 52, 52, 1, 8.87%, 0, 14, 2, 0.10, 5074, 176
3235, 0, 0, 52, 52, 1, 8.87%, 0, 14, 2, 0.49, 5121, 176
3246, 0, 0, 52, 52, 1, 8.87%, 0, 14, 2, 0.49, 5156, 176
3257, 0, 0, 52, 52, 1, 8.87%, 0, 14, 2, 0.30, 5185, 176
3268, 0, 0, 52, 52, 1, 8.87%, 0, 14, 2, 0.10, 5193, 176
3279, 0, 0, 52, 52, 1, 8.87%, 0, 14, 2, 0.59, 5241, 176
3290, 0, 0, 52, 52, 1, 8.87%, 0, 14, 2, 0.39, 5265, 176
3301, 0, 0, 52, 52, 1, 8.87%, 0, 14, 2, 0.49, 5295, 176
3311, 0, 0, 52, 52, 1, 8.87%, 0, 14, 2, 0.47, 5297, 176
3321, 0, 0, 52, 52, 1, 8.87%, 0, 14, 2, 0.47, 5302, 176
3331, 0, 0, 52, 52, 1, 8.87%, 0, 14, 2, 0.59, 5313, 176
3342, 0, 0, 52, 52, 1, 8.87%, 0, 14, 2, 0.78, 5328, 176
3353, 0, 0, 52, 52, 1, 8.87%, 0, 14, 2, 0.10, 5379, 176
3364, 0, 0, 52, 52, 1, 8.87%, 0, 14, 2, 0.20, 5389, 176
3374, 0, 0, 52, 52, 1, 8.87%, 0, 14, 2, 0.49, 5413, 176
3380, 0, 0, 52, 52, 1, 8.87%, 0, 14, 2, 0.47, 5414, 176
3390, 0, 0, 52, 52, 1, 8.87%, 0, 14, 2, 0.49, 5427, 176
3400, 0, 0, 52, 52, 1, 8.87%, 0, 14, 2, 0.59, 5441, 176
3411, 0, 0, 52, 52, 1, 8.87%, 0, 14, 2, 0.40, 5453, 176
3421, 0, 0, 52, 52, 1, 8.87%, 0, 14, 2, 0.39, 5456, 176
3431, 0, 0, 52, 52, 1, 8.87%, 0, 14, 2, 0.20, 5465, 176
3444, 0, 0, 52, 52, 1, 8.87%, 0, 14, 2, 0.20, 5552, 176
3454, 0, 0, 52, 52, 1, 8.87%, 0, 14, 2, 0.30, 5563, 176
3465, 0, 0, 52, 52, 1, 8.87%, 0, 14, 2, 0.30, 5578, 176
3476, 0, 0, 52, 52, 1, 8.87%, 0, 14, 2, 0.20, 5606, 176
3486, 0, 0, 52, 52, 1, 8.87%, 0, 14, 2, 0.40, 5629, 176
3498, 0, 0, 52, 52, 1, 8.87%, 0, 14, 2, 0.20, 5696, 176
3508, 0, 0, 52, 52, 1, 8.87%, 0, 14, 2, 0.22, 5701, 176
3519, 0, 0, 52, 52, 1, 8.87%, 0, 14, 2, 0.40, 5727, 176
3531, 0, 0, 52, 52, 1, 8.87%, 0, 14, 2, 0.20, 5770, 176
3542, 0, 0, 52, 52, 1, 8.87%, 0, 14, 2, 0.39, 5810, 176
3554, 0, 0, 52, 52, 1, 8.87%, 0, 14, 2, 0.10, 5878, 176
3565, 0, 0, 52, 52, 1, 8.87%, 0, 14, 2, 0.39, 5894, 176
3575, 0, 0, 52, 52, 1, 8.87%, 0, 14, 2, 0.30, 5913, 176
3586, 0, 0, 52, 52, 1, 8.87%, 0, 14, 2, 0.30, 5951, 176
3597, 0, 0, 52, 52, 1, 8.87%, 0, 14, 2, 0.10, 5972, 176
3607, 0, 0, 52, 52, 1, 8.87%, 0, 14, 2, 0.68, 5979, 176
3618, 0, 0, 52, 52, 1, 8.87%, 0, 14, 2, 0.68, 5993, 176
3628, 0, 0, 52, 52, 1, 8.87%, 0, 14, 2, 0.65, 5995, 176
3639, 0, 0, 52, 52, 1, 8.87%, 0, 14, 2, 0.39, 6034, 176
3650, 0, 0, 52, 52, 1, 8.87%, 0, 14, 2, 0.39, 6076, 176
3662, 0, 0, 52, 52, 1, 8.87%, 0, 14, 2, 0.30, 6129, 176
3672, 0, 0, 52, 52, 1, 8.87%, 0, 14, 2, 0.49, 6148, 176
3683, 0, 0, 52, 52, 1, 8.87%, 0, 15, 2, 0.49, 6161, 176
3694, 0, 0, 52, 52, 1, 8.87%, 0, 15, 2, 0.40, 6185, 176
3705, 0, 0, 52, 52, 1, 8.87%, 0, 15, 2, 0.78, 6243, 176
3716, 0, 0, 52, 52, 1, 8.87%, 0, 16, 2, 0.69, 6266, 176
3726, 0, 0, 52, 52, 1, 8.87%, 0, 16, 2, 0.67, 6270, 176
3736, 0, 0, 52, 52, 1, 8.87%, 0, 16, 2, 0.30, 6281, 176
3747, 0, 0, 52, 52, 1, 8.87%, 0, 16, 2, 0.39, 6300, 176
3757, 0, 0, 52, 52, 1, 8.87%, 0, 16, 2, 0.39, 6303, 176
3768, 0, 0, 52, 52, 1, 8.87%, 0, 16, 2, 0.40, 6344, 176
3778, 0, 0, 52, 52, 1, 8.87%, 0, 16, 2, 0.38, 6346, 176
3789, 0, 0, 52, 52, 1, 8.87%, 0, 16, 2, 0.40, 6353, 176
3799, 0, 0, 52, 52, 1, 8.87%, 0, 16, 2, 0.10, 6374, 176
3810, 0, 0, 52, 52, 1, 8.87%, 0, 16, 2, 0.10, 6375, 176
3820, 0, 0, 52, 52, 1, 8.87%, 0, 16, 2, 0.30, 6408, 176
3831, 0, 0, 52, 52, 1, 8.87%, 0, 16, 2, 0.49, 6436, 176
3841, 0, 0, 52, 52, 1, 8.87%, 0, 16, 2, 0.48, 6439, 176
3852, 0, 0, 52, 52, 1, 8.87%, 0, 16, 2, 0.49, 6445, 176
3862, 0, 0, 52, 52, 1, 8.87%, 0, 16, 2, 0.10, 6460, 176
3873, 0, 0, 52, 52, 1, 8.87%, 0, 16, 2, 0.59, 6502, 176
3884, 0, 0, 52, 52, 1, 8.87%, 0, 16, 2, 0.39, 6512, 176
3894, 0, 0, 52, 52, 1, 8.87%, 0, 16, 2, 0.10, 6520, 176
3904, 0, 0, 52, 52, 1, 8.87%, 0, 16, 2, 0.30, 6530, 176
3915, 0, 0, 52, 52, 1, 8.87%, 0, 16, 2, 0.30, 6540, 176
3926, 0, 0, 52, 52, 1, 8.87%, 0, 16, 2, 0.59, 6568, 176
3936, 0, 0, 52, 52, 1, 8.87%, 0, 16, 2, 0.57, 6571, 176
3947, 0, 0, 52, 52, 1, 8.87%, 0, 16, 2, 0.10, 6620, 176
3958, 0, 0, 52, 52, 1, 8.87%, 0, 16, 2, 0.40, 6632, 176
3968, 0, 0, 52, 52, 1, 8.87%, 0, 16, 2, 0.38, 6634, 176
3978, 0, 0, 52, 52, 1, 8.87%, 0, 16, 2, 0.49, 6643, 176
3988, 0, 0, 52, 52, 1, 8.87%, 0, 16, 2, 0.47, 6644, 176
3998, 0, 0, 52, 52, 1, 8.87%, 0, 16, 2, 0.48, 6651, 176
4010, 0, 0, 53, 53, 1, 8.87%, 0, 16, 2, 0.59, 6690, 176
4020, 0, 0, 53, 53, 1, 8.87%, 0, 16, 2, 0.59, 6709, 176
4031, 0, 0, 53, 53, 1, 8.87%, 0, 16, 2, 0.39, 6745, 176
4042, 0, 0, 53, 53, 1, 8.87%, 0, 16, 2, 0.40, 6756, 176
4052, 0, 0, 53, 53, 1, 8.87%, 0, 16, 2, 0.41, 6763, 176
4062, 0, 0, 53, 53, 1, 8.87%, 0, 16, 2, 0.40, 6765, 176
4072, 0, 0, 53, 53, 1, 8.87%, 0, 16, 2, 0.30, 6784, 176
4083, 0, 0, 53, 53, 1, 8.87%, 0, 16, 2, 0.30, 6787, 176
4093, 0, 0, 53, 53, 1, 8.87%, 0, 16, 2, 0.69, 6814, 176
4105, 0, 0, 53, 53, 1, 8.87%, 0, 16, 2, 0.49, 6862, 176
4115, 0, 0, 53, 53, 1, 8.87%, 0, 16, 2, 0.69, 6876, 176
4125, 0, 0, 53, 53, 1, 8.87%, 0, 16, 2, 0.20, 6884, 176
4136, 0, 0, 53, 53, 1, 8.87%, 0, 16, 2, 0.22, 6889, 176
4148, 0, 0, 53, 53, 1, 8.87%, 0, 16, 2, 0.49, 6949, 176
4158, 0, 0, 53, 53, 1, 8.87%, 0, 16, 2, 0.48, 6952, 176
4168, 0, 0, 53, 53, 1, 8.87%, 0, 16, 2, 0.20, 6966, 176
4181, 0, 0, 53, 53, 1, 8.87%, 0, 16, 2, 0.78, 7050, 176
4186, 0, 0, 53, 53, 1, 8.87%, 0, 16, 2, 0.75, 7051, 176
4196, 0, 0, 53, 53, 1, 8.87%, 0, 16, 2, 0.74, 7058, 176
4207, 0, 0, 53, 53, 1, 8.87%, 0, 16, 2, 0.20, 7082, 176
4217, 0, 0, 53, 53, 1, 8.87%, 0, 16, 2, 0.20, 7084, 176
4228, 0, 0, 53, 53, 1, 8.87%, 0, 16, 2, 0.20, 7116, 176
4238, 0, 0, 53, 53, 1, 8.87%, 0, 16, 2, 0.20, 7118, 176
4248, 0, 0, 53, 53, 1, 8.87%, 0, 16, 2, 0.22, 7123, 176
4259, 0, 0, 54, 54, 1, 8.92%, 0, 16, 2, 0.10, 7142, 177
4269, 0, 0, 54, 54, 1, 8.92%, 0, 16, 2, 0.10, 7143, 177
4279, 0, 0, 54, 54, 1, 8.92%, 0, 16, 2, 0.10, 7144, 177
4289, 0, 0, 54, 54, 1, 8.92%, 0, 16, 2, 0.11, 7147, 177
4300, 0, 0, 54, 54, 1, 8.92%, 0, 16, 2, 0.20, 7185, 177
4310, 0, 0, 54, 54, 1, 8.92%, 0, 16, 2, 0.19, 7186, 177
4320, 0, 0, 54, 54, 1, 8.92%, 0, 16, 2, 0.20, 7189, 177
4331, 0, 0, 54, 54, 1, 8.92%, 0, 16, 2, 0.39, 7211, 177
4342, 0, 0, 54, 54, 1, 8.92%, 0, 16, 2, 0.69, 7238, 177
4352, 0, 0, 54, 54, 1, 8.92%, 0, 16, 2, 0.66, 7241, 177
4362, 0, 0, 54, 54, 1, 8.92%, 0, 16, 2, 0.10, 7242, 177
4376, 0, 0, 54, 54, 1, 8.92%, 0, 16, 2, 0.78, 7368, 177
4386, 0, 0, 54, 54, 1, 8.92%, 0, 16, 2, 0.78, 7375, 177
4396, 0, 0, 54, 54, 1, 8.92%, 0, 16, 2, 0.76, 7380, 177
4406, 0, 0, 54, 54, 1, 8.92%, 0, 16, 2, 0.10, 7386, 177
4418, 0, 0, 54, 54, 1, 8.92%, 0, 16, 2, 0.30, 7440, 177
4429, 0, 0, 54, 54, 1, 8.92%, 0, 16, 2, 0.59, 7458, 177
4440, 0, 0, 54, 54, 1, 8.92%, 0, 16, 2, 0.20, 7516, 177
4452, 0, 0, 55, 55, 1, 8.97%, 0, 16, 2, 0.20, 7573, 178
4462, 0, 0, 55, 55, 1, 8.97%, 0, 16, 2, 0.20, 7575, 178
4472, 0, 0, 55, 55, 1, 8.97%, 0, 16, 2, 0.20, 7585, 178
4483, 0, 0, 55, 55, 1, 8.97%, 0, 16, 2, 0.49, 7597, 178
4493, 0, 0, 55, 55, 1, 8.97%, 0, 16, 2, 0.40, 7617, 178
4503, 0, 0, 55, 55, 1, 8.97%, 0, 16, 2, 0.38, 7619, 178
4514, 0, 0, 55, 55, 1, 8.97%, 0, 16, 2, 0.30, 7636, 178
4525, 0, 0, 55, 55, 1, 8.97%, 0, 16, 2, 0.49, 7676, 178
4537, 0, 0, 55, 55, 1, 8.97%, 0, 16, 2, 0.20, 7735, 178
4547, 0, 0, 55, 55, 1, 8.97%, 0, 16, 2, 0.10, 7742, 178
4558, 0, 0, 55, 55, 1, 8.97%, 0, 16, 2, 0.40, 7781, 178
4569, 0, 0, 55, 55, 1, 8.97%, 0, 16, 2, 0.39, 7797, 178
4580, 0, 0, 55, 55, 1, 8.97%, 0, 16, 2, 0.78, 7818, 178
4590, 0, 0, 55, 55, 1, 8.97%, 0, 16, 2, 0.78, 7825, 178
4600, 0, 0, 55, 55, 1, 8.97%, 0, 16, 2, 0.49, 7844, 178
4611, 0, 0, 55, 55, 1, 8.97%, 0, 16, 2, 0.49, 7849, 178
4621, 0, 0, 55, 55, 1, 8.97%, 0, 16, 2, 0.48, 7852, 178
4631, 0, 0, 55, 55, 1, 8.97%, 0, 16, 2, 0.40, 7870, 178
4643, 0, 0, 55, 55, 1, 8.97%, 0, 16, 2, 0.59, 7908, 178
4653, 0, 0, 55, 55, 1, 8.97%, 0, 16, 2, 0.30, 7941, 178
4664, 0, 0, 55, 55, 1, 8.97%, 0, 16, 2, 0.39, 7957, 178
4675, 0, 0, 55, 55, 1, 8.97%, 0, 16, 2, 0.10, 7979, 178
4685, 0, 0, 55, 55, 1, 8.97%, 0, 16, 2, 0.11, 7981, 178
4695, 0, 0, 55, 55, 1, 8.97%, 0, 16, 2, 0.10, 7998, 178
4707, 0, 0, 55, 55, 1, 8.97%, 0, 16, 2, 0.69, 8038, 178
4717, 0, 0, 55, 55, 1, 8.97%, 0, 16, 2, 0.20, 8054, 178
4727, 0, 0, 55, 55, 1, 8.97%, 0, 16, 2, 0.22, 8059, 178
4737, 0, 0, 55, 55, 1, 8.97%, 0, 16, 2, 0.21, 8060, 178
4747, 0, 0, 55, 55, 1, 8.97%, 0, 16, 2, 0.23, 8066, 178
4758, 0, 0, 55, 55, 1, 8.97%, 0, 16, 2, 0.39, 8096, 178
4769, 0, 0, 55, 55, 1, 8.97%, 0, 16, 2, 0.39, 8107, 178
4774, 0, 0, 55, 55, 1, 8.97%, 0, 16, 2, 28.70, 8269, 178
4784, 0, 0, 55, 55, 1, 8.97%, 0, 16, 2, 0.30, 8280, 178
4794, 0, 0, 55, 55, 1, 8.97%, 0, 16, 2, 0.29, 8282, 178
4804, 0, 0, 55, 55, 1, 8.97%, 0, 16, 2, 0.28, 8283, 178
4815, 0, 0, 55, 55, 1, 8.97%, 0, 16, 2, 0.29, 8287, 178
4825, 0, 0, 55, 55, 1, 8.97%, 0, 16, 2, 0.20, 8315, 178
4835, 0, 0, 55, 55, 1, 8.97%, 0, 16, 2, 0.19, 8316, 178
4846, 0, 0, 55, 55, 1, 8.97%, 0, 16, 2, 0.78, 8351, 178
4857, 0, 0, 55, 55, 1, 8.97%, 0, 16, 2, 0.68, 8386, 178
4868, 0, 0, 55, 55, 1, 8.97%, 0, 16, 2, 0.10, 8401, 178
4879, 0, 0, 55, 55, 1, 8.97%, 0, 16, 2, 0.59, 8453, 178
4890, 0, 0, 55, 55, 1, 8.97%, 0, 16, 2, 0.30, 8473, 178
4902, 0, 0, 56, 56, 1, 8.97%, 0, 16, 2, 0.30, 8544, 178
4913, 0, 0, 56, 56, 1, 8.97%, 0, 16, 2, 0.10, 8561, 178
4924, 0, 0, 56, 56, 1, 8.97%, 0, 16, 2, 0.20, 8586, 178
4935, 0, 0, 56, 56, 1, 8.97%, 0, 16, 2, 0.59, 8616, 178
4945, 0, 0, 56, 56, 1, 8.97%, 0, 16, 2, 0.59, 8622, 178
4956, 0, 0, 56, 56, 1, 8.97%, 0, 16, 2, 0.59, 8653, 178
4966, 0, 0, 56, 56, 1, 8.97%, 0, 16, 2, 0.10, 8678, 178
4977, 0, 0, 56, 56, 1, 8.97%, 0, 16, 2, 0.39, 8697, 178
4987, 0, 0, 56, 56, 1, 8.97%, 0, 16, 2, 0.41, 8703, 178
4999, 0, 0, 56, 56, 1, 8.97%, 0, 16, 2, 0.40, 8748, 178
5009, 0, 0, 56, 56, 1, 8.97%, 0, 16, 2, 0.59, 8770, 178
5020, 0, 0, 56, 56, 1, 8.97%, 0, 16, 2, 0.69, 8790, 178
5030, 0, 0, 56, 56, 1, 8.97%, 0, 16, 2, 0.69, 8798, 178
5042, 0, 0, 56, 56, 1, 8.97%, 0, 16, 2, 0.78, 8855, 178
5055, 0, 0, 56, 56, 1, 8.97%, 0, 16, 2, 0.30, 8945, 178
5065, 0, 0, 56, 56, 1, 8.97%, 0, 16, 2, 0.10, 8953, 178
5075, 0, 0, 56, 56, 1, 8.97%, 0, 16, 2, 0.12, 8957, 178
5086, 0, 0, 56, 56, 1, 8.97%, 0, 16, 2, 0.40, 8969, 178
5096, 0, 0, 56, 56, 1, 8.97%, 0, 16, 2, 0.20, 8978, 178
5106, 0, 0, 56, 56, 1, 8.97%, 0, 16, 2, 0.20, 8981, 178
5116, 0, 0, 56, 56, 1, 8.97%, 0, 16, 2, 0.10, 8989, 178
5127, 0, 0, 56, 56, 1, 8.97%, 0, 16, 2, 0.78, 9029, 178
5138, 0, 0, 57, 57, 1, 8.97%, 0, 16, 2, 0.49, 9052, 178
5148, 0, 0, 57, 57, 1, 8.97%, 0, 16, 2, 0.47, 9053, 178
5158, 0, 0, 57, 57, 1, 8.97%, 0, 16, 2, 0.46, 9056, 178
5168, 0, 0, 57, 57, 1, 8.97%, 0, 16, 2, 0.44, 9057, 178
5178, 0, 0, 57, 57, 1, 8.97%, 0, 16, 2, 0.43, 9061, 178
5189, 0, 0, 57, 57, 1, 8.97%, 0, 16, 2, 0.68, 9076, 178
5199, 0, 0, 57, 57, 1, 8.97%, 0, 16, 2, 0.39, 9086, 178
5210, 0, 0, 57, 57, 1, 8.97%, 0, 16, 2, 0.40, 9097, 178
5220, 0, 0, 57, 57, 1, 8.97%, 0, 16, 2, 0.38, 9098, 178
5232, 0, 0, 57, 57, 1, 8.97%, 0, 16, 2, 0.59, 9188, 178
5243, 0, 0, 57, 57, 1, 8.97%, 0, 16, 2, 0.59, 9194, 178
5254, 0, 0, 57, 57, 1, 8.97%, 0, 16, 2, 0.69, 9230, 178
5265, 0, 0, 57, 57, 1, 8.97%, 0, 16, 2, 0.59, 9284, 178
5276, 0, 0, 57, 57, 1, 8.97%, 0, 16, 2, 0.30, 9308, 178
5287, 0, 0, 57, 57, 1, 8.97%, 0, 16, 2, 0.20, 9340, 178
5297, 0, 0, 57, 57, 1, 8.97%, 0, 16, 2, 0.20, 9342, 178
5307, 0, 0, 57, 57, 1, 8.97%, 0, 16, 2, 0.20, 9348, 178
5319, 0, 0, 57, 57, 1, 8.97%, 0, 16, 2, 0.30, 9402, 178
5330, 0, 0, 57, 57, 1, 8.97%, 0, 16, 2, 0.30, 9438, 178
5340, 0, 0, 57, 57, 1, 8.97%, 0, 16, 2, 0.29, 9440, 178
5351, 0, 0, 57, 57, 1, 8.97%, 0, 16, 2, 0.59, 9460, 178
5361, 0, 0, 57, 57, 1, 8.97%, 0, 16, 2, 0.49, 9471, 178
5372, 0, 0, 57, 57, 1, 8.97%, 0, 16, 2, 0.39, 9487, 178
5382, 0, 0, 57, 57, 1, 8.97%, 0, 16, 2, 0.39, 9490, 178
5393, 0, 0, 57, 57, 1, 8.97%, 0, 16, 2, 0.20, 9526, 178
5403, 0, 0, 57, 57, 1, 8.97%, 0, 16, 2, 0.22, 9531, 178
5414, 0, 0, 57, 57, 1, 8.97%, 0, 16, 2, 0.39, 9555, 178
5424, 0, 0, 57, 57, 1, 8.97%, 0, 16, 2, 0.20, 9565, 178
5434, 0, 0, 57, 57, 1, 8.97%, 0, 16, 2, 0.19, 9566, 178
5445, 0, 0, 57, 57, 1, 8.97%, 0, 16, 2, 0.30, 9592, 178
5456, 0, 0, 57, 57, 1, 8.97%, 0, 16, 2, 0.10, 9607, 178
5466, 0, 0, 57, 57, 1, 8.97%, 0, 16, 2, 0.59, 9613, 178
5477, 0, 0, 57, 57, 1, 8.97%, 0, 16, 2, 0.49, 9667, 178
5488, 0, 0, 57, 57, 1, 8.97%, 0, 16, 2, 0.59, 9680, 178
5499, 0, 0, 57, 57, 1, 8.97%, 0, 16, 2, 0.20, 9714, 178
5509, 0, 0, 57, 57, 1, 8.97%, 0, 16, 2, 0.19, 9715, 178
5519, 0, 0, 57, 57, 1, 8.97%, 0, 16, 2, 0.21, 9720, 178
5530, 0, 0, 57, 57, 1, 8.97%, 0, 16, 2, 0.49, 9731, 178
5542, 0, 0, 57, 57, 1, 8.97%, 0, 16, 2, 0.20, 9800, 178
5553, 0, 0, 57, 57, 1, 8.97%, 0, 16, 2, 0.20, 9829, 178
5563, 0, 0, 57, 57, 1, 8.97%, 0, 16, 2, 0.20, 9832, 178
5573, 0, 0, 57, 57, 1, 8.97%, 0, 16, 2, 0.49, 9844, 178
5584, 0, 0, 57, 57, 1, 8.97%, 0, 16, 2, 0.40, 9863, 178
5595, 0, 0, 57, 57, 1, 8.97%, 0, 16, 2, 0.59, 9892, 178
5606, 0, 0, 57, 57, 1, 8.97%, 0, 16, 2, 0.78, 9933, 178
5616, 0, 0, 57, 57, 1, 8.97%, 0, 16, 2, 0.10, 9942, 178
5626, 0, 0, 57, 57, 1, 8.97%, 0, 16, 2, 0.11, 9944, 178
5637, 0, 0, 57, 57, 1, 8.97%, 0, 16, 2, 0.39, 9970, 178
5647, 0, 0, 57, 57, 1, 8.97%, 0, 16, 2, 0.30, 9979, 178
5658, 0, 0, 57, 57, 1, 8.97%, 0, 16, 2, 0.40, 9989, 178
5668, 0, 0, 57, 57, 1, 8.97%, 0, 16, 2, 0.39, 9992, 178
5680, 0, 0, 57, 57, 1, 8.97%, 0, 16, 2, 0.20, 10049, 178
5690, 0, 0, 57, 57, 1, 8.97%, 0, 16, 2, 0.49, 10068, 178
5701, 0, 0, 57, 57, 1, 8.97%, 0, 16, 2, 0.69, 10090, 178
5711, 0, 0, 57, 57, 1, 8.97%, 0, 16, 2, 0.69, 10098, 178
5722, 0, 0, 57, 57, 1, 8.97%, 0, 16, 2, 0.78, 10122, 178
5733, 0, 0, 57, 57, 1, 8.97%, 0, 16, 2, 0.30, 10175, 178
5743, 0, 0, 57, 57, 1, 8.97%, 0, 16, 2, 0.31, 10180, 178
5754, 0, 0, 57, 57, 1, 8.97%, 0, 17, 2, 0.30, 10197, 178
5764, 0, 0, 57, 57, 1, 8.97%, 0, 17, 2, 0.39, 10209, 178
5775, 0, 0, 57, 57, 1, 8.97%, 0, 17, 2, 0.20, 10219, 178
5786, 0, 0, 57, 57, 1, 8.97%, 0, 17, 2, 0.49, 10276, 178
5799, 0, 0, 58, 58, 1, 9.68%, 0, 17, 2, 0.47, 10297, 192
5810, 0, 0, 58, 58, 1, 9.68%, 0, 17, 2, 0.20, 10307, 192
5820, 0, 0, 58, 58, 1, 9.68%, 0, 17, 2, 0.20, 10317, 192
5830, 0, 0, 58, 58, 1, 9.68%, 0, 17, 2, 0.20, 10326, 192
5840, 0, 0, 58, 58, 1, 9.68%, 0, 17, 2, 0.20, 10328, 192
5851, 0, 0, 58, 58, 1, 9.68%, 0, 17, 2, 0.40, 10362, 192
5862, 0, 0, 58, 58, 1, 9.68%, 0, 17, 2, 0.30, 10392, 192
5872, 0, 0, 58, 58, 1, 9.68%, 0, 17, 2, 0.29, 10393, 192
5882, 0, 0, 58, 58, 1, 9.68%, 0, 17, 2, 0.30, 10398, 192
5893, 0, 0, 58, 58, 1, 9.68%, 0, 17, 2, 0.30, 10425, 192
5904, 0, 0, 58, 58, 1, 9.68%, 0, 17, 2, 0.49, 10436, 192
5914, 0, 0, 58, 58, 1, 9.68%, 0, 17, 2, 0.48, 10439, 192
5924, 0, 0, 58, 58, 1, 9.68%, 0, 17, 2, 0.10, 10446, 192
5934, 0, 0, 58, 58, 1, 9.68%, 0, 17, 2, 0.10, 10447, 192
5944, 0, 0, 58, 58, 1, 9.68%, 0, 17, 2, 0.11, 10450, 192
5954, 0, 0, 58, 58, 1, 9.68%, 0, 17, 2, 0.30, 10460, 192
5965, 0, 0, 58, 58, 1, 9.68%, 0, 17, 2, 0.10, 10485, 192
5976, 0, 0, 58, 58, 1, 9.68%, 0, 17, 2, 0.49, 10519, 192
5987, 0, 0, 58, 58, 1, 9.68%, 0, 17, 2, 0.59, 10552, 192
5998, 0, 0, 58, 58, 1, 9.68%, 0, 17, 2, 0.10, 10583, 192
6008, 0, 0, 58, 58, 1, 9.68%, 0, 17, 2, 0.10, 10590, 192
6019, 0, 0, 59, 59, 1, 10.03%, 0, 18, 2, 0.10, 10607, 199
6032, 0, 0, 59, 59, 1, 10.03%, 0, 18, 2, 0.69, 10708, 199
6043, 0, 0, 59, 59, 1, 10.03%, 0, 18, 2, 0.49, 10738, 199
6054, 0, 0, 59, 59, 1, 10.03%, 0, 18, 2, 0.50, 10745, 199
6065, 0, 0, 59, 59, 1, 10.03%, 0, 18, 2, 0.39, 10778, 199
6075, 0, 0, 59, 59, 1, 10.03%, 0, 18, 2, 0.20, 10799, 199
6086, 0, 0, 59, 59, 1, 10.03%, 0, 18, 2, 0.22, 10804, 199
6096, 0, 0, 59, 59, 1, 10.03%, 0, 18, 2, 0.10, 10812, 199
6107, 0, 0, 59, 59, 1, 10.03%, 0, 18, 2, 0.40, 10839, 199
6117, 0, 0, 59, 59, 1, 10.03%, 0, 18, 2, 0.41, 10845, 199
6129, 0, 0, 60, 60, 1, 10.03%, 0, 18, 2, 0.30, 10914, 199
6140, 0, 0, 60, 60, 1, 10.03%, 0, 18, 2, 0.59, 10950, 199
6150, 0, 0, 60, 60, 1, 10.03%, 0, 18, 2, 0.57, 10953, 199
6160, 0, 0, 60, 60, 1, 10.03%, 0, 18, 2, 0.55, 10955, 199
6170, 0, 0, 60, 60, 1, 10.03%, 0, 18, 2, 0.52, 10957, 199
6180, 0, 0, 60, 60, 1, 10.03%, 0, 18, 2, 0.53, 10963, 199
6191, 0, 0, 60, 60, 1, 10.03%, 0, 18, 2, 0.10, 10964, 199
6201, 0, 0, 60, 60, 1, 10.03%, 0, 18, 2, 0.49, 10978, 199
6211, 0, 0, 60, 60, 1, 10.03%, 0, 18, 2, 0.49, 10982, 199
6222, 0, 0, 60, 60, 1, 10.03%, 0, 18, 2, 0.10, 10990, 199
6232, 0, 0, 60, 60, 1, 10.03%, 0, 18, 2, 0.10, 10991, 199
6242, 0, 0, 60, 60, 1, 10.03%, 0, 18, 2, 0.11, 10994, 199
6252, 0, 0, 60, 60, 1, 10.03%, 0, 18, 2, 0.11, 10995, 199
6262, 0, 0, 60, 60, 1, 10.03%, 0, 18, 2, 0.14, 11000, 199
6272, 0, 0, 60, 60, 1, 10.03%, 0, 18, 2, 0.59, 11013, 199
6283, 0, 0, 60, 60, 1, 10.03%, 0, 18, 2, 0.10, 11052, 199
6294, 0, 0, 60, 60, 1, 10.03%, 0, 18, 2, 0.20, 11068, 199
6304, 0, 0, 60, 60, 1, 10.03%, 0, 18, 2, 0.23, 11075, 199
6314, 0, 0, 60, 60, 1, 10.03%, 0, 18, 2, 0.24, 11079, 199
6325, 0, 0, 60, 60, 1, 10.03%, 0, 18, 2, 0.30, 11090, 199
6335, 0, 0, 60, 60, 1, 10.03%, 0, 18, 2, 0.20, 11105, 199
6350, 0, 0, 60, 60, 1, 10.03%, 0, 18, 2, 0.49, 11119, 199
6361, 0, 0, 60, 60, 1, 10.03%, 0, 18, 2, 0.10, 11138, 199
6371, 0, 0, 60, 60, 1, 10.03%, 0, 18, 2, 0.39, 11149, 199
6381, 0, 0, 60, 60, 1, 10.03%, 0, 18, 2, 0.30, 11160, 199
6391, 0, 0, 60, 60, 1, 10.03%, 0, 18, 2, 0.31, 11165, 199
6402, 0, 0, 60, 60, 1, 10.03%, 0, 18, 2, 0.30, 11182, 199
6412, 0, 0, 60, 60, 1, 10.03%, 0, 18, 2, 0.40, 11193, 199
6423, 0, 0, 60, 60, 1, 10.03%, 0, 18, 2, 0.20, 11203, 199
6434, 0, 0, 60, 60, 1, 10.03%, 0, 18, 2, 0.10, 11245, 199
6444, 0, 0, 60, 60, 1, 10.03%, 0, 18, 2, 0.10, 11251, 199
6455, 0, 0, 60, 60, 1, 10.03%, 0, 18, 2, 0.59, 11263, 199
6466, 0, 0, 60, 60, 1, 10.03%, 0, 18, 2, 0.10, 11288, 199
6476, 0, 0, 60, 60, 1, 10.03%, 0, 18, 2, 0.30, 11313, 199
6487, 0, 0, 60, 60, 1, 10.03%, 0, 18, 2, 0.49, 11324, 199
6497, 0, 0, 60, 60, 1, 10.03%, 0, 18, 2, 0.47, 11325, 199
6507, 0, 0, 60, 60, 1, 10.03%, 0, 18, 2, 0.49, 11337, 199
6517, 0, 0, 60, 60, 1, 10.03%, 0, 18, 2, 0.49, 11341, 199
6528, 0, 0, 60, 60, 1, 10.03%, 0, 18, 2, 0.59, 11371, 199
6538, 0, 0, 60, 60, 1, 10.03%, 0, 18, 2, 0.58, 11376, 199
6549, 0, 0, 60, 60, 1, 10.03%, 0, 18, 2, 0.49, 11388, 199
6559, 0, 0, 60, 60, 1, 10.03%, 0, 18, 2, 0.48, 11391, 199
6570, 0, 0, 60, 60, 1, 10.03%, 0, 18, 2, 0.40, 11422, 199
6580, 0, 0, 60, 60, 1, 10.03%, 0, 18, 2, 0.38, 11423, 199
6591, 0, 0, 60, 60, 1, 10.03%, 0, 18, 2, 0.49, 11444, 199
6601, 0, 0, 60, 60, 1, 10.03%, 0, 18, 2, 0.78, 11460, 199
6612, 0, 0, 60, 60, 1, 10.03%, 0, 18, 2, 0.59, 11491, 199
6623, 0, 0, 60, 60, 1, 10.03%, 0, 18, 2, 0.30, 11544, 199
6634, 0, 0, 60, 60, 1, 10.03%, 0, 18, 2, 0.59, 11558, 199
6644, 0, 0, 60, 60, 1, 10.03%, 0, 18, 2, 0.57, 11560, 199
6656, 0, 0, 60, 60, 1, 10.03%, 0, 18, 2, 0.59, 11620, 199
6667, 0, 0, 60, 60, 1, 10.03%, 0, 18, 2, 0.59, 11640, 199
6677, 0, 0, 60, 60, 1, 10.03%, 0, 18, 2, 0.57, 11642, 199
6688, 0, 0, 60, 60, 1, 10.03%, 0, 18, 2, 0.59, 11678, 199
6698, 0, 0, 60, 60, 1, 10.03%, 0, 18, 2, 0.49, 11701, 199
6709, 0, 0, 60, 60, 1, 10.03%, 0, 18, 2, 0.59, 11714, 199
6719, 0, 0, 60, 60, 1, 10.03%, 0, 18, 2, 0.20, 11730, 199
6730, 0, 0, 60, 60, 1, 10.03%, 0, 18, 2, 0.22, 11735, 199
6740, 0, 0, 60, 60, 1, 10.03%, 0, 18, 2, 0.30, 11754, 199
6751, 0, 0, 60, 60, 1, 10.03%, 0, 18, 2, 0.69, 11785, 199
6762, 0, 0, 60, 60, 1, 10.03%, 0, 18, 2, 0.39, 11817, 199
6772, 0, 0, 60, 60, 1, 10.03%, 0, 18, 2, 0.30, 11827, 199
6783, 0, 0, 60, 60, 1, 10.03%, 0, 18, 2, 0.59, 11849, 199
6795, 0, 0, 60, 60, 1, 10.03%, 0, 18, 2, 0.49, 11924, 199
6805, 0, 0, 60, 60, 1, 10.03%, 0, 18, 2, 0.47, 11926, 199
6816, 0, 0, 60, 60, 1, 10.03%, 0, 18, 2, 0.10, 11941, 199
6826, 0, 0, 60, 60, 1, 10.03%, 0, 18, 2, 0.49, 11960, 199
6838, 0, 0, 61, 61, 1, 10.08%, 0, 18, 2, 0.20, 12018, 200
6848, 0, 0, 61, 61, 1, 10.08%, 0, 18, 2, 0.21, 12022, 200
6859, 0, 0, 61, 61, 1, 10.08%, 0, 18, 2, 0.49, 12041, 200
6869, 0, 0, 61, 61, 1, 10.08%, 0, 18, 2, 0.49, 12053, 200
6879, 0, 0, 61, 61, 1, 10.08%, 0, 18, 2, 0.47, 12055, 200
6890, 0, 0, 61, 61, 1, 10.08%, 0, 18, 2, 0.49, 12076, 200
6901, 0, 0, 61, 61, 1, 10.08%, 0, 18, 2, 0.49, 12108, 200
6912, 0, 0, 62, 62, 1, 10.08%, 0, 18, 2, 0.10, 12125, 200
6922, 0, 0, 62, 62, 1, 10.08%, 0, 18, 2, 0.11, 12127, 200
6932, 0, 0, 62, 62, 1, 10.08%, 0, 18, 2, 0.30, 12136, 200
6942, 0, 0, 62, 62, 1, 10.08%, 0, 18, 2, 0.29, 12138, 200
6952, 0, 0, 62, 62, 1, 10.08%, 0, 18, 2, 0.10, 12153, 200
6964, 0, 54, 62, 60, 18, 10.08%, 0, 18, 2, 0.69, 12193, 200
6974, 0, 54, 62, 60, 18, 10.08%, 0, 18, 2, 0.30, 12208, 200
6986, 0, 54, 65, 63, 18, 10.18%, 0, 18, 3, 0.30, 12259, 202
6998, 0, 54, 66, 64, 18, 10.18%, 0, 18, 3, 0.30, 12319, 202
7008, 0, 54, 67, 65, 18, 10.18%, 0, 18, 3, 0.69, 12341, 202
7022, 0, 54, 70, 68, 18, 10.23%, 0, 18, 3, 0.30, 12450, 203
7034, 0, 54, 72, 70, 18, 10.23%, 0, 19, 3, 0.68, 12528, 203
7046, 0, 54, 73, 71, 18, 10.23%, 0, 19, 3, 0.30, 12569, 203
7058, 0, 54, 73, 71, 18, 10.23%, 0, 19, 3, 0.49, 12641, 203
7068, 0, 54, 73, 71, 18, 10.23%, 0, 19, 3, 0.50, 12647, 203
7078, 0, 54, 73, 71, 18, 10.23%, 0, 19, 3, 0.40, 12658, 203
7093, 0, 54, 76, 74, 18, 10.28%, 0, 19, 3, 0.59, 12795, 204
7104, 0, 54, 76, 74, 18, 10.28%, 0, 19, 3, 0.49, 12837, 204
7117, 0, 54, 77, 75, 18, 10.28%, 0, 19, 3, 0.20, 12929, 204
7127, 0, 54, 77, 75, 18, 10.28%, 0, 19, 3, 0.10, 12959, 204
7138, 0, 54, 77, 75, 18, 10.28%, 0, 19, 3, 0.69, 12966, 204
7148, 0, 54, 77, 75, 18, 10.28%, 0, 19, 3, 0.39, 12981, 204
7160, 0, 54, 77, 75, 18, 10.28%, 0, 19, 3, 0.59, 13038, 204
7170, 0, 54, 77, 75, 18, 10.28%, 0, 19, 3, 0.59, 13051, 204
7182, 0, 54, 78, 76, 18, 10.28%, 0, 19, 3, 0.78, 13099, 204
7192, 0, 54, 78, 76, 18, 10.28%, 0, 19, 3, 0.30, 13116, 204
7205, 0, 54, 79, 77, 18, 10.28%, 0, 19, 3, 0.69, 13205, 204
7216, 0, 54, 79, 77, 18, 10.28%, 0, 19, 3, 0.10, 13220, 204
7227, 0, 54, 79, 77, 18, 10.28%, 0, 19, 3, 0.30, 13248, 204
7240, 0, 54, 80, 78, 18, 10.28%, 0, 19, 3, 0.10, 13355, 204
7251, 0, 54, 80, 78, 18, 10.28%, 0, 19, 3, 0.59, 13402, 204
7263, 0, 54, 80, 78, 18, 10.28%, 0, 19, 3, 0.30, 13458, 204
7275, 0, 54, 81, 79, 18, 10.28%, 0, 19, 3, 0.39, 13516, 204
7285, 0, 54, 81, 79, 18, 10.28%, 0, 19, 3, 0.49, 13536, 204
7296, 0, 54, 81, 79, 18, 10.28%, 0, 19, 3, 0.50, 13543, 204
7301, 0, 54, 82, 80, 18, 10.33%, 0, 19, 3, 33.43, 13714, 205
7311, 0, 54, 82, 80, 18, 10.33%, 0, 19, 3, 0.39, 13725, 205
7323, 0, 54, 82, 80, 18, 10.33%, 0, 19, 3, 0.10, 13791, 205
7336, 0, 54, 84, 82, 18, 10.43%, 0, 19, 3, 0.20, 13879, 207
7346, 0, 54, 84, 82, 18, 10.43%, 0, 19, 3, 0.69, 13894, 207
7357, 0, 54, 84, 82, 18, 10.43%, 0, 19, 3, 0.66, 13896, 207
7367, 0, 54, 84, 82, 18, 10.43%, 0, 19, 3, 0.30, 13913, 207
7377, 0, 54, 84, 82, 18, 10.43%, 0, 19, 3, 0.30, 13916, 207
7387, 0, 54, 84, 82, 18, 10.43%, 0, 19, 3, 0.29, 13918, 207
7397, 0, 54, 84, 82, 18, 10.43%, 0, 19, 3, 0.28, 13919, 207
7408, 0, 54, 84, 82, 18, 10.43%, 0, 19, 3, 0.20, 13928, 207
7418, 0, 54, 84, 82, 18, 10.43%, 0, 19, 3, 0.19, 13929, 207
7428, 0, 54, 84, 82, 18, 10.43%, 0, 19, 3, 0.22, 13935, 207
7439, 0, 54, 84, 82, 18, 10.43%, 0, 19, 3, 0.78, 13963, 207
7450, 0, 54, 84, 82, 18, 10.43%, 0, 19, 3, 0.59, 13996, 207
7460, 0, 54, 84, 82, 18, 10.43%, 0, 19, 3, 0.10, 14005, 207
7470, 0, 54, 84, 82, 18, 10.43%, 0, 19, 3, 0.10, 14012, 207
7481, 0, 54, 84, 82, 18, 10.43%, 0, 19, 3, 0.68, 14033, 207
7491, 0, 54, 84, 82, 18, 10.43%, 0, 19, 3, 0.66, 14036, 207
7501, 0, 54, 84, 82, 18, 10.43%, 0, 19, 3, 0.63, 14038, 207
7511, 0, 54, 84, 82, 18, 10.43%, 0, 19, 3, 0.10, 14039, 207
7521, 0, 54, 84, 82, 18, 10.43%, 0, 19, 3, 0.12, 14044, 207
7531, 0, 54, 84, 82, 18, 10.43%, 0, 19, 3, 0.30, 14055, 207
7542, 0, 25, 84, 81, 22, 10.43%, 0, 19, 3, 0.30, 14064, 207
7552, 0, 25, 84, 81, 22, 10.43%, 0, 19, 3, 0.29, 14066, 207
7562, 0, 25, 84, 81, 22, 10.43%, 0, 19, 3, 0.31, 14072, 207
7572, 0, 25, 84, 81, 22, 10.43%, 0, 19, 3, 0.30, 14073, 207
7582, 0, 25, 84, 81, 22, 10.43%, 0, 19, 3, 0.30, 14076, 207
7592, 0, 25, 84, 81, 22, 10.43%, 0, 19, 3, 0.30, 14079, 207
7604, 0, 25, 85, 82, 22, 10.48%, 0, 19, 3, 0.20, 14127, 208
7614, 0, 25, 85, 82, 22, 10.48%, 0, 19, 3, 0.19, 14128, 208
7625, 0, 25, 87, 84, 22, 10.53%, 0, 19, 3, 0.68, 14169, 209
7636, 0, 25, 87, 84, 22, 10.53%, 0, 19, 3, 0.10, 14182, 209
7647, 0, 25, 87, 84, 22, 10.53%, 0, 19, 3, 0.69, 14214, 209
7659, 0, 25, 88, 85, 22, 10.53%, 0, 19, 3, 0.20, 14277, 209
7669, 0, 25, 88, 85, 22, 10.53%, 0, 19, 3, 0.19, 14278, 209
7679, 0, 25, 88, 85, 22, 10.53%, 0, 19, 3, 0.20, 14282, 209
7689, 0, 25, 88, 85, 22, 10.53%, 0, 19, 3, 0.22, 14286, 209
7699, 0, 25, 88, 85, 22, 10.53%, 0, 19, 3, 0.10, 14295, 209
7709, 0, 25, 88, 85, 22, 10.53%, 0, 19, 3, 0.11, 14297, 209
7719, 0, 25, 88, 85, 22, 10.53%, 0, 19, 3, 0.11, 14298, 209
7731, 0, 25, 88, 85, 22, 10.53%, 0, 19, 3, 0.59, 14349, 209
7741, 0, 56, 88, 83, 22, 10.53%, 0, 19, 3, 0.20, 14358, 209
7753, 0, 56, 90, 85, 22, 10.53%, 0, 19, 3, 0.59, 14416, 209
7763, 0, 56, 90, 85, 22, 10.53%, 0, 19, 3, 0.60, 14423, 209
7774, 0, 56, 90, 85, 22, 10.53%, 0, 19, 3, 0.59, 14436, 209
7784, 0, 56, 90, 85, 22, 10.53%, 0, 19, 3, 0.10, 14457, 209
7797, 0, 56, 90, 85, 22, 10.53%, 0, 19, 3, 0.69, 14465, 209
7808, 0, 56, 90, 85, 22, 10.53%, 0, 19, 3, 0.67, 14470, 209
7819, 0, 56, 92, 87, 22, 10.53%, 0, 19, 3, 0.40, 14509, 209
7829, 0, 56, 92, 87, 22, 10.53%, 0, 19, 3, 0.38, 14511, 209
7839, 0, 56, 92, 87, 22, 10.53%, 0, 19, 3, 0.10, 14519, 209
7849, 0, 56, 92, 87, 22, 10.53%, 0, 19, 3, 0.10, 14520, 209
7859, 0, 56, 92, 87, 22, 10.53%, 0, 19, 3, 0.11, 14523, 209
7871, 0, 56, 92, 87, 22, 10.53%, 0, 19, 3, 0.20, 14578, 209
7881, 0, 56, 92, 87, 22, 10.53%, 0, 19, 3, 0.20, 14581, 209
7891, 0, 56, 92, 87, 22, 10.53%, 0, 19, 3, 0.24, 14589, 209
7903, 0, 56, 94, 89, 22, 10.53%, 0, 19, 3, 0.59, 14655, 209
7915, 0, 56, 94, 89, 22, 10.53%, 0, 19, 3, 0.69, 14701, 209
7925, 0, 56, 94, 89, 22, 10.53%, 0, 19, 3, 0.10, 14702, 209
7935, 0, 56, 94, 89, 22, 10.53%, 0, 19, 3, 0.10, 14703, 209
7945, 0, 56, 94, 89, 22, 10.53%, 0, 19, 3, 0.12, 14708, 209
7956, 0, 81, 94, 88, 22, 10.53%, 0, 19, 3, 0.39, 14745, 209
7969, 0, 81, 96, 90, 22, 10.69%, 0, 19, 4, 0.10, 14835, 212
7980, 0, 81, 96, 90, 22, 10.69%, 0, 19, 4, 0.59, 14871, 212
7991, 0, 81, 96, 90, 22, 10.69%, 0, 19, 4, 0.10, 14887, 212
8001, 0, 81, 96, 90, 22, 10.69%, 0, 19, 4, 0.12, 14892, 212
8012, 0, 81, 97, 91, 22, 10.69%, 0, 19, 4, 0.78, 14938, 212
8022, 0, 81, 97, 91, 22, 10.69%, 0, 19, 4, 0.78, 14945, 212
8037, 0, 20, 99, 91, 19, 10.69%, 0, 19, 4, 0.10, 15095, 212
8047, 0, 20, 99, 91, 19, 10.69%, 0, 19, 4, 0.11, 15097, 212
8057, 0, 20, 99, 91, 19, 10.69%, 0, 19, 4, 0.11, 15098, 212
8067, 0, 20, 99, 91, 19, 10.69%, 0, 19, 4, 0.12, 15102, 212
8078, 0, 20, 99, 91, 19, 10.69%, 0, 19, 4, 0.15, 15107, 212
8090, 0, 20, 99, 91, 19, 10.69%, 0, 19, 4, 0.78, 15193, 212
8100, 0, 20, 99, 91, 19, 10.69%, 0, 19, 4, 0.10, 15201, 212
8110, 0, 20, 99, 91, 19, 10.69%, 0, 19, 4, 0.11, 15203, 212
8121, 0, 20, 99, 91, 19, 10.69%, 0, 19, 4, 0.59, 15217, 212
8133, 0, 6, 99, 90, 18, 10.69%, 0, 19, 4, 0.30, 15305, 212
8144, 0, 6, 99, 90, 18, 10.69%, 0, 19, 4, 0.32, 15311, 212
8154, 0, 6, 99, 90, 18, 10.69%, 0, 19, 4, 0.20, 15328, 212
8164, 0, 6, 99, 90, 18, 10.69%, 0, 19, 4, 0.20, 15331, 212
8174, 0, 6, 99, 90, 18, 10.69%, 0, 19, 4, 0.10, 15339, 212
8185, 0, 6, 99, 90, 18, 10.69%, 0, 19, 4, 0.11, 15342, 212
8195, 0, 6, 99, 90, 18, 10.69%, 0, 19, 4, 0.20, 15352, 212
8205, 0, 6, 99, 90, 18, 10.69%, 0, 19, 4, 0.22, 15358, 212
8215, 0, 6, 99, 90, 18, 10.69%, 0, 19, 4, 0.23, 15362, 212
8228, 0, 6, 99, 90, 18, 10.69%, 0, 19, 4, 0.30, 15441, 212
8240, 0, 6, 101, 92, 18, 10.69%, 0, 19, 4, 0.10, 15525, 212
8251, 0, 6, 101, 92, 18, 10.69%, 0, 19, 4, 0.59, 15539, 212
8261, 0, 86, 101, 91, 17, 10.69%, 0, 19, 4, 0.10, 15554, 212
8271, 0, 86, 101, 91, 17, 10.69%, 0, 19, 4, 0.11, 15557, 212
8283, 0, 86, 101, 91, 17, 10.69%, 0, 19, 4, 0.39, 15610, 212
8294, 0, 86, 101, 91, 17, 10.69%, 0, 19, 4, 0.30, 15639, 212
8305, 0, 86, 101, 91, 17, 10.69%, 0, 19, 4, 0.20, 15688, 212
8316, 0, 86, 101, 91, 17, 10.69%, 0, 19, 4, 0.10, 15697, 212
8326, 0, 86, 101, 91, 17, 10.69%, 0, 19, 4, 0.20, 15715, 212
8337, 0, 85, 101, 90, 16, 10.69%, 0, 19, 4, 0.78, 15753, 212
8347, 0, 85, 101, 90, 16, 10.69%, 0, 19, 4, 0.10, 15754, 212
8357, 0, 85, 101, 90, 16, 10.69%, 0, 19, 4, 0.11, 15757, 212
8367, 0, 85, 101, 90, 16, 10.69%, 0, 20, 4, 0.12, 15760, 212
8378, 0, 85, 101, 90, 16, 10.69%, 0, 20, 4, 0.14, 15764, 212
8389, 0, 85, 101, 90, 16, 10.69%, 0, 20, 4, 0.39, 15795, 212
8399, 0, 85, 101, 90, 16, 10.69%, 0, 20, 4, 0.41, 15801, 212
8409, 0, 85, 101, 90, 16, 10.69%, 0, 20, 4, 0.39, 15802, 212
8419, 0, 85, 101, 90, 16, 10.69%, 0, 20, 4, 0.38, 15804, 212
8429, 0, 85, 101, 90, 16, 10.69%, 0, 20, 4, 0.37, 15807, 212
8439, 0, 85, 101, 90, 16, 10.69%, 0, 20, 4, 0.39, 15818, 212
8450, 0, 85, 101, 90, 16, 10.69%, 0, 20, 4, 0.20, 15824, 212
8460, 0, 85, 102, 91, 16, 10.69%, 0, 20, 4, 0.20, 15849, 212
8471, 0, 85, 102, 91, 16, 10.69%, 0, 20, 4, 0.49, 15868, 212
8482, 0, 85, 102, 91, 16, 10.69%, 0, 20, 4, 0.59, 15897, 212
8492, 0, 85, 102, 91, 16, 10.69%, 0, 20, 4, 0.57, 15900, 212
8504, 0, 85, 105, 94, 16, 10.74%, 0, 20, 4, 0.49, 15963, 213
8515, 0, 85, 105, 94, 16, 10.74%, 0, 20, 4, 0.10, 15997, 213
8526, 0, 85, 106, 95, 16, 10.74%, 0, 20, 4, 0.49, 16033, 213
8537, 0, 85, 107, 96, 16, 10.74%, 0, 20, 4, 0.20, 16065, 213
8548, 0, 85, 108, 97, 16, 10.74%, 0, 20, 4, 0.20, 16092, 213
8558, 0, 85, 108, 97, 16, 10.74%, 0, 20, 4, 0.20, 16095, 213
8568, 0, 85, 108, 97, 16, 10.74%, 0, 20, 4, 0.69, 16109, 213
8579, 0, 85, 108, 97, 16, 10.74%, 0, 20, 4, 0.69, 16117, 213
8589, 0, 85, 108, 97, 16, 10.74%, 0, 20, 4, 0.40, 16129, 213
8599, 0, 85, 108, 97, 16, 10.74%, 0, 20, 4, 0.40, 16133, 213
8609, 0, 85, 108, 97, 16, 10.74%, 0, 20, 4, 0.49, 16146, 213
8620, 0, 85, 108, 97, 16, 10.74%, 0, 20, 4, 0.59, 16159, 213
8630, 0, 85, 108, 97, 16, 10.74%, 0, 20, 4, 0.10, 16182, 213
8641, 0, 85, 108, 97, 16, 10.74%, 0, 20, 4, 0.11, 16184, 213
8651, 0, 85, 109, 98, 16, 10.74%, 0, 20, 4, 0.30, 16204, 213
8661, 0, 85, 109, 98, 16, 10.74%, 0, 20, 4, 0.20, 16213, 213
8672, 0, 85, 110, 99, 16, 10.89%, 0, 20, 4, 0.20, 16236, 216
8682, 0, 85, 110, 99, 16, 10.89%, 0, 20, 4, 0.20, 16245, 216
8693, 0, 85, 110, 99, 16, 10.89%, 0, 20, 4, 0.10, 16254, 216
8703, 0, 85, 110, 99, 16, 10.89%, 0, 20, 4, 0.10, 16280, 216
8714, 0, 85, 110, 99, 16, 10.89%, 0, 20, 4, 0.68, 16301, 216
8724, 0, 85, 110, 99, 16, 10.89%, 0, 20, 4, 0.20, 16315, 216
8735, 0, 85, 110, 99, 16, 10.89%, 0, 20, 4, 0.19, 16316, 216
8745, 0, 85, 110, 99, 16, 10.89%, 0, 20, 4, 0.30, 16338, 216
8756, 0, 85, 110, 99, 16, 10.89%, 0, 20, 4, 0.20, 16347, 216
8766, 0, 85, 110, 99, 16, 10.89%, 0, 20, 4, 0.21, 16351, 216
8776, 0, 85, 110, 99, 16, 10.89%, 0, 20, 4, 0.68, 16365, 216
8786, 0, 85, 110, 99, 16, 10.89%, 0, 20, 4, 0.67, 16370, 216
8797, 0, 85, 110, 99, 16, 10.89%, 0, 20, 4, 0.69, 16383, 216
8807, 0, 85, 110, 99, 16, 10.89%, 0, 20, 4, 0.40, 16394, 216
8817, 0, 85, 110, 99, 16, 10.89%, 0, 20, 4, 0.40, 16399, 216
8828, 0, 85, 110, 99, 16, 10.89%, 0, 20, 4, 0.20, 16421, 216
8839, 0, 85, 110, 99, 16, 10.89%, 0, 20, 4, 0.10, 16444, 216
8849, 0, 85, 110, 99, 16, 10.89%, 0, 20, 4, 0.69, 16458, 216
8860, 0, 85, 110, 99, 16, 10.89%, 0, 20, 4, 0.49, 16478, 216
8870, 0, 85, 110, 99, 16, 10.89%, 0, 20, 4, 0.50, 16484, 216
8880, 0, 85, 110, 99, 16, 10.89%, 0, 20, 4, 0.20, 16494, 216
8891, 0, 85, 110, 99, 16, 10.89%, 0, 20, 4, 0.49, 16521, 216
8901, 0, 85, 110, 99, 16, 10.89%, 0, 20, 4, 0.47, 16523, 216
8911, 0, 85, 110, 99, 16, 10.89%, 0, 20, 4, 0.47, 16528, 216
8921, 0, 85, 110, 99, 16, 10.89%, 0, 20, 4, 0.48, 16533, 216
8931, 0, 85, 110, 99, 16, 10.89%, 0, 21, 4, 0.48, 16538, 216
8942, 0, 85, 110, 99, 16, 10.89%, 0, 21, 4, 0.46, 16540, 216
8952, 0, 85, 110, 99, 16, 10.89%, 0, 21, 4, 0.47, 16547, 216
8962, 0, 85, 110, 99, 16, 10.89%, 0, 21, 4, 0.47, 16552, 216
8972, 0, 85, 110, 99, 16, 10.89%, 0, 21, 4, 0.39, 16569, 216
8983, 0, 85, 111, 100, 16, 10.89%, 0, 21, 4, 0.59, 16598, 216
8993, 0, 85, 111, 100, 16, 10.89%, 0, 21, 4, 0.59, 16604, 216
9004, 0, 85, 111, 100, 16, 10.89%, 0, 21, 4, 0.40, 16615, 216
9014, 0, 85, 111, 100, 16, 10.89%, 0, 21, 4, 0.38, 16617, 216
9025, 0, 85, 111, 100, 16, 10.89%, 0, 21, 4, 0.59, 16644, 216
9035, 0, 85, 111, 100, 16, 10.89%, 0, 21, 4, 0.59, 16657, 216
9045, 0, 85, 111, 100, 16, 10.89%, 0, 21, 4, 0.10, 16658, 216
9056, 0, 85, 111, 100, 16, 10.89%, 0, 21, 4, 0.59, 16679, 216
9066, 0, 85, 111, 100, 16, 10.89%, 0, 21, 4, 0.57, 16682, 216
9076, 0, 85, 111, 100, 16, 10.89%, 0, 21, 4, 0.57, 16688, 216
9086, 0, 85, 111, 100, 16, 10.89%, 0, 21, 4, 0.58, 16695, 216
9096, 0, 85, 111, 100, 16, 10.89%, 0, 21, 4, 0.56, 16697, 216
9107, 0, 85, 111, 100, 16, 10.89%, 0, 21, 4, 0.30, 16726, 216
9117, 0, 85, 111, 100, 16, 10.89%, 0, 21, 4, 0.31, 16731, 216
9128, 0, 85, 111, 100, 16, 10.89%, 0, 21, 4, 0.69, 16751, 216
9139, 0, 85, 111, 100, 16, 10.89%, 0, 21, 4, 0.20, 16768, 216
9149, 0, 85, 111, 100, 16, 10.89%, 0, 21, 4, 0.40, 16791, 216
9160, 0, 85, 111, 100, 16, 10.89%, 0, 21, 4, 0.49, 16802, 216
9170, 0, 85, 111, 100, 16, 10.89%, 0, 21, 4, 0.47, 16803, 216
9180, 0, 85, 111, 100, 16, 10.89%, 0, 21, 4, 0.47, 16809, 216
9190, 0, 85, 111, 100, 16, 10.89%, 0, 21, 4, 0.47, 16813, 216
9201, 0, 85, 111, 100, 16, 10.89%, 0, 21, 4, 0.30, 16845, 216
9212, 0, 85, 111, 100, 16, 10.89%, 0, 21, 4, 0.59, 16865, 216
9222, 0, 85, 111, 100, 16, 10.89%, 0, 21, 4, 0.20, 16882, 216
9232, 0, 85, 111, 100, 16, 10.89%, 0, 21, 4, 0.22, 16887, 216
9242, 0, 85, 111, 100, 16, 10.89%, 0, 21, 4, 0.21, 16888, 216
9254, 0, 85, 113, 102, 16, 10.89%, 0, 21, 4, 0.69, 16937, 216
9264, 0, 85, 113, 102, 16, 10.89%, 0, 21, 4, 0.10, 16953, 216
9275, 0, 85, 113, 102, 16, 10.89%, 0, 21, 4, 0.69, 16967, 216
9285, 0, 85, 113, 102, 16, 10.89%, 0, 21, 4, 0.10, 16990, 216
9296, 0, 85, 113, 102, 16, 10.89%, 0, 21, 4, 0.20, 17007, 216
9306, 0, 85, 113, 102, 16, 10.89%, 0, 21, 4, 0.20, 17015, 216
9317, 0, 85, 113, 102, 16, 10.89%, 0, 21, 4, 0.20, 17024, 216
9327, 0, 85, 113, 102, 16, 10.89%, 0, 21, 4, 0.22, 17030, 216
9337, 0, 85, 113, 102, 16, 10.89%, 0, 21, 4, 0.23, 17034, 216
9347, 0, 85, 113, 102, 16, 10.89%, 0, 21, 4, 0.20, 17043, 216
9358, 0, 85, 113, 102, 16, 10.89%, 0, 21, 4, 0.10, 17060, 216
9368, 0, 85, 113, 102, 16, 10.89%, 0, 21, 4, 0.11, 17062, 216
9378, 0, 85, 113, 102, 16, 10.89%, 0, 21, 4, 0.12, 17065, 216
9388, 0, 85, 113, 102, 16, 10.89%, 0, 21, 4, 0.15, 17071, 216
9398, 0, 85, 113, 102, 16, 10.89%, 0, 21, 4, 0.40, 17082, 216
9409, 0, 85, 113, 102, 16, 10.89%, 0, 21, 4, 0.39, 17098, 216
9420, 0, 85, 113, 102, 16, 10.89%, 0, 21, 4, 0.78, 17125, 216
9430, 0, 85, 113, 102, 16, 10.89%, 0, 21, 4, 0.75, 17127, 216
9440, 0, 85, 113, 102, 16, 10.89%, 0, 21, 4, 0.72, 17130, 216
9450, 0, 85, 113, 102, 16, 10.89%, 0, 21, 4, 0.70, 17135, 216
9461, 0, 85, 113, 102, 16, 10.89%, 0, 21, 4, 0.39, 17151, 216
9471, 0, 85, 113, 102, 16, 10.89%, 0, 21, 4, 0.41, 17158, 216
9482, 0, 85, 113, 102, 16, 10.89%, 0, 21, 4, 0.30, 17180, 216
9492, 0, 85, 113, 102, 16, 10.89%, 0, 21, 4, 0.29, 17182, 216
9503, 0, 85, 113, 102, 16, 10.89%, 0, 21, 4, 0.59, 17207, 216
9513, 0, 85, 113, 102, 16, 10.89%, 0, 21, 4, 0.59, 17220, 216
9523, 0, 85, 113, 102, 16, 10.89%, 0, 21, 4, 0.10, 17221, 216
9533, 0, 85, 113, 102, 16, 10.89%, 0, 21, 4, 0.59, 17227, 216
9543, 0, 85, 113, 102, 16, 10.89%, 0, 21, 4, 0.10, 17228, 216
9554, 0, 85, 114, 103, 16, 10.89%, 0, 21, 4, 0.20, 17258, 216
9564, 0, 85, 114, 103, 16, 10.89%, 0, 21, 4, 0.20, 17261, 216
9575, 0, 85, 114, 103, 16, 10.89%, 0, 21, 4, 0.20, 17269, 216
9585, 0, 85, 114, 103, 16, 10.89%, 0, 21, 4, 0.10, 17291, 216
9596, 0, 85, 114, 103, 16, 10.89%, 0, 21, 4, 0.20, 17300, 216
9606, 0, 85, 114, 103, 16, 10.89%, 0, 21, 4, 0.23, 17307, 216
9616, 0, 85, 114, 103, 16, 10.89%, 0, 21, 4, 0.23, 17309, 216
9626, 0, 85, 114, 103, 16, 10.89%, 0, 21, 4, 0.20, 17324, 216
9636, 0, 85, 114, 103, 16, 10.89%, 0, 21, 4, 0.20, 17326, 216
9647, 0, 85, 114, 103, 16, 10.89%, 0, 21, 4, 0.23, 17333, 216
9658, 0, 85, 114, 103, 16, 10.89%, 0, 21, 4, 0.49, 17366, 216
9669, 0, 85, 114, 103, 16, 10.89%, 0, 21, 4, 0.68, 17398, 216
9679, 0, 85, 114, 103, 16, 10.89%, 0, 21, 4, 0.68, 17404, 216
9689, 0, 85, 114, 103, 16, 10.89%, 0, 21, 4, 0.10, 17405, 216
9700, 0, 85, 114, 103, 16, 10.89%, 0, 21, 4, 0.69, 17419, 216
9710, 0, 85, 114, 103, 16, 10.89%, 0, 21, 4, 0.67, 17424, 216
9720, 0, 85, 114, 103, 16, 10.89%, 0, 21, 4, 0.40, 17436, 216
9730, 0, 85, 114, 103, 16, 10.89%, 0, 21, 4, 0.42, 17444, 216
9741, 0, 85, 115, 104, 16, 10.89%, 0, 21, 4, 0.20, 17471, 216
9752, 0, 85, 115, 104, 16, 10.89%, 0, 21, 4, 0.59, 17484, 216
9762, 0, 85, 115, 104, 16, 10.89%, 0, 21, 4, 0.57, 17486, 216
9772, 0, 85, 115, 104, 16, 10.89%, 0, 21, 4, 0.56, 17491, 216
9783, 0, 85, 116, 105, 16, 10.89%, 0, 21, 4, 0.30, 17523, 216
9793, 0, 85, 116, 105, 16, 10.89%, 0, 21, 4, 0.30, 17534, 216
9803, 0, 85, 116, 105, 16, 10.89%, 0, 21, 4, 0.30, 17538, 216
9813, 0, 85, 116, 105, 16, 10.89%, 0, 21, 4, 0.29, 17539, 216
9823, 0, 85, 116, 105, 16, 10.89%, 0, 21, 4, 0.29, 17542, 216
9834, 0, 85, 116, 105, 16, 10.89%, 0, 21, 4, 0.10, 17570, 216
9845, 0, 85, 116, 105, 16, 10.89%, 0, 21, 4, 0.59, 17576, 216
9855, 0, 85, 116, 105, 16, 10.89%, 0, 21, 4, 0.10, 17577, 216
9865, 0, 85, 116, 105, 16, 10.89%, 0, 21, 4, 0.59, 17583, 216
9875, 0, 85, 116, 105, 16, 10.89%, 0, 21, 4, 0.59, 17589, 216
9886, 0, 58, 116, 104, 16, 10.89%, 0, 21, 4, 0.39, 17604, 216
9896, 0, 58, 117, 105, 16, 10.89%, 0, 21, 4, 0.20, 17614, 216
9907, 0, 58, 119, 107, 16, 10.94%, 0, 21, 4, 0.10, 17634, 217
9919, 0, 58, 122, 110, 16, 10.99%, 0, 21, 4, 0.10, 17663, 218
9929, 0, 58, 122, 110, 16, 10.99%, 0, 21, 4, 0.11, 17665, 218
9939, 0, 58, 122, 110, 16, 10.99%, 0, 21, 4, 0.12, 17669, 218
9949, 0, 58, 122, 110, 16, 10.99%, 0, 21, 4, 0.13, 17671, 218
9960, 0, 58, 122, 110, 16, 10.99%, 0, 21, 4, 0.39, 17680, 218
9971, 0, 58, 123, 111, 16, 10.99%, 0, 21, 4, 0.10, 17693, 218
9981, 0, 58, 123, 111, 16, 10.99%, 0, 21, 4, 0.11, 17696, 218
9991, 0, 58, 123, 111, 16, 10.99%, 0, 21, 4, 0.11, 17697, 218
10002, 0, 58, 123, 111, 16, 10.99%, 0, 21, 4, 0.39, 17728, 218
10012, 0, 58, 123, 111, 16, 10.99%, 0, 21, 4, 0.20, 17735, 218
10023, 0, 58, 123, 111, 16, 10.99%, 0, 21, 4, 0.10, 17739, 218
10033, 0, 58, 123, 111, 16, 10.99%, 0, 21, 4, 0.49, 17755, 218
10044, 0, 58, 124, 112, 16, 10.99%, 0, 21, 4, 0.20, 17773, 218
10055, 0, 58, 124, 112, 16, 10.99%, 0, 21, 4, 0.30, 17784, 218
10065, 0, 58, 124, 112, 16, 10.99%, 0, 21, 4, 0.10, 17790, 218
10075, 0, 58, 124, 112, 16, 10.99%, 0, 21, 4, 0.11, 17792, 218
10085, 0, 58, 124, 112, 16, 10.99%, 0, 21, 4, 0.11, 17794, 218
10096, 0, 58, 125, 113, 16, 10.99%, 0, 21, 4, 0.39, 17807, 218
10106, 0, 58, 125, 113, 16, 10.99%, 0, 21, 4, 0.10, 17813, 218
10116, 0, 58, 125, 113, 16, 10.99%, 0, 21, 4, 0.11, 17816, 218
10126, 0, 58, 125, 113, 16, 10.99%, 0, 21, 4, 0.11, 17817, 218
10138, 0, 58, 126, 114, 16, 10.99%, 0, 21, 4, 0.30, 17838, 218
10148, 0, 58, 126, 114, 16, 10.99%, 0, 21, 4, 0.31, 17843, 218
10159, 0, 58, 127, 115, 16, 11.04%, 0, 21, 4, 0.20, 17864, 219
10169, 0, 58, 127, 115, 16, 11.04%, 0, 21, 4, 0.19, 17865, 219
10179, 0, 58, 127, 115, 16, 11.04%, 0, 21, 4, 0.19, 17866, 219
10189, 0, 58, 127, 115, 16, 11.04%, 0, 21, 4, 0.19, 17868, 219
10199, 0, 58, 127, 115, 16, 11.04%, 0, 21, 4, 0.19, 17870, 219
10209, 0, 58, 127, 115, 16, 11.04%, 0, 21, 4, 0.20, 17874, 219
10219, 0, 58, 127, 115, 16, 11.04%, 0, 21, 4, 0.19, 17875, 219
10229, 0, 58, 127, 115, 16, 11.04%, 0, 21, 4, 0.19, 17877, 219
10240, 0, 58, 127, 115, 16, 11.04%, 0, 21, 4, 0.21, 17881, 219
10250, 0, 58, 127, 115, 16, 11.04%, 0, 21, 4, 0.10, 17889, 219
10260, 0, 58, 127, 115, 16, 11.04%, 0, 21, 4, 0.10, 17894, 219
10270, 0, 58, 127, 115, 16, 11.04%, 0, 21, 4, 0.10, 17895, 219
10281, 0, 58, 127, 115, 16, 11.04%, 0, 21, 4, 0.30, 17903, 219
10291, 0, 58, 127, 115, 16, 11.04%, 0, 21, 4, 0.20, 17914, 219
10301, 0, 58, 127, 115, 16, 11.04%, 0, 21, 4, 0.19, 17915, 219
10311, 0, 58, 127, 115, 16, 11.04%, 0, 21, 4, 0.21, 17919, 219
10321, 0, 58, 127, 115, 16, 11.04%, 0, 21, 4, 0.20, 17921, 219
10331, 0, 58, 127, 115, 16, 11.04%, 0, 21, 4, 0.21, 17924, 219
10342, 0, 58, 127, 115, 16, 11.04%, 0, 21, 4, 0.23, 17929, 219
10353, 0, 58, 127, 115, 16, 11.04%, 0, 21, 4, 0.10, 17946, 219
10363, 0, 58, 127, 115, 16, 11.04%, 0, 21, 4, 0.20, 17953, 219
10373, 0, 58, 127, 115, 16, 11.04%, 0, 21, 4, 0.20, 17959, 219
10383, 0, 58, 127, 115, 16, 11.04%, 0, 21, 4, 0.20, 17961, 219
10394, 0, 58, 127, 115, 16, 11.04%, 0, 21, 4, 0.39, 17972, 219
10404, 0, 58, 127, 115, 16, 11.04%, 0, 21, 4, 0.10, 17978, 219
10416, 0, 58, 128, 116, 16, 11.04%, 0, 21, 4, 0.10, 18015, 219
10426, 0, 58, 128, 116, 16, 11.04%, 0, 21, 4, 0.11, 18017, 219
10436, 0, 58, 128, 116, 16, 11.04%, 0, 21, 4, 0.10, 18023, 219
10447, 0, 58, 128, 116, 16, 11.04%, 0, 21, 4, 0.39, 18034, 219
10457, 0, 58, 128, 116, 16, 11.04%, 0, 21, 4, 0.20, 18040, 219
10467, 0, 58, 128, 116, 16, 11.04%, 0, 21, 4, 0.20, 18047, 219
10477, 0, 58, 128, 116, 16, 11.04%, 0, 21, 4, 0.19, 18048, 219
10488, 0, 58, 128, 116, 16, 11.04%, 0, 21, 4, 0.39, 18059, 219
10498, 0, 58, 128, 116, 16, 11.04%, 0, 21, 4, 0.38, 18061, 219
10508, 0, 58, 128, 116, 16, 11.04%, 0, 21, 4, 0.36, 18062, 219
10519, 0, 58, 128, 116, 16, 11.04%, 0, 21, 4, 0.20, 18073, 219
10530, 0, 58, 128, 116, 16, 11.04%, 0, 21, 4, 0.30, 18091, 219
10540, 0, 58, 128, 116, 16, 11.04%, 0, 21, 4, 0.30, 18096, 219
10550, 0, 58, 128, 116, 16, 11.04%, 0, 21, 4, 0.28, 18097, 219
10560, 0, 58, 128, 116, 16, 11.04%, 0, 21, 4, 0.30, 18102, 219
10571, 0, 58, 128, 116, 16, 11.04%, 0, 21, 4, 0.29, 18104, 219
10581, 0, 58, 128, 116, 16, 11.04%, 0, 21, 4, 0.29, 18107, 219
10591, 0, 58, 128, 116, 16, 11.04%, 0, 21, 4, 0.30, 18111, 219
10601, 0, 58, 128, 116, 16, 11.04%, 0, 21, 4, 0.28, 18112, 219
10611, 0, 58, 128, 116, 16, 11.04%, 0, 21, 4, 0.27, 18113, 219
10621, 0, 58, 128, 116, 16, 11.04%, 0, 21, 4, 0.26, 18114, 219
10631, 0, 58, 128, 116, 16, 11.04%, 0, 21, 4, 0.27, 18118, 219
10642, 0, 58, 128, 116, 16, 11.04%, 0, 21, 4, 0.10, 18123, 219
10652, 0, 58, 128, 116, 16, 11.04%, 0, 21, 4, 0.20, 18129, 219
10662, 0, 58, 128, 116, 16, 11.04%, 0, 21, 4, 0.19, 18130, 219
10672, 0, 58, 128, 116, 16, 11.04%, 0, 21, 4, 0.19, 18131, 219
10682, 0, 58, 128, 116, 16, 11.04%, 0, 21, 4, 0.39, 18139, 219
10692, 0, 58, 128, 116, 16, 11.04%, 0, 21, 4, 0.38, 18140, 219
10702, 0, 58, 128, 116, 16, 11.04%, 0, 21, 4, 0.36, 18141, 219
10712, 0, 58, 128, 116, 16, 11.04%, 0, 21, 4, 0.35, 18144, 219
10723, 0, 58, 128, 116, 16, 11.04%, 0, 21, 4, 0.49, 18155, 219
10733, 0, 58, 128, 116, 16, 11.04%, 0, 21, 4, 0.48, 18158, 219
10743, 0, 58, 128, 116, 16, 11.04%, 0, 21, 4, 0.10, 18163, 219
10753, 0, 58, 128, 116, 16, 11.04%, 0, 21, 4, 0.20, 18169, 219
10764, 0, 58, 128, 116, 16, 11.04%, 0, 21, 4, 0.39, 18186, 219
10776, 0, 58, 128, 116, 16, 11.04%, 0, 21, 4, 0.20, 18215, 219
10786, 0, 58, 128, 116, 16, 11.04%, 0, 21, 4, 0.20, 18218, 219
10797, 0, 58, 128, 116, 16, 11.04%, 0, 21, 4, 0.10, 18230, 219
10807, 0, 58, 128, 116, 16, 11.04%, 0, 21, 4, 0.20, 18241, 219
10818, 0, 58, 128, 116, 16, 11.04%, 0, 21, 4, 0.20, 18248, 219
10828, 0, 58, 128, 116, 16, 11.04%, 0, 21, 4, 0.20, 18251, 219
10838, 0, 58, 128, 116, 16, 11.04%, 0, 21, 4, 0.20, 18252, 219
10849, 0, 58, 128, 116, 16, 11.04%, 0, 21, 4, 0.39, 18269, 219
10859, 0, 58, 128, 116, 16, 11.04%, 0, 21, 4, 0.39, 18273, 219
10869, 0, 58, 128, 116, 16, 11.04%, 0, 21, 4, 0.37, 18274, 219
10879, 0, 58, 128, 116, 16, 11.04%, 0, 21, 4, 0.10, 18279, 219
10890, 0, 58, 128, 116, 16, 11.04%, 0, 21, 4, 0.10, 18286, 219
10900, 0, 58, 128, 116, 16, 11.04%, 0, 21, 4, 0.11, 18289, 219
10910, 0, 58, 128, 116, 16, 11.04%, 0, 21, 4, 0.10, 18294, 219
10920, 0, 58, 128, 116, 16, 11.04%, 0, 21, 4, 0.10, 18295, 219
10930, 0, 58, 128, 116, 16, 11.04%, 0, 21, 4, 0.59, 18301, 219
10940, 0, 58, 128, 116, 16, 11.04%, 0, 21, 4, 0.57, 18305, 219
10951, 0, 58, 128, 116, 16, 11.04%, 0, 21, 4, 0.10, 18323, 219
10962, 0, 58, 128, 116, 16, 11.04%, 0, 21, 4, 0.11, 18325, 219
10972, 0, 58, 128, 116, 16, 11.04%, 0, 21, 4, 0.30, 18330, 219
10982, 0, 58, 128, 116, 16, 11.04%, 0, 21, 4, 0.31, 18335, 219
10993, 0, 58, 128, 116, 16, 11.04%, 0, 21, 4, 0.39, 18344, 219
11003, 0, 58, 128, 116, 16, 11.04%, 0, 21, 4, 0.20, 18350, 219
11013, 0, 58, 128, 116, 16, 11.04%, 0, 21, 4, 0.10, 18357, 219
11023, 0, 58, 128, 116, 16, 11.04%, 0, 21, 4, 0.20, 18364, 219
11034, 0, 58, 128, 116, 16, 11.04%, 0, 21, 4, 0.21, 18368, 219
11044, 0, 58, 128, 116, 16, 11.04%, 0, 21, 4, 0.20, 18369, 219
11054, 0, 58, 128, 116, 16, 11.04%, 0, 21, 4, 0.20, 18384, 219
11065, 0, 58, 129, 117, 16, 11.04%, 0, 21, 4, 0.10, 18396, 219
11075, 0, 58, 129, 117, 16, 11.04%, 0, 21, 4, 0.11, 18398, 219
11086, 0, 58, 129, 117, 16, 11.04%, 0, 21, 4, 0.10, 18403, 219
11096, 0, 58, 129, 117, 16, 11.04%, 0, 21, 4, 0.10, 18404, 219
11106, 0, 58, 129, 117, 16, 11.04%, 0, 21, 4, 0.20, 18410, 219
11116, 0, 58, 129, 117, 16, 11.04%, 0, 21, 4, 0.20, 18412, 219
11126, 0, 58, 129, 117, 16, 11.04%, 0, 21, 4, 0.21, 18416, 219
11137, 0, 58, 129, 117, 16, 11.04%, 0, 21, 4, 0.49, 18426, 219
11147, 0, 58, 129, 117, 16, 11.04%, 0, 21, 4, 0.20, 18437, 219
11157, 0, 58, 129, 117, 16, 11.04%, 0, 21, 4, 0.19, 18438, 219
11168, 0, 58, 129, 117, 16, 11.04%, 0, 21, 4, 0.30, 18461, 219
11179, 0, 58, 129, 117, 16, 11.04%, 0, 21, 4, 0.29, 18469, 219
11189, 0, 58, 129, 117, 16, 11.04%, 0, 21, 4, 0.29, 18472, 219
11199, 0, 58, 129, 117, 16, 11.04%, 0, 21, 4, 0.30, 18481, 219
11209, 0, 58, 129, 117, 16, 11.04%, 0, 21, 4, 0.30, 18484, 219
11219, 0, 58, 129, 117, 16, 11.04%, 0, 21, 4, 0.30, 18487, 219
11229, 0, 58, 129, 117, 16, 11.04%, 0, 21, 4, 0.29, 18489, 219
11240, 0, 58, 129, 117, 16, 11.04%, 0, 21, 4, 0.39, 18498, 219
11250, 0, 58, 129, 117, 16, 11.04%, 0, 21, 4, 0.40, 18503, 219
11261, 0, 58, 130, 118, 16, 11.04%, 0, 21, 4, 0.20, 18514, 219
11272, 0, 58, 130, 118, 16, 11.04%, 0, 21, 4, 0.19, 18515, 219
11282, 0, 58, 130, 118, 16, 11.04%, 0, 21, 4, 0.59, 18530, 219
11293, 0, 58, 130, 118, 16, 11.04%, 0, 21, 4, 0.39, 18539, 219
11303, 0, 58, 130, 118, 16, 11.04%, 0, 21, 4, 0.39, 18542, 219
11313, 0, 58, 130, 118, 16, 11.04%, 0, 21, 4, 0.10, 18546, 219
11323, 0, 58, 130, 118, 16, 11.04%, 0, 21, 4, 0.11, 18549, 219
11333, 0, 58, 130, 118, 16, 11.04%, 0, 21, 4, 0.10, 18552, 219
11343, 0, 58, 130, 118, 16, 11.04%, 0, 21, 4, 0.11, 18554, 219
11354, 0, 58, 130, 118, 16, 11.04%, 0, 21, 4, 0.20, 18558, 219
11364, 0, 58, 130, 118, 16, 11.04%, 0, 21, 4, 0.39, 18565, 219
11374, 0, 58, 130, 118, 16, 11.04%, 0, 21, 4, 0.38, 18567, 219
11385, 0, 58, 130, 118, 16, 11.04%, 0, 21, 4, 0.37, 18570, 219
11395, 0, 58, 130, 118, 16, 11.04%, 0, 21, 4, 0.37, 18573, 219
11405, 0, 58, 130, 118, 16, 11.04%, 0, 21, 4, 0.35, 18574, 219
11415, 0, 58, 130, 118, 16, 11.04%, 0, 21, 4, 0.30, 18582, 219
11426, 0, 58, 130, 118, 16, 11.04%, 0, 21, 4, 0.20, 18594, 219
11436, 0, 58, 130, 118, 16, 11.04%, 0, 21, 4, 0.20, 18597, 219
11446, 0, 58, 130, 118, 16, 11.04%, 0, 21, 4, 0.20, 18599, 219
11456, 0, 58, 130, 118, 16, 11.04%, 0, 21, 4, 0.20, 18601, 219
11467, 0, 58, 130, 118, 16, 11.04%, 0, 21, 4, 0.30, 18609, 219
11477, 0, 58, 130, 118, 16, 11.04%, 0, 21, 4, 0.49, 18617, 219
11487, 0, 58, 130, 118, 16, 11.04%, 0, 21, 4, 0.47, 18619, 219
11497, 0, 58, 130, 118, 16, 11.04%, 0, 21, 4, 0.45, 18621, 219
11507, 0, 58, 130, 118, 16, 11.04%, 0, 21, 4, 0.43, 18622, 219
11518, 0, 58, 130, 118, 16, 11.04%, 0, 21, 4, 0.43, 18626, 219
11528, 0, 58, 130, 118, 16, 11.04%, 0, 21, 4, 0.49, 18635, 219
11538, 0, 58, 130, 118, 16, 11.04%, 0, 21, 4, 0.47, 18636, 219
11548, 0, 58, 130, 118, 16, 11.04%, 0, 21, 4, 0.45, 18638, 219
11558, 0, 58, 130, 118, 16, 11.04%, 0, 21, 4, 0.43, 18639, 219
11568, 0, 58, 130, 118, 16, 11.04%, 0, 21, 4, 0.41, 18640, 219
11579, 0, 58, 130, 118, 16, 11.04%, 0, 21, 4, 0.39, 18647, 219
11589, 0, 58, 130, 118, 16, 11.04%, 0, 21, 4, 0.10, 18652, 219
11599, 0, 58, 130, 118, 16, 11.04%, 0, 21, 4, 0.30, 18659, 219
11610, 0, 58, 130, 118, 16, 11.04%, 0, 21, 4, 0.39, 18667, 219
11621, 0, 58, 130, 118, 16, 11.04%, 0, 21, 4, 0.10, 18699, 219
11631, 0, 58, 130, 118, 16, 11.04%, 0, 21, 4, 0.10, 18700, 219
11641, 0, 58, 130, 118, 16, 11.04%, 0, 21, 4, 0.10, 18705, 219
11652, 0, 58, 130, 118, 16, 11.04%, 0, 21, 4, 0.11, 18708, 219
11662, 0, 58, 130, 118, 16, 11.04%, 0, 21, 4, 0.12, 18710, 219
11672, 0, 58, 130, 118, 16, 11.04%, 0, 21, 4, 0.39, 18723, 219
11683, 0, 58, 130, 118, 16, 11.04%, 0, 21, 4, 0.20, 18730, 219
11693, 0, 58, 130, 118, 16, 11.04%, 0, 21, 4, 0.39, 18739, 219
11703, 0, 58, 130, 118, 16, 11.04%, 0, 21, 4, 0.38, 18740, 219
11713, 0, 58, 130, 118, 16, 11.04%, 0, 21, 4, 0.37, 18743, 219
11724, 0, 58, 130, 118, 16, 11.04%, 0, 21, 4, 0.39, 18757, 219
11734, 0, 58, 130, 118, 16, 11.04%, 0, 21, 4, 0.39, 18760, 219
11744, 0, 58, 130, 118, 16, 11.04%, 0, 21, 4, 0.38, 18763, 219
11755, 0, 58, 130, 118, 16, 11.04%, 0, 21, 4, 0.39, 18772, 219
11765, 0, 58, 130, 118, 16, 11.04%, 0, 21, 4, 0.10, 18777, 219
11776, 0, 58, 130, 118, 16, 11.04%, 0, 21, 4, 0.29, 18788, 219
11786, 0, 58, 130, 118, 16, 11.04%, 0, 21, 4, 0.28, 18789, 219
11796, 0, 58, 130, 118, 16, 11.04%, 0, 21, 4, 0.27, 18790, 219
11806, 0, 58, 130, 118, 16, 11.04%, 0, 21, 4, 0.29, 18800, 219
11816, 0, 58, 130, 118, 16, 11.04%, 0, 21, 4, 0.29, 18802, 219
11827, 0, 58, 131, 119, 16, 11.04%, 0, 21, 4, 0.39, 18826, 219
11838, 0, 58, 131, 119, 16, 11.04%, 0, 21, 4, 0.39, 18829, 219
11849, 0, 58, 131, 119, 16, 11.04%, 0, 21, 4, 0.20, 18859, 219
11864, 0, 58, 132, 120, 16, 11.04%, 0, 21, 4, 1.54, 18873, 219
11875, 0, 58, 132, 120, 16, 11.04%, 0, 21, 4, 0.20, 18879, 219
11885, 0, 58, 132, 120, 16, 11.04%, 0, 21, 4, 0.20, 18882, 219
11895, 0, 58, 132, 120, 16, 11.04%, 0, 21, 4, 0.21, 18885, 219
11905, 0, 58, 132, 120, 16, 11.04%, 0, 21, 4, 0.39, 18894, 219
11916, 0, 58, 132, 120, 16, 11.04%, 0, 21, 4, 0.38, 18896, 219
11926, 0, 58, 132, 120, 16, 11.04%, 0, 21, 4, 0.37, 18898, 219
11936, 0, 58, 132, 120, 16, 11.04%, 0, 21, 4, 0.37, 18902, 219
11946, 0, 58, 132, 120, 16, 11.04%, 0, 21, 4, 0.10, 18906, 219
11956, 0, 58, 132, 120, 16, 11.04%, 0, 21, 4, 0.11, 18908, 219
11967, 0, 58, 132, 120, 16, 11.04%, 0, 21, 4, 0.30, 18918, 219
11977, 0, 58, 132, 120, 16, 11.04%, 0, 21, 4, 0.30, 18921, 219
11987, 0, 58, 132, 120, 16, 11.04%, 0, 21, 4, 0.10, 18927, 219
11998, 0, 58, 133, 121, 16, 11.04%, 0, 21, 4, 0.29, 18938, 219
12008, 0, 58, 133, 121, 16, 11.04%, 0, 21, 4, 0.10, 18945, 219
12019, 0, 58, 133, 121, 16, 11.04%, 0, 21, 4, 0.30, 18963, 219
12029, 0, 58, 133, 121, 16, 11.04%, 0, 21, 4, 0.30, 18966, 219
12039, 0, 58, 133, 121, 16, 11.04%, 0, 21, 4, 0.28, 18967, 219
12050, 0, 58, 133, 121, 16, 11.04%, 0, 21, 4, 0.10, 18986, 219
12061, 0, 58, 133, 121, 16, 11.04%, 0, 21, 4, 0.20, 19001, 219
12071, 0, 58, 133, 121, 16, 11.04%, 0, 21, 4, 0.20, 19003, 219
12089, 0, 58, 133, 121, 16, 11.04%, 0, 21, 4, 0.19, 19004, 219
12100, 0, 58, 133, 121, 16, 11.04%, 0, 22, 4, 0.10, 19012, 219
12110, 0, 58, 133, 121, 16, 11.04%, 0, 22, 4, 0.30, 19019, 219
12121, 0, 58, 133, 121, 16, 11.04%, 0, 22, 4, 0.30, 19022, 219
12131, 0, 58, 133, 121, 16, 11.04%, 0, 22, 4, 0.31, 19027, 219
12141, 0, 58, 133, 121, 16, 11.04%, 0, 22, 4, 0.31, 19031, 219
12152, 0, 58, 133, 121, 16, 11.04%, 0, 22, 4, 0.39, 19043, 219
12163, 0, 58, 133, 121, 16, 11.04%, 0, 22, 4, 0.10, 19066, 219
12173, 0, 58, 133, 121, 16, 11.04%, 0, 22, 4, 0.12, 19070, 219
12183, 0, 58, 133, 121, 16, 11.04%, 0, 22, 4, 0.15, 19076, 219
12194, 0, 58, 133, 121, 16, 11.04%, 0, 22, 4, 0.59, 19093, 219
12204, 0, 58, 133, 121, 16, 11.04%, 0, 22, 4, 0.10, 19101, 219
12214, 0, 58, 133, 121, 16, 11.04%, 0, 22, 4, 0.39, 19109, 219
12225, 0, 58, 133, 121, 16, 11.04%, 0, 22, 4, 0.29, 19115, 219
12235, 0, 58, 133, 121, 16, 11.04%, 0, 22, 4, 0.28, 19116, 219
12245, 0, 58, 133, 121, 16, 11.04%, 0, 22, 4, 0.30, 19127, 219
12257, 0, 58, 133, 121, 16, 11.04%, 0, 22, 4, 0.49, 19149, 219
12267, 0, 58, 133, 121, 16, 11.04%, 0, 22, 4, 0.48, 19153, 219
12277, 0, 58, 133, 121, 16, 11.04%, 0, 22, 4, 0.10, 19159, 219
12287, 0, 58, 133, 121, 16, 11.04%, 0, 22, 4, 0.11, 19161, 219
12297, 0, 58, 133, 121, 16, 11.04%, 0, 22, 4, 0.10, 19168, 219
12308, 0, 58, 133, 121, 16, 11.04%, 0, 22, 4, 0.30, 19175, 219
12318, 0, 58, 133, 121, 16, 11.04%, 0, 22, 4, 0.32, 19182, 219
12328, 0, 58, 133, 121, 16, 11.04%, 0, 22, 4, 0.32, 19185, 219
12338, 0, 58, 133, 121, 16, 11.04%, 0, 22, 4, 0.31, 19186, 219
12349, 0, 58, 133, 121, 16, 11.04%, 0, 22, 4, 0.39, 19194, 219
12359, 0, 58, 133, 121, 16, 11.04%, 0, 22, 4, 0.38, 19196, 219
12369, 0, 58, 133, 121, 16, 11.04%, 0, 22, 4, 0.10, 19202, 219
12379, 0, 58, 133, 121, 16, 11.04%, 0, 22, 4, 0.11, 19204, 219
12389, 0, 58, 133, 121, 16, 11.04%, 0, 22, 4, 0.39, 19214, 219
12401, 0, 58, 133, 121, 16, 11.04%, 0, 22, 4, 0.10, 19240, 219
12411, 0, 58, 133, 121, 16, 11.04%, 0, 22, 4, 0.12, 19244, 219
12421, 0, 58, 133, 121, 16, 11.04%, 0, 22, 4, 0.12, 19245, 219
12431, 0, 58, 133, 121, 16, 11.04%, 0, 22, 4, 0.20, 19251, 219
12442, 0, 58, 133, 121, 16, 11.04%, 0, 22, 4, 0.20, 19254, 219
12452, 0, 58, 133, 121, 16, 11.04%, 0, 22, 4, 0.21, 19257, 219
12462, 0, 58, 133, 121, 16, 11.04%, 0, 22, 4, 0.22, 19261, 219
12472, 0, 58, 133, 121, 16, 11.04%, 0, 22, 4, 0.22, 19263, 219
12482, 0, 58, 133, 121, 16, 11.04%, 0, 22, 4, 0.30, 19271, 219
12492, 0, 58, 133, 121, 16, 11.04%, 0, 22, 4, 0.29, 19273, 219
12503, 0, 58, 133, 121, 16, 11.04%, 0, 22, 4, 0.29, 19276, 219
12513, 0, 58, 133, 121, 16, 11.04%, 0, 22, 4, 0.10, 19283, 219
12523, 0, 58, 133, 121, 16, 11.04%, 0, 22, 4, 0.12, 19288, 219
12533, 0, 58, 133, 121, 16, 11.04%, 0, 22, 4, 0.12, 19289, 219
12544, 0, 58, 133, 121, 16, 11.04%, 0, 22, 4, 0.30, 19297, 219
12554, 0, 58, 133, 121, 16, 11.04%, 0, 22, 4, 0.10, 19302, 219
12564, 0, 58, 133, 121, 16, 11.04%, 0, 22, 4, 0.11, 19304, 219
12575, 0, 58, 133, 121, 16, 11.04%, 0, 22, 4, 0.49, 19320, 219
12585, 0, 58, 133, 121, 16, 11.04%, 0, 22, 4, 0.48, 19323, 219
12595, 0, 58, 133, 121, 16, 11.04%, 0, 22, 4, 0.20, 19332, 219
12605, 0, 58, 133, 121, 16, 11.04%, 0, 22, 4, 0.19, 19333, 219
12615, 0, 58, 133, 121, 16, 11.04%, 0, 22, 4, 0.19, 19334, 219
12626, 0, 58, 133, 121, 16, 11.04%, 0, 22, 4, 0.30, 19342, 219
12636, 0, 58, 133, 121, 16, 11.04%, 0, 22, 4, 0.10, 19347, 219
12647, 0, 58, 133, 121, 16, 11.04%, 0, 22, 4, 0.10, 19367, 219
12657, 0, 58, 133, 121, 16, 11.04%, 0, 22, 4, 0.10, 19368, 219
12667, 0, 58, 133, 121, 16, 11.04%, 0, 22, 4, 0.10, 19374, 219
12678, 0, 58, 133, 121, 16, 11.04%, 0, 22, 4, 0.20, 19385, 219
12688, 0, 58, 133, 121, 16, 11.04%, 0, 22, 4, 0.21, 19389, 219
12698, 0, 58, 133, 121, 16, 11.04%, 0, 22, 4, 0.23, 19394, 219
12708, 0, 58, 133, 121, 16, 11.04%, 0, 22, 4, 0.22, 19395, 219
12718, 0, 58, 133, 121, 16, 11.04%, 0, 23, 4, 0.24, 19400, 219
12729, 0, 58, 133, 121, 16, 11.04%, 0, 23, 4, 0.10, 19411, 219
12739, 0, 58, 133, 121, 16, 11.04%, 0, 23, 4, 0.12, 19415, 219
12749, 0, 58, 133, 121, 16, 11.04%, 0, 23, 4, 0.20, 19422, 219
12760, 0, 58, 133, 121, 16, 11.04%, 0, 23, 4, 0.20, 19424, 219
12770, 0, 58, 133, 121, 16, 11.04%, 0, 23, 4, 0.20, 19426, 219
12780, 0, 58, 133, 121, 16, 11.04%, 0, 23, 4, 0.10, 19433, 219
12791, 0, 58, 134, 122, 16, 11.04%, 0, 23, 4, 0.20, 19454, 219
12801, 0, 58, 134, 122, 16, 11.04%, 0, 23, 4, 0.19, 19455, 219
12811, 0, 58, 134, 122, 16, 11.04%, 0, 23, 4, 0.20, 19458, 219
12821, 0, 58, 134, 122, 16, 11.04%, 0, 23, 4, 0.20, 19460, 219
12832, 0, 58, 134, 122, 16, 11.04%, 0, 23, 4, 0.39, 19471, 219
12842, 0, 58, 134, 122, 16, 11.04%, 0, 23, 4, 0.38, 19473, 219
12852, 0, 58, 134, 122, 16, 11.04%, 0, 23, 4, 0.39, 19482, 219
12863, 0, 58, 134, 122, 16, 11.04%, 0, 23, 4, 0.10, 19487, 219
12873, 0, 58, 134, 122, 16, 11.04%, 0, 23, 4, 0.10, 19493, 219
12883, 0, 58, 134, 122, 16, 11.04%, 0, 23, 4, 0.12, 19497, 219
12893, 0, 58, 134, 122, 16, 11.04%, 0, 23, 4, 0.12, 19498, 219
12904, 0, 58, 134, 122, 16, 11.04%, 0, 23, 4, 0.20, 19516, 219
12914, 0, 58, 134, 122, 16, 11.04%, 0, 23, 4, 0.10, 19525, 219
12924, 0, 58, 134, 122, 16, 11.04%, 0, 23, 4, 0.10, 19526, 219
12934, 0, 58, 134, 122, 16, 11.04%, 0, 23, 4, 0.11, 19529, 219
12945, 0, 58, 134, 122, 16, 11.04%, 0, 23, 4, 0.39, 19537, 219
12955, 0, 58, 134, 122, 16, 11.04%, 0, 23, 4, 0.10, 19550, 219
12966, 0, 58, 134, 122, 16, 11.04%, 0, 23, 4, 0.11, 19552, 219
12976, 0, 58, 134, 122, 16, 11.04%, 0, 23, 4, 0.39, 19560, 219
12986, 0, 58, 134, 122, 16, 11.04%, 0, 23, 4, 0.20, 19566, 219
12996, 0, 58, 134, 122, 16, 11.04%, 0, 23, 4, 0.19, 19567, 219
13006, 0, 58, 134, 122, 16, 11.04%, 0, 23, 4, 0.19, 19569, 219
13016, 0, 58, 134, 122, 16, 11.04%, 0, 23, 4, 0.19, 19571, 219
13027, 0, 58, 134, 122, 16, 11.04%, 0, 23, 4, 0.30, 19579, 219
13037, 0, 58, 134, 122, 16, 11.04%, 0, 23, 4, 0.28, 19580, 219
13047, 0, 58, 134, 122, 16, 11.04%, 0, 23, 4, 0.28, 19582, 219
13057, 0, 58, 134, 122, 16, 11.04%, 0, 23, 4, 0.29, 19586, 219
13068, 0, 58, 134, 122, 16, 11.04%, 0, 23, 4, 0.30, 19598, 219
13078, 0, 58, 134, 122, 16, 11.04%, 0, 23, 4, 0.30, 19602, 219
13088, 0, 58, 134, 122, 16, 11.04%, 0, 23, 4, 0.20, 19608, 219
13098, 0, 58, 134, 122, 16, 11.04%, 0, 23, 4, 0.20, 19610, 219
13109, 0, 58, 134, 122, 16, 11.04%, 0, 23, 4, 0.10, 19615, 219
13119, 0, 58, 134, 122, 16, 11.04%, 0, 23, 4, 0.20, 19629, 219
13131, 0, 58, 134, 122, 16, 11.04%, 0, 23, 4, 0.39, 19672, 219
13142, 0, 58, 134, 122, 16, 11.04%, 0, 23, 4, 0.39, 19676, 219
13152, 0, 58, 134, 122, 16, 11.04%, 0, 23, 4, 0.30, 19698, 219
13162, 0, 58, 134, 122, 16, 11.04%, 0, 23, 4, 0.29, 19700, 219
13172, 0, 58, 134, 122, 16, 11.04%, 0, 23, 4, 0.28, 19702, 219
13184, 0, 58, 134, 122, 16, 11.04%, 0, 23, 4, 0.10, 19728, 219
13198, 0, 58, 134, 122, 16, 11.04%, 0, 23, 4, 0.49, 19808, 219
13210, 0, 63, 134, 120, 17, 11.04%, 0, 23, 4, 0.10, 19854, 219
13221, 0, 63, 134, 120, 17, 11.04%, 0, 23, 4, 0.10, 19899, 219
13231, 0, 63, 134, 120, 17, 11.04%, 0, 23, 4, 0.11, 19902, 219
13242, 0, 63, 134, 120, 17, 11.04%, 0, 23, 4, 0.59, 19922, 219
13252, 0, 63, 134, 120, 17, 11.04%, 0, 23, 4, 0.10, 19923, 219
13262, 0, 63, 134, 120, 17, 11.04%, 0, 23, 4, 0.10, 19924, 219
13272, 0, 63, 134, 120, 17, 11.04%, 0, 23, 4, 0.10, 19925, 219
13282, 0, 63, 134, 120, 17, 11.04%, 0, 23, 4, 0.10, 19926, 219
13292, 0, 63, 134, 120, 17, 11.04%, 0, 23, 4, 0.11, 19929, 219
13303, 0, 63, 134, 120, 17, 11.04%, 0, 23, 4, 0.10, 19941, 219
13313, 0, 63, 134, 120, 17, 11.04%, 0, 23, 4, 0.68, 19948, 219
13323, 0, 63, 134, 120, 17, 11.04%, 0, 23, 4, 0.10, 19949, 219
13333, 0, 63, 134, 120, 17, 11.04%, 0, 23, 4, 0.11, 19952, 219
13344, 0, 63, 134, 120, 17, 11.04%, 0, 23, 4, 0.10, 19984, 219
13354, 0, 63, 134, 120, 17, 11.04%, 0, 23, 4, 0.10, 19985, 219
13364, 0, 63, 134, 120, 17, 11.04%, 0, 23, 4, 0.12, 19989, 219
13374, 0, 63, 134, 120, 17, 11.04%, 0, 23, 4, 0.12, 19991, 219
13386, 0, 63, 134, 120, 17, 11.04%, 0, 23, 4, 0.30, 20029, 219
13396, 0, 39, 134, 119, 16, 11.04%, 0, 23, 4, 0.10, 20055, 219
13406, 0, 39, 134, 119, 16, 11.04%, 0, 23, 4, 0.11, 20057, 219
13417, 0, 39, 134, 119, 16, 11.04%, 0, 23, 4, 0.13, 20062, 219
13427, 0, 39, 134, 119, 16, 11.04%, 0, 23, 4, 0.30, 20073, 219
13437, 0, 39, 134, 119, 16, 11.04%, 0, 23, 4, 0.31, 20078, 219
13447, 0, 39, 134, 119, 16, 11.04%, 0, 23, 4, 0.31, 20081, 219
13457, 0, 39, 134, 119, 16, 11.04%, 0, 23, 4, 0.30, 20082, 219
13467, 0, 39, 134, 119, 16, 11.04%, 0, 23, 4, 0.29, 20084, 219
13477, 0, 39, 134, 119, 16, 11.04%, 0, 23, 4, 0.28, 20085, 219
13487, 0, 39, 134, 119, 16, 11.04%, 0, 24, 4, 0.28, 20089, 219
13498, 0, 39, 134, 119, 16, 11.04%, 0, 24, 4, 0.28, 20091, 219
13508, 0, 39, 135, 120, 16, 11.04%, 0, 24, 4, 0.10, 20107, 219
13518, 0, 39, 135, 120, 16, 11.04%, 0, 24, 4, 0.11, 20110, 219
13528, 0, 39, 135, 120, 16, 11.04%, 0, 24, 4, 0.59, 20116, 219
13538, 0, 39, 135, 120, 16, 11.04%, 0, 24, 4, 0.10, 20117, 219
13549, 0, 39, 135, 120, 16, 11.04%, 0, 24, 4, 0.12, 20122, 219
13559, 0, 39, 135, 120, 16, 11.04%, 0, 24, 4, 0.12, 20123, 219
13569, 0, 39, 135, 120, 16, 11.04%, 0, 24, 4, 0.15, 20129, 219
13581, 0, 39, 135, 120, 16, 11.04%, 0, 24, 4, 0.10, 20207, 219
13593, 0, 39, 136, 121, 16, 11.04%, 0, 24, 4, 0.30, 20269, 219
13603, 0, 39, 136, 121, 16, 11.04%, 0, 24, 4, 0.30, 20273, 219
13616, 0, 44, 136, 119, 15, 11.04%, 0, 24, 4, 0.39, 20356, 219
13626, 0, 44, 136, 119, 15, 11.04%, 0, 24, 4, 0.49, 20368, 219
13637, 0, 44, 136, 119, 15, 11.04%, 0, 24, 4, 0.49, 20372, 219
13649, 0, 44, 136, 119, 15, 11.04%, 0, 24, 4, 0.40, 20455, 219
13659, 0, 44, 136, 119, 15, 11.04%, 0, 24, 4, 0.40, 20459, 219
13670, 0, 44, 137, 120, 15, 11.04%, 0, 24, 4, 0.69, 20484, 219
13680, 0, 44, 137, 120, 15, 11.04%, 0, 24, 4, 0.68, 20497, 219
13691, 0, 44, 137, 120, 15, 11.04%, 0, 24, 4, 0.10, 20505, 219
13701, 0, 44, 138, 121, 15, 11.04%, 0, 24, 4, 0.59, 20521, 219
13713, 0, 44, 139, 122, 15, 11.04%, 0, 24, 4, 0.69, 20581, 219
13724, 0, 67, 139, 121, 14, 11.04%, 0, 24, 4, 0.10, 20597, 219
13734, 0, 67, 139, 121, 14, 11.04%, 0, 24, 4, 0.12, 20602, 219
13744, 0, 67, 139, 121, 14, 11.04%, 0, 24, 4, 0.15, 20607, 219
13755, 0, 67, 139, 121, 14, 11.04%, 0, 24, 4, 0.39, 20622, 219
13765, 0, 67, 140, 122, 14, 11.04%, 0, 24, 4, 0.20, 20634, 219
13775, 0, 67, 140, 122, 14, 11.04%, 0, 24, 4, 0.21, 20638, 219
13786, 0, 67, 141, 123, 14, 11.04%, 0, 25, 4, 0.30, 20649, 219
13796, 0, 67, 141, 123, 14, 11.04%, 0, 25, 4, 0.20, 20666, 219
13806, 0, 67, 141, 123, 14, 11.04%, 0, 25, 4, 0.22, 20672, 219
13816, 0, 67, 141, 123, 14, 11.04%, 0, 25, 4, 0.22, 20673, 219
13826, 0, 67, 141, 123, 14, 11.04%, 0, 25, 4, 0.21, 20674, 219
13836, 0, 67, 141, 123, 14, 11.04%, 0, 25, 4, 0.20, 20675, 219
13846, 0, 67, 141, 123, 14, 11.04%, 0, 25, 4, 0.19, 20676, 219
13857, 0, 67, 141, 123, 14, 11.04%, 0, 25, 4, 0.20, 20678, 219
13867, 0, 67, 141, 123, 14, 11.04%, 0, 25, 4, 0.19, 20679, 219
13877, 0, 67, 141, 123, 14, 11.04%, 0, 25, 4, 0.21, 20685, 219
13887, 0, 67, 141, 123, 14, 11.04%, 0, 25, 4, 0.39, 20701, 219
13898, 0, 67, 141, 123, 14, 11.04%, 0, 25, 4, 0.49, 20729, 219
13909, 0, 67, 141, 123, 14, 11.04%, 0, 25, 4, 0.69, 20757, 219
13920, 0, 67, 141, 123, 14, 11.04%, 0, 25, 4, 0.78, 20773, 219
13930, 0, 67, 141, 123, 14, 11.04%, 0, 25, 4, 0.75, 20776, 219
13941, 0, 67, 141, 123, 14, 11.04%, 0, 25, 4, 0.20, 20808, 219
13953, 0, 46, 141, 121, 13, 11.04%, 0, 25, 4, 0.39, 20865, 219
13963, 0, 46, 141, 121, 13, 11.04%, 0, 25, 4, 0.20, 20875, 219
13973, 0, 46, 141, 121, 13, 11.04%, 0, 25, 4, 0.10, 20883, 219
13983, 0, 46, 141, 121, 13, 11.04%, 0, 25, 4, 0.12, 20887, 219
13993, 0, 46, 141, 121, 13, 11.04%, 0, 25, 4, 0.14, 20891, 219
14006, 0, 46, 141, 121, 13, 11.04%, 0, 25, 4, 0.40, 20958, 219
14016, 0, 46, 141, 121, 13, 11.04%, 0, 25, 4, 0.49, 20970, 219
14027, 0, 46, 141, 121, 13, 11.04%, 0, 25, 4, 0.40, 20988, 219
14037, 0, 46, 141, 121, 13, 11.04%, 0, 25, 4, 0.39, 20991, 219
14047, 0, 46, 141, 121, 13, 11.04%, 0, 25, 4, 0.37, 20992, 219
14057, 0, 46, 141, 121, 13, 11.04%, 0, 25, 4, 0.36, 20994, 219
14067, 0, 46, 141, 121, 13, 11.04%, 0, 25, 4, 0.35, 20996, 219
14077, 0, 46, 141, 121, 13, 11.04%, 0, 25, 4, 0.33, 20997, 219
14087, 0, 46, 141, 121, 13, 11.04%, 0, 25, 4, 0.35, 21003, 219
14097, 0, 46, 141, 121, 13, 11.04%, 0, 25, 4, 0.38, 21011, 219
14108, 0, 46, 141, 121, 13, 11.04%, 0, 25, 4, 0.40, 21036, 219
14118, 0, 46, 141, 121, 13, 11.04%, 0, 25, 4, 0.38, 21038, 219
14131, 0, 111, 141, 120, 12, 11.04%, 0, 25, 4, 0.49, 21137, 219
14142, 0, 111, 141, 120, 12, 11.04%, 0, 25, 4, 0.59, 21150, 219
14152, 0, 111, 141, 120, 12, 11.04%, 0, 25, 4, 0.59, 21157, 219
14162, 0, 111, 141, 120, 12, 11.04%, 0, 25, 4, 0.10, 21165, 219
14173, 0, 111, 141, 120, 12, 11.04%, 0, 25, 4, 0.59, 21183, 219
14183, 0, 111, 142, 121, 12, 11.04%, 0, 26, 5, 0.69, 21205, 219
14189, 0, 111, 142, 121, 12, 11.04%, 0, 26, 5, 0.65, 21206, 219
14199, 0, 111, 142, 121, 12, 11.04%, 0, 26, 5, 0.10, 21207, 219
14209, 0, 111, 142, 121, 12, 11.04%, 0, 26, 5, 0.11, 21210, 219
14219, 0, 111, 142, 121, 12, 11.04%, 0, 26, 5, 0.12, 21213, 219
14229, 0, 111, 143, 122, 12, 11.04%, 0, 26, 5, 0.30, 21240, 219
14241, 0, 111, 143, 122, 12, 11.04%, 0, 26, 5, 0.59, 21274, 219
14249, 0, 111, 143, 122, 12, 11.04%, 0, 26, 5, 0.56, 21275, 219
14259, 0, 111, 143, 122, 12, 11.04%, 0, 26, 5, 0.20, 21285, 219
14269, 0, 111, 143, 122, 12, 11.04%, 0, 26, 5, 0.20, 21294, 219
14279, 0, 111, 143, 122, 12, 11.04%, 0, 26, 5, 0.20, 21297, 219
14291, 0, 111, 144, 123, 12, 11.04%, 0, 26, 5, 0.39, 21345, 219
14302, 0, 51, 144, 122, 11, 11.04%, 0, 26, 5, 0.40, 21385, 219
14312, 0, 51, 144, 122, 11, 11.04%, 0, 26, 5, 0.40, 21390, 219
14322, 0, 51, 144, 122, 11, 11.04%, 0, 26, 5, 0.20, 21399, 219
14333, 0, 51, 144, 122, 11, 11.04%, 0, 26, 5, 0.40, 21410, 219
14343, 0, 51, 144, 122, 11, 11.04%, 0, 26, 5, 0.41, 21416, 219
14353, 0, 51, 144, 122, 11, 11.04%, 0, 26, 5, 0.42, 21423, 219
14363, 0, 51, 144, 122, 11, 11.04%, 0, 26, 5, 0.40, 21424, 219
14376, 0, 51, 144, 122, 11, 11.04%, 0, 26, 5, 0.30, 21505, 219
14386, 0, 51, 144, 122, 11, 11.04%, 0, 26, 5, 0.30, 21526, 219
14396, 0, 51, 144, 122, 11, 11.04%, 0, 26, 5, 0.29, 21527, 219
14407, 0, 51, 144, 122, 11, 11.04%, 0, 26, 5, 0.10, 21543, 219
14418, 0, 16, 144, 121, 10, 11.04%, 0, 26, 5, 0.78, 21587, 219
14428, 0, 16, 144, 121, 10, 11.04%, 0, 26, 5, 0.76, 21592, 219
14438, 0, 16, 144, 121, 10, 11.04%, 0, 26, 5, 0.10, 21593, 219
14448, 0, 16, 144, 121, 10, 11.04%, 0, 26, 5, 0.12, 21598, 219
14459, 0, 16, 144, 121, 10, 11.04%, 0, 26, 5, 0.59, 21627, 219
14470, 0, 16, 144, 121, 10, 11.04%, 0, 26, 5, 0.59, 21640, 219
14480, 0, 16, 144, 121, 10, 11.04%, 0, 26, 5, 0.49, 21652, 219
14491, 0, 16, 145, 122, 10, 11.04%, 0, 26, 5, 0.59, 21675, 219
14501, 0, 16, 145, 122, 10, 11.04%, 0, 26, 5, 0.10, 21676, 219
14511, 0, 16, 146, 123, 10, 11.04%, 0, 26, 5, 0.30, 21690, 219
14522, 0, 16, 146, 123, 10, 11.04%, 0, 26, 5, 0.10, 21707, 219
14532, 0, 16, 146, 123, 10, 11.04%, 0, 26, 5, 0.10, 21708, 219
14542, 0, 16, 146, 123, 10, 11.04%, 0, 26, 5, 0.11, 21711, 219
14552, 0, 16, 146, 123, 10, 11.04%, 0, 26, 5, 0.11, 21712, 219
14562, 0, 16, 146, 123, 10, 11.04%, 0, 26, 5, 0.11, 21713, 219
14572, 0, 16, 146, 123, 10, 11.04%, 0, 26, 5, 0.12, 21715, 219
14584, 0, 16, 146, 123, 10, 11.04%, 0, 26, 5, 0.10, 21762, 219
14594, 0, 16, 146, 123, 10, 11.04%, 0, 26, 5, 0.69, 21769, 219
14605, 0, 16, 146, 123, 10, 11.04%, 0, 26, 5, 0.20, 21807, 219
14616, 0, 126, 146, 121, 9, 11.04%, 0, 27, 5, 0.10, 21844, 219
14626, 0, 126, 146, 121, 9, 11.04%, 0, 27, 5, 0.11, 21846, 219
14636, 0, 126, 146, 121, 9, 11.04%, 0, 27, 5, 0.12, 21849, 219
14647, 0, 126, 146, 121, 9, 11.04%, 0, 27, 5, 0.12, 21851, 219
14657, 0, 126, 146, 121, 9, 11.04%, 0, 27, 5, 0.12, 21852, 219
14667, 0, 126, 146, 121, 9, 11.04%, 0, 27, 5, 0.13, 21854, 219
14677, 0, 126, 146, 121, 9, 11.04%, 0, 27, 5, 0.12, 21855, 219
14687, 0, 126, 146, 121, 9, 11.04%, 0, 27, 5, 0.13, 21857, 219
14697, 0, 126, 146, 121, 9, 11.04%, 0, 27, 5, 0.14, 21860, 219
14707, 0, 126, 146, 121, 9, 11.04%, 0, 27, 5, 0.14, 21862, 219
14717, 0, 126, 146, 121, 9, 11.04%, 0, 27, 5, 0.16, 21867, 219
14727, 0, 126, 146, 121, 9, 11.04%, 0, 27, 5, 0.18, 21871, 219
14738, 0, 126, 146, 121, 9, 11.04%, 0, 27, 5, 0.20, 21877, 219
14748, 0, 126, 146, 121, 9, 11.04%, 0, 27, 5, 0.20, 21878, 219
14758, 0, 126, 146, 121, 9, 11.04%, 0, 27, 5, 0.19, 21879, 219
14768, 0, 126, 146, 121, 9, 11.04%, 0, 27, 5, 0.20, 21900, 219
14780, 0, 126, 146, 121, 9, 11.04%, 0, 27, 5, 0.30, 21940, 219
14790, 0, 126, 146, 121, 9, 11.04%, 0, 27, 5, 0.30, 21944, 219
14801, 0, 126, 146, 121, 9, 11.04%, 0, 27, 5, 0.20, 21989, 219
14811, 0, 126, 146, 121, 9, 11.04%, 0, 27, 5, 0.30, 21999, 219
14821, 0, 126, 146, 121, 9, 11.04%, 0, 27, 5, 0.30, 22002, 219
14832, 0, 126, 146, 121, 9, 11.04%, 0, 27, 5, 0.20, 22010, 219
14842, 0, 126, 146, 121, 9, 11.04%, 0, 27, 5, 0.20, 22019, 219
14853, 0, 132, 146, 120, 8, 11.04%, 0, 27, 5, 0.10, 22065, 219
14863, 0, 132, 146, 120, 8, 11.04%, 0, 27, 5, 0.10, 22066, 219
14874, 0, 132, 146, 120, 8, 11.04%, 0, 27, 5, 0.20, 22090, 219
14884, 0, 132, 146, 120, 8, 11.04%, 0, 27, 5, 0.19, 22091, 219
14894, 0, 132, 146, 120, 8, 11.04%, 0, 27, 5, 0.19, 22092, 219
14904, 0, 132, 146, 120, 8, 11.04%, 0, 27, 5, 0.18, 22093, 219
14915, 0, 132, 147, 121, 8, 11.04%, 0, 27, 5, 0.39, 22108, 219
14925, 0, 132, 147, 121, 8, 11.04%, 0, 27, 5, 0.38, 22109, 219
14935, 0, 132, 147, 121, 8, 11.04%, 0, 27, 5, 0.36, 22110, 219
14945, 0, 132, 148, 122, 8, 11.04%, 0, 27, 5, 0.20, 22123, 219
14955, 0, 132, 148, 122, 8, 11.04%, 0, 27, 5, 0.20, 22126, 219
14965, 0, 132, 148, 122, 8, 11.04%, 0, 27, 5, 0.20, 22127, 219
14975, 0, 132, 148, 122, 8, 11.04%, 0, 27, 5, 0.20, 22129, 219
14985, 0, 132, 148, 122, 8, 11.04%, 0, 27, 5, 0.19, 22130, 219
14996, 0, 132, 148, 122, 8, 11.04%, 0, 27, 5, 0.22, 22136, 219
15006, 0, 132, 148, 122, 8, 11.04%, 0, 27, 5, 0.23, 22141, 219
15016, 0, 132, 148, 122, 8, 11.04%, 0, 27, 5, 0.20, 22151, 219
15026, 0, 132, 148, 122, 8, 11.04%, 0, 27, 5, 0.21, 22155, 219
15036, 0, 132, 148, 122, 8, 11.04%, 0, 27, 5, 0.10, 22162, 219
15047, 0, 132, 148, 122, 8, 11.04%, 0, 28, 5, 0.59, 22188, 219
15057, 0, 132, 148, 122, 8, 11.04%, 0, 28, 5, 0.57, 22191, 219
15069, 0, 132, 148, 122, 8, 11.04%, 0, 28, 5, 0.30, 22229, 219
15079, 0, 132, 148, 122, 8, 11.04%, 0, 28, 5, 0.30, 22233, 219
15089, 0, 132, 148, 122, 8, 11.04%, 0, 28, 5, 0.10, 22240, 219
15099, 0, 132, 148, 122, 8, 11.04%, 0, 28, 5, 0.59, 22252, 219
15109, 0, 132, 148, 122, 8, 11.04%, 0, 28, 5, 0.10, 22253, 219
15119, 0, 132, 148, 122, 8, 11.04%, 0, 28, 5, 0.10, 22254, 219
15130, 0, 132, 148, 122, 8, 11.04%, 0, 28, 5, 0.59, 22260, 219
15140, 0, 132, 148, 122, 8, 11.04%, 0, 28, 5, 0.78, 22274, 219
15151, 0, 132, 149, 123, 8, 11.04%, 0, 28, 5, 0.30, 22302, 219
15161, 0, 132, 149, 123, 8, 11.04%, 0, 28, 5, 0.30, 22305, 219
15171, 0, 132, 149, 123, 8, 11.04%, 0, 28, 5, 0.28, 22306, 219
15181, 0, 132, 149, 123, 8, 11.04%, 0, 28, 5, 0.27, 22307, 219
15191, 0, 132, 149, 123, 8, 11.04%, 0, 28, 5, 0.26, 22308, 219
15202, 0, 89, 149, 122, 7, 11.04%, 0, 28, 5, 0.20, 22346, 219
15213, 0, 89, 149, 122, 7, 11.04%, 0, 28, 5, 0.40, 22364, 219
15223, 0, 89, 149, 122, 7, 11.04%, 0, 28, 5, 0.10, 22371, 219
15233, 0, 89, 149, 122, 7, 11.04%, 0, 28, 5, 0.20, 22379, 219
15244, 0, 89, 149, 122, 7, 11.04%, 0, 28, 5, 0.68, 22394, 219
15254, 0, 89, 149, 122, 7, 11.04%, 0, 28, 5, 0.66, 22397, 219
15265, 0, 89, 149, 122, 7, 11.04%, 0, 28, 5, 0.30, 22429, 219
15275, 0, 89, 149, 122, 7, 11.04%, 0, 28, 5, 0.31, 22434, 219
15286, 0, 89, 149, 122, 7, 11.04%, 0, 28, 5, 0.31, 22438, 219
15296, 0, 89, 149, 122, 7, 11.04%, 0, 28, 5, 0.33, 22443, 219
15307, 0, 89, 149, 122, 7, 11.04%, 0, 28, 5, 0.59, 22482, 219
15317, 0, 89, 149, 122, 7, 11.04%, 0, 28, 5, 0.58, 22486, 219
15327, 0, 89, 149, 122, 7, 11.04%, 0, 28, 5, 0.55, 22488, 219
15338, 0, 89, 149, 122, 7, 11.04%, 0, 28, 5, 0.59, 22502, 219
15348, 0, 98, 149, 121, 6, 11.04%, 0, 28, 5, 0.20, 22518, 219
15358, 0, 98, 149, 121, 6, 11.04%, 0, 28, 5, 0.20, 22521, 219
15369, 0, 98, 149, 121, 6, 11.04%, 0, 28, 5, 0.21, 22524, 219
15379, 0, 98, 149, 121, 6, 11.04%, 0, 28, 5, 0.21, 22526, 219
15389, 0, 98, 149, 121, 6, 11.04%, 0, 28, 5, 0.20, 22527, 219
15399, 0, 98, 149, 121, 6, 11.04%, 0, 28, 5, 0.20, 22529, 219
15409, 0, 98, 150, 122, 6, 11.04%, 0, 28, 5, 0.10, 22553, 219
15420, 0, 98, 150, 122, 6, 11.04%, 0, 28, 5, 0.10, 22554, 219
15430, 0, 98, 150, 122, 6, 11.04%, 0, 28, 5, 0.20, 22563, 219
15440, 0, 98, 150, 122, 6, 11.04%, 0, 28, 5, 0.10, 22571, 219
15451, 0, 98, 151, 123, 6, 11.04%, 0, 28, 5, 0.49, 22585, 219
15461, 0, 98, 151, 123, 6, 11.04%, 0, 28, 5, 0.48, 22589, 219
15471, 0, 98, 151, 123, 6, 11.04%, 0, 28, 5, 0.10, 22598, 219
15481, 0, 98, 151, 123, 6, 11.04%, 0, 28, 5, 0.11, 22600, 219
15492, 0, 98, 151, 123, 6, 11.04%, 0, 28, 5, 0.30, 22616, 219
15502, 0, 98, 151, 123, 6, 11.04%, 0, 28, 5, 0.30, 22620, 219
15512, 0, 98, 151, 123, 6, 11.04%, 0, 28, 5, 0.29, 22621, 219
15522, 0, 98, 151, 123, 6, 11.04%, 0, 28, 5, 0.10, 22638, 219
15533, 0, 98, 151, 123, 6, 11.04%, 0, 28, 5, 0.59, 22669, 219
15545, 0, 98, 151, 123, 6, 11.04%, 0, 28, 5, 0.30, 22720, 219
15555, 0, 98, 151, 123, 6, 11.04%, 0, 28, 5, 0.49, 22733, 219
15568, 0, 128, 152, 123, 6, 11.04%, 0, 28, 5, 0.20, 22775, 219
15581, 0, 128, 154, 125, 6, 11.04%, 0, 28, 5, 0.20, 22803, 219
15592, 0, 128, 154, 125, 6, 11.04%, 0, 28, 5, 0.20, 22815, 219
15603, 0, 128, 154, 125, 6, 11.04%, 0, 28, 5, 0.10, 22840, 219
15618, 0, 128, 155, 126, 6, 11.04%, 0, 28, 5, 0.10, 22896, 219
15628, 0, 128, 155, 126, 6, 11.04%, 0, 28, 5, 0.20, 22901, 219
15638, 0, 128, 155, 126, 6, 11.04%, 0, 28, 5, 0.20, 22903, 219
15649, 0, 128, 155, 126, 6, 11.04%, 0, 28, 5, 0.10, 22919, 219
15660, 0, 128, 155, 126, 6, 11.04%, 0, 28, 5, 0.10, 22926, 219
15671, 0, 128, 155, 126, 6, 11.04%, 0, 28, 5, 0.39, 22947, 219
15681, 0, 128, 155, 126, 6, 11.04%, 0, 28, 5, 0.38, 22949, 219
15696, 0, 128, 155, 126, 6, 11.04%, 0, 28, 5, 0.10, 23023, 219
15707, 0, 128, 155, 126, 6, 11.04%, 0, 28, 5, 0.10, 23044, 219
15719, 0, 128, 155, 126, 6, 11.04%, 0, 28, 5, 0.10, 23071, 219
15730, 0, 128, 155, 126, 6, 11.04%, 0, 28, 5, 0.10, 23084, 219
15742, 0, 128, 155, 126, 6, 11.04%, 0, 28, 5, 0.10, 23112, 219
15752, 0, 128, 155, 126, 6, 11.04%, 0, 28, 5, 0.11, 23114, 219
15763, 0, 128, 155, 126, 6, 11.04%, 0, 28, 5, 0.11, 23116, 219
15773, 0, 128, 155, 126, 6, 11.04%, 0, 28, 5, 0.10, 23131, 219
15784, 0, 128, 155, 126, 6, 11.04%, 0, 28, 5, 0.11, 23133, 219
15794, 0, 128, 155, 126, 6, 11.04%, 0, 28, 5, 0.49, 23146, 219
15806, 0, 128, 156, 127, 6, 11.04%, 0, 28, 5, 0.20, 23165, 219
15811, 0, 128, 159, 130, 6, 11.04%, 0, 28, 5, 9.97, 23206, 219
15817, 0, 128, 160, 131, 6, 11.04%, 0, 28, 5, 9.47, 23250, 219
15830, 0, 128, 160, 131, 6, 11.04%, 0, 28, 5, 0.10, 23281, 219
15840, 0, 128, 160, 131, 6, 11.04%, 0, 28, 5, 0.10, 23288, 219
15851, 0, 128, 160, 131, 6, 11.04%, 0, 28, 5, 0.12, 23292, 219
15863, 0, 128, 160, 131, 6, 11.04%, 0, 28, 5, 0.10, 23321, 219
15869, 0, 128, 160, 131, 6, 11.04%, 0, 28, 5, 8.29, 23362, 219
15880, 0, 128, 160, 131, 6, 11.04%, 0, 28, 5, 0.20, 23383, 219
15891, 0, 128, 160, 131, 6, 11.04%, 0, 28, 5, 0.10, 23389, 219
15903, 0, 128, 161, 132, 6, 11.04%, 0, 28, 5, 0.10, 23419, 219
15918, 0, 128, 161, 132, 6, 11.04%, 0, 28, 5, 0.20, 23469, 219
15932, 0, 128, 161, 132, 6, 11.04%, 0, 28, 5, 0.39, 23506, 219
15944, 0, 128, 161, 132, 6, 11.04%, 0, 28, 5, 0.29, 23520, 219
15954, 0, 128, 161, 132, 6, 11.04%, 0, 28, 5, 0.20, 23526, 219
15966, 0, 128, 161, 132, 6, 11.04%, 0, 29, 5, 0.29, 23544, 219
15976, 0, 128, 161, 132, 6, 11.04%, 0, 29, 5, 0.28, 23545, 219
15988, 0, 128, 161, 132, 6, 11.04%, 0, 29, 5, 0.29, 23557, 219
16003, 0, 128, 162, 133, 6, 11.04%, 0, 29, 5, 0.20, 23610, 219
16016, 0, 128, 162, 133, 6, 11.04%, 0, 29, 5, 0.10, 23641, 219
16021, 0, 128, 162, 133, 6, 11.04%, 0, 29, 5, 8.43, 23683, 219
16032, 0, 128, 162, 133, 6, 11.04%, 0, 29, 5, 0.30, 23695, 219
16044, 0, 128, 162, 133, 6, 11.04%, 0, 29, 5, 0.20, 23709, 219
16054, 0, 128, 162, 133, 6, 11.04%, 0, 29, 5, 0.19, 23710, 219
16066, 0, 128, 162, 133, 6, 11.04%, 0, 29, 5, 0.20, 23733, 219
16077, 0, 128, 162, 133, 6, 11.04%, 0, 29, 5, 0.10, 23740, 219
16091, 0, 128, 163, 134, 6, 11.04%, 0, 29, 5, 0.20, 23783, 219
16102, 0, 128, 163, 134, 6, 11.04%, 0, 29, 5, 0.10, 23802, 219
16113, 0, 128, 163, 134, 6, 11.04%, 0, 29, 5, 0.11, 23804, 219
16123, 0, 128, 163, 134, 6, 11.04%, 0, 29, 5, 0.30, 23808, 219
16137, 0, 128, 163, 134, 6, 11.04%, 0, 29, 5, 0.10, 23841, 219
16148, 0, 128, 164, 135, 6, 11.04%, 0, 29, 5, 0.20, 23862, 219
16160, 0, 128, 164, 135, 6, 11.04%, 0, 29, 5, 0.20, 23876, 219
16171, 0, 128, 164, 135, 6, 11.04%, 0, 29, 5, 0.10, 23885, 219
16182, 0, 128, 164, 135, 6, 11.04%, 0, 29, 5, 0.30, 23907, 219
16192, 0, 128, 164, 135, 6, 11.04%, 0, 29, 5, 0.29, 23909, 219
16205, 0, 128, 164, 135, 6, 11.04%, 0, 29, 5, 0.20, 23929, 219
16216, 0, 128, 164, 135, 6, 11.04%, 0, 29, 5, 0.20, 23936, 219
16226, 0, 128, 164, 135, 6, 11.04%, 0, 29, 5, 0.20, 23940, 219
16238, 0, 128, 164, 135, 6, 11.04%, 0, 29, 5, 0.29, 23959, 219
16243, 0, 128, 164, 135, 6, 11.04%, 0, 29, 5, 8.32, 24004, 219
16253, 0, 128, 164, 135, 6, 11.04%, 0, 29, 5, 0.30, 24009, 219
16267, 0, 128, 164, 135, 6, 11.04%, 0, 29, 5, 0.20, 24045, 219
16281, 0, 128, 164, 135, 6, 11.04%, 0, 29, 5, 0.29, 24080, 219
16292, 0, 128, 164, 135, 6, 11.04%, 0, 29, 5, 0.10, 24094, 219
16303, 0, 128, 164, 135, 6, 11.04%, 0, 29, 5, 0.20, 24102, 219
16314, 0, 128, 164, 135, 6, 11.04%, 0, 29, 5, 0.39, 24110, 219
16327, 0, 128, 164, 135, 6, 11.04%, 0, 29, 5, 0.20, 24135, 219
16340, 0, 128, 164, 135, 6, 11.04%, 0, 29, 5, 0.10, 24162, 219
16353, 0, 128, 164, 135, 6, 11.04%, 0, 29, 5, 0.39, 24190, 219
16363, 0, 128, 164, 135, 6, 11.04%, 0, 29, 5, 0.20, 24195, 219
16377, 0, 128, 164, 135, 6, 11.04%, 0, 29, 5, 0.20, 24222, 219
16390, 0, 128, 164, 135, 6, 11.04%, 0, 29, 5, 0.29, 24256, 219
16404, 0, 128, 164, 135, 6, 11.04%, 0, 29, 5, 0.10, 24289, 219
16415, 0, 128, 164, 135, 6, 11.04%, 0, 29, 5, 0.10, 24300, 219
16425, 0, 128, 164, 135, 6, 11.04%, 0, 29, 5, 0.10, 24301, 219
16440, 0, 128, 164, 135, 6, 11.04%, 0, 29, 5, 0.20, 24337, 219
16453, 0, 128, 164, 135, 6, 11.04%, 0, 29, 5, 0.29, 24370, 219
16465, 0, 128, 164, 135, 6, 11.04%, 0, 29, 5, 0.20, 24394, 219
16476, 0, 128, 164, 135, 6, 11.04%, 0, 29, 5, 0.20, 24403, 219
16488, 0, 128, 164, 135, 6, 11.04%, 0, 29, 5, 0.10, 24422, 219
16502, 0, 128, 164, 135, 6, 11.04%, 0, 29, 5, 0.30, 24463, 219
16512, 0, 128, 164, 135, 6, 11.04%, 0, 29, 5, 0.30, 24466, 219
16525, 0, 128, 164, 135, 6, 11.04%, 0, 29, 5, 0.30, 24489, 219
