12082;12082;4547;5184;5307;6524;7287;8787;10227;
3827;3827;4571;5184;5307;6524;7287;8787;10227;
3795;3795;4571;5184;5307;6524;7287;8787;10227;
12082;12082;4547;5184;5307;6524;7287;8787;10227;
12082;12082;4547;5184;5307;6524;7287;8787;10227;
3675;3675;4571;5184;5307;6524;7287;8787;10227;
12082;12082;4547;5184;5307;6524;7287;8787;10227;
3795;3795;4571;5184;5307;6524;7287;8787;10227;
3683;3683;4571;5184;5307;6524;7287;8787;10227;
3739;3739;4571;5184;5307;6524;7287;8787;10227;
3667;3667;4571;5184;5307;6524;7287;8787;10227;
3795;3795;4571;5184;5307;6524;7287;8787;10227;
3835;3835;4571;5184;5307;6524;7287;8787;10227;
3667;3667;4571;5184;5307;6524;7287;8787;10227;
3795;3795;4571;5184;5307;6524;7287;8787;10227;
3675;3675;4571;5184;5307;6524;7287;8787;10227;
3819;3819;4571;5184;5307;6524;7287;8787;10227;
3755;3755;4571;5184;5307;6524;7287;8787;10227;
3675;3675;4571;5184;5307;6524;7287;8787;10227;
no error
3787;3787;4571;5184;5307;6524;7287;8787;10227;
3771;3771;4571;5184;5307;6524;7287;8787;10227;
3763;3763;4571;5184;5307;6524;7287;8787;10227;
12082;12082;4547;5184;5307;6524;7287;8787;10227;
3779;3779;4571;5184;5307;6524;7287;8787;10227;
3675;3675;4571;5184;5307;6524;7287;8787;10227;
12082;12082;4547;5184;5307;6524;7287;8787;10227;
12082;12082;4547;5184;5307;6524;7287;8787;10227;
3747;3747;4571;5184;5307;6524;7287;8787;10227;
3755;3755;4571;5184;5307;6524;7287;8787;10227;
12082;12082;4547;5184;5307;6524;7287;8787;10227;
3835;3835;4571;5184;5307;6524;7287;8787;10227;
3771;3771;4571;5184;5307;6524;7287;8787;10227;
3763;3763;4571;5184;5307;6524;7287;8787;10227;
12082;12082;4547;5184;5307;6524;7287;8787;10227;
12082;12082;4547;5184;5307;6524;7287;8787;10227;
12082;12082;4547;5184;5307;6524;7287;8787;10227;
3795;3795;4571;5184;5307;6524;7287;8787;10227;
12082;12082;4547;5184;5307;6524;7287;8787;10227;
12082;12082;4547;5184;5307;6524;7287;8787;10227;
3755;3755;4571;5184;5307;6524;7287;8787;10227;
12082;12082;4547;5184;5307;6524;7287;8787;10227;
3691;3691;4571;5184;5307;6524;7287;8787;10227;
3827;3827;4571;5184;5307;6524;7287;8787;10227;
3723;3723;4571;5184;5307;6524;7287;8787;10227;
no error
3739;3739;4571;5184;5307;6524;7287;8787;10227;
3699;3699;4571;5184;5307;6524;7287;8787;10227;
12082;12082;4547;5184;5307;6524;7287;8787;10227;
3667;3667;4571;5184;5307;6524;7287;8787;10227;
12082;12082;4547;5184;5307;6524;7287;8787;10227;
3699;3699;4571;5184;5307;6524;7287;8787;10227;
3699;3699;4571;5184;5307;6524;7287;8787;10227;
3843;3843;4571;5184;5307;6524;7287;8787;10227;
3771;3771;4571;5184;5307;6524;7287;8787;10227;
12082;12082;4547;5184;5307;6524;7287;8787;10227;
3843;3843;4571;5184;5307;6524;7287;8787;10227;
12082;12082;4547;5184;5307;6524;7287;8787;10227;
3691;3691;4571;5184;5307;6524;7287;8787;10227;
3715;3715;4571;5184;5307;6524;7287;8787;10227;
3827;3827;4571;5184;5307;6524;7287;8787;10227;
3659;3659;4571;5184;5307;6524;7287;8787;10227;
3723;3723;4571;5184;5307;6524;7287;8787;10227;
no error
12082;12082;4547;5184;5307;6524;7287;8787;10227;
3803;3803;4571;5184;5307;6524;7287;8787;10227;
no error
12082;12082;4547;5184;5307;6524;7287;8787;10227;
3715;3715;4571;5184;5307;6524;7287;8787;10227;
12082;12082;4547;5184;5307;6524;7287;8787;10227;
3739;3739;4571;5184;5307;6524;7287;8787;10227;
3763;3763;4571;5184;5307;6524;7287;8787;10227;
12082;12082;4547;5184;5307;6524;7287;8787;10227;
12082;12082;4547;5184;5307;6524;7287;8787;10227;
3699;3699;4571;5184;5307;6524;7287;8787;10227;
3755;3755;4571;5184;5307;6524;7287;8787;10227;
3707;3707;4571;5184;5307;6524;7287;8787;10227;
12082;12082;4547;5184;5307;6524;7287;8787;10227;
12082;12082;4547;5184;5307;6524;7287;8787;10227;
3715;3715;4571;5184;5307;6524;7287;8787;10227;
3675;3675;4571;5184;5307;6524;7287;8787;10227;
no error
no error
3707;3707;4571;5184;5307;6524;7287;8787;10227;
no error
3803;3803;4571;5184;5307;6524;7287;8787;10227;
12082;12082;4547;5184;5307;6524;7287;8787;10227;
3835;3835;4571;5184;5307;6524;7287;8787;10227;
3835;3835;4571;5184;5307;6524;7287;8787;10227;
3747;3747;4571;5184;5307;6524;7287;8787;10227;
3819;3819;4571;5184;5307;6524;7287;8787;10227;
3779;3779;4571;5184;5307;6524;7287;8787;10227;
3803;3803;4571;5184;5307;6524;7287;8787;10227;
3675;3675;4571;5184;5307;6524;7287;8787;10227;
12082;12082;4547;5184;5307;6524;7287;8787;10227;
3723;3723;4571;5184;5307;6524;7287;8787;10227;
3843;3843;4571;5184;5307;6524;7287;8787;10227;
3731;3731;4571;5184;5307;6524;7287;8787;10227;
3667;3667;4571;5184;5307;6524;7287;8787;10227;
12082;12082;4547;5184;5307;6524;7287;8787;10227;
3843;3843;4571;5184;5307;6524;7287;8787;10227;
12082;12082;4547;5184;5307;6524;7287;8787;10227;
3699;3699;4571;5184;5307;6524;7287;8787;10227;
3755;3755;4571;5184;5307;6524;7287;8787;10227;
3731;3731;4571;5184;5307;6524;7287;8787;10227;
3667;3667;4571;5184;5307;6524;7287;8787;10227;
3691;3691;4571;5184;5307;6524;7287;8787;10227;
no error
no error
3731;3731;4571;5184;5307;6524;7287;8787;10227;
3811;3811;4571;5184;5307;6524;7287;8787;10227;
no error
3691;3691;4571;5184;5307;6524;7287;8787;10227;
no error
3659;3659;4571;5184;5307;6524;7287;8787;10227;
12082;12082;4547;5184;5307;6524;7287;8787;10227;
3675;3675;4571;5184;5307;6524;7287;8787;10227;
3683;3683;4571;5184;5307;6524;7287;8787;10227;
12082;12082;4547;5184;5307;6524;7287;8787;10227;
3763;3763;4571;5184;5307;6524;7287;8787;10227;
12082;12082;4547;5184;5307;6524;7287;8787;10227;
3667;3667;4571;5184;5307;6524;7287;8787;10227;
3763;3763;4571;5184;5307;6524;7287;8787;10227;
12082;12082;4547;5184;5307;6524;7287;8787;10227;
3707;3707;4571;5184;5307;6524;7287;8787;10227;
12082;12082;4547;5184;5307;6524;7287;8787;10227;
3715;3715;4571;5184;5307;6524;7287;8787;10227;
3683;3683;4571;5184;5307;6524;7287;8787;10227;
3755;3755;4571;5184;5307;6524;7287;8787;10227;
3707;3707;4571;5184;5307;6524;7287;8787;10227;
3723;3723;4571;5184;5307;6524;7287;8787;10227;
3779;3779;4571;5184;5307;6524;7287;8787;10227;
3667;3667;4571;5184;5307;6524;7287;8787;10227;
3803;3803;4571;5184;5307;6524;7287;8787;10227;
3739;3739;4571;5184;5307;6524;7287;8787;10227;
3691;3691;4571;5184;5307;6524;7287;8787;10227;
3683;3683;4571;5184;5307;6524;7287;8787;10227;
3739;3739;4571;5184;5307;6524;7287;8787;10227;
3699;3699;4571;5184;5307;6524;7287;8787;10227;
12082;12082;4547;5184;5307;6524;7287;8787;10227;
3667;3667;4571;5184;5307;6524;7287;8787;10227;
3675;3675;4571;5184;5307;6524;7287;8787;10227;
12082;12082;4547;5184;5307;6524;7287;8787;10227;
3779;3779;4571;5184;5307;6524;7287;8787;10227;
3795;3795;4571;5184;5307;6524;7287;8787;10227;
no error
12082;12082;4547;5184;5307;6524;7287;8787;10227;
3699;3699;4571;5184;5307;6524;7287;8787;10227;
3755;3755;4571;5184;5307;6524;7287;8787;10227;
3691;3691;4571;5184;5307;6524;7287;8787;10227;
3723;3723;4571;5184;5307;6524;7287;8787;10227;
3667;3667;4571;5184;5307;6524;7287;8787;10227;
3811;3811;4571;5184;5307;6524;7287;8787;10227;
3843;3843;4571;5184;5307;6524;7287;8787;10227;
3675;3675;4571;5184;5307;6524;7287;8787;10227;
3819;3819;4571;5184;5307;6524;7287;8787;10227;
3731;3731;4571;5184;5307;6524;7287;8787;10227;
12082;12082;4547;5184;5307;6524;7287;8787;10227;
12082;12082;4547;5184;5307;6524;7287;8787;10227;
3811;3811;4571;5184;5307;6524;7287;8787;10227;
12082;12082;4547;5184;5307;6524;7287;8787;10227;
3779;3779;4571;5184;5307;6524;7287;8787;10227;
3699;3699;4571;5184;5307;6524;7287;8787;10227;
3723;3723;4571;5184;5307;6524;7287;8787;10227;
3691;3691;4571;5184;5307;6524;7287;8787;10227;
3843;3843;4571;5184;5307;6524;7287;8787;10227;
3659;3659;4571;5184;5307;6524;7287;8787;10227;
12082;12082;4547;5184;5307;6524;7287;8787;10227;
3819;3819;4571;5184;5307;6524;7287;8787;10227;
12082;12082;4547;5184;5307;6524;7287;8787;10227;
3747;3747;4571;5184;5307;6524;7287;8787;10227;
3787;3787;4571;5184;5307;6524;7287;8787;10227;
12082;12082;4547;5184;5307;6524;7287;8787;10227;
3691;3691;4571;5184;5307;6524;7287;8787;10227;
12082;12082;4547;5184;5307;6524;7287;8787;10227;
3691;3691;4571;5184;5307;6524;7287;8787;10227;
3803;3803;4571;5184;5307;6524;7287;8787;10227;
3723;3723;4571;5184;5307;6524;7287;8787;10227;
3771;3771;4571;5184;5307;6524;7287;8787;10227;
12082;12082;4547;5184;5307;6524;7287;8787;10227;
12082;12082;4547;5184;5307;6524;7287;8787;10227;
3779;3779;4571;5184;5307;6524;7287;8787;10227;
3763;3763;4571;5184;5307;6524;7287;8787;10227;
12082;12082;4547;5184;5307;6524;7287;8787;10227;
3843;3843;4571;5184;5307;6524;7287;8787;10227;
3691;3691;4571;5184;5307;6524;7287;8787;10227;
no error
3787;3787;4571;5184;5307;6524;7287;8787;10227;
3843;3843;4571;5184;5307;6524;7287;8787;10227;
3779;3779;4571;5184;5307;6524;7287;8787;10227;
12082;12082;4547;5184;5307;6524;7287;8787;10227;
3739;3739;4571;5184;5307;6524;7287;8787;10227;
3699;3699;4571;5184;5307;6524;7287;8787;10227;
12082;12082;4547;5184;5307;6524;7287;8787;10227;
12082;12082;4547;5184;5307;6524;7287;8787;10227;
3763;3763;4571;5184;5307;6524;7287;8787;10227;
3819;3819;4571;5184;5307;6524;7287;8787;10227;
12082;12082;4547;5184;5307;6524;7287;8787;10227;
12082;12082;4547;5184;5307;6524;7287;8787;10227;
12082;12082;4547;5184;5307;6524;7287;8787;10227;
3747;3747;4571;5184;5307;6524;7287;8787;10227;
3843;3843;4571;5184;5307;6524;7287;8787;10227;
3835;3835;4571;5184;5307;6524;7287;8787;10227;
3691;3691;4571;5184;5307;6524;7287;8787;10227;
3763;3763;4571;5184;5307;6524;7287;8787;10227;
3835;3835;4571;5184;5307;6524;7287;8787;10227;
12082;12082;4547;5184;5307;6524;7287;8787;10227;
12082;12082;4547;5184;5307;6524;7287;8787;10227;
3835;3835;4571;5184;5307;6524;7287;8787;10227;
no error
3771;3771;4571;5184;5307;6524;7287;8787;10227;
3731;3731;4571;5184;5307;6524;7287;8787;10227;
3675;3675;4571;5184;5307;6524;7287;8787;10227;
3755;3755;4571;5184;5307;6524;7287;8787;10227;
3659;3659;4571;5184;5307;6524;7287;8787;10227;
12082;12082;4547;5184;5307;6524;7287;8787;10227;
12082;12082;4547;5184;5307;6524;7287;8787;10227;
12082;12082;4547;5184;5307;6524;7287;8787;10227;
3755;3755;4571;5184;5307;6524;7287;8787;10227;
3659;3659;4571;5184;5307;6524;7287;8787;10227;
12082;12082;4547;5184;5307;6524;7287;8787;10227;
3723;3723;4571;5184;5307;6524;7287;8787;10227;
3811;3811;4571;5184;5307;6524;7287;8787;10227;
3675;3675;4571;5184;5307;6524;7287;8787;10227;
3819;3819;4571;5184;5307;6524;7287;8787;10227;
12082;12082;4547;5184;5307;6524;7287;8787;10227;
3667;3667;4571;5184;5307;6524;7287;8787;10227;
12082;12082;4547;5184;5307;6524;7287;8787;10227;
12082;12082;4547;5184;5307;6524;7287;8787;10227;
3787;3787;4571;5184;5307;6524;7287;8787;10227;
3707;3707;4571;5184;5307;6524;7287;8787;10227;
3819;3819;4571;5184;5307;6524;7287;8787;10227;
no error
12082;12082;4547;5184;5307;6524;7287;8787;10227;
3835;3835;4571;5184;5307;6524;7287;8787;10227;
3699;3699;4571;5184;5307;6524;7287;8787;10227;
no error
3835;3835;4571;5184;5307;6524;7287;8787;10227;
3795;3795;4571;5184;5307;6524;7287;8787;10227;
3707;3707;4571;5184;5307;6524;7287;8787;10227;
3723;3723;4571;5184;5307;6524;7287;8787;10227;
3675;3675;4571;5184;5307;6524;7287;8787;10227;
3723;3723;4571;5184;5307;6524;7287;8787;10227;
3675;3675;4571;5184;5307;6524;7287;8787;10227;
3707;3707;4571;5184;5307;6524;7287;8787;10227;
12082;12082;4547;5184;5307;6524;7287;8787;10227;
12082;12082;4547;5184;5307;6524;7287;8787;10227;
3675;3675;4571;5184;5307;6524;7287;8787;10227;
3803;3803;4571;5184;5307;6524;7287;8787;10227;
no error
3691;3691;4571;5184;5307;6524;7287;8787;10227;
3755;3755;4571;5184;5307;6524;7287;8787;10227;
3795;3795;4571;5184;5307;6524;7287;8787;10227;
12082;12082;4547;5184;5307;6524;7287;8787;10227;
no error
12082;12082;4547;5184;5307;6524;7287;8787;10227;
3659;3659;4571;5184;5307;6524;7287;8787;10227;
3779;3779;4571;5184;5307;6524;7287;8787;10227;
12082;12082;4547;5184;5307;6524;7287;8787;10227;
12082;12082;4547;5184;5307;6524;7287;8787;10227;
12082;12082;4547;5184;5307;6524;7287;8787;10227;
3675;3675;4571;5184;5307;6524;7287;8787;10227;
3779;3779;4571;5184;5307;6524;7287;8787;10227;
3723;3723;4571;5184;5307;6524;7287;8787;10227;
3843;3843;4571;5184;5307;6524;7287;8787;10227;
3699;3699;4571;5184;5307;6524;7287;8787;10227;
12082;12082;4547;5184;5307;6524;7287;8787;10227;
no error
12082;12082;4547;5184;5307;6524;7287;8787;10227;
12082;12082;4547;5184;5307;6524;7287;8787;10227;
12082;12082;4547;5184;5307;6524;7287;8787;10227;
3803;3803;4571;5184;5307;6524;7287;8787;10227;
3667;3667;4571;5184;5307;6524;7287;8787;10227;
3795;3795;4571;5184;5307;6524;7287;8787;10227;
12082;12082;4547;5184;5307;6524;7287;8787;10227;
12082;12082;4547;5184;5307;6524;7287;8787;10227;
no error
12082;12082;4547;5184;5307;6524;7287;8787;10227;
no error
3659;3659;4571;5184;5307;6524;7287;8787;10227;
12082;12082;4547;5184;5307;6524;7287;8787;10227;
no error
3675;3675;4571;5184;5307;6524;7287;8787;10227;
12082;12082;4547;5184;5307;6524;7287;8787;10227;
3795;3795;4571;5184;5307;6524;7287;8787;10227;
3755;3755;4571;5184;5307;6524;7287;8787;10227;
12082;12082;4547;5184;5307;6524;7287;8787;10227;
3659;3659;4571;5184;5307;6524;7287;8787;10227;
3707;3707;4571;5184;5307;6524;7287;8787;10227;
3659;3659;4571;5184;5307;6524;7287;8787;10227;
3771;3771;4571;5184;5307;6524;7287;8787;10227;
12082;12082;4547;5184;5307;6524;7287;8787;10227;
3771;3771;4571;5184;5307;6524;7287;8787;10227;
3723;3723;4571;5184;5307;6524;7287;8787;10227;
12082;12082;4547;5184;5307;6524;7287;8787;10227;
no error
3819;3819;4571;5184;5307;6524;7287;8787;10227;
3747;3747;4571;5184;5307;6524;7287;8787;10227;
3691;3691;4571;5184;5307;6524;7287;8787;10227;
3683;3683;4571;5184;5307;6524;7287;8787;10227;
no error
12082;12082;4547;5184;5307;6524;7287;8787;10227;
12082;12082;4547;5184;5307;6524;7287;8787;10227;
12082;12082;4547;5184;5307;6524;7287;8787;10227;
3739;3739;4571;5184;5307;6524;7287;8787;10227;
3707;3707;4571;5184;5307;6524;7287;8787;10227;
3779;3779;4571;5184;5307;6524;7287;8787;10227;
no error
3707;3707;4571;5184;5307;6524;7287;8787;10227;
3667;3667;4571;5184;5307;6524;7287;8787;10227;
12082;12082;4547;5184;5307;6524;7287;8787;10227;
12082;12082;4547;5184;5307;6524;7287;8787;10227;
12082;12082;4547;5184;5307;6524;7287;8787;10227;
12082;12082;4547;5184;5307;6524;7287;8787;10227;
3707;3707;4571;5184;5307;6524;7287;8787;10227;
3667;3667;4571;5184;5307;6524;7287;8787;10227;
3659;3659;4571;5184;5307;6524;7287;8787;10227;
no error
3739;3739;4571;5184;5307;6524;7287;8787;10227;
3827;3827;4571;5184;5307;6524;7287;8787;10227;
3723;3723;4571;5184;5307;6524;7287;8787;10227;
3723;3723;4571;5184;5307;6524;7287;8787;10227;
3835;3835;4571;5184;5307;6524;7287;8787;10227;
3811;3811;4571;5184;5307;6524;7287;8787;10227;
no error
no error
3803;3803;4571;5184;5307;6524;7287;8787;10227;
3819;3819;4571;5184;5307;6524;7287;8787;10227;
3707;3707;4571;5184;5307;6524;7287;8787;10227;
3739;3739;4571;5184;5307;6524;7287;8787;10227;
3691;3691;4571;5184;5307;6524;7287;8787;10227;
3755;3755;4571;5184;5307;6524;7287;8787;10227;
3731;3731;4571;5184;5307;6524;7287;8787;10227;
12082;12082;4547;5184;5307;6524;7287;8787;10227;
12082;12082;4547;5184;5307;6524;7287;8787;10227;
3659;3659;4571;5184;5307;6524;7287;8787;10227;
3667;3667;4571;5184;5307;6524;7287;8787;10227;
3715;3715;4571;5184;5307;6524;7287;8787;10227;
3659;3659;4571;5184;5307;6524;7287;8787;10227;
12082;12082;4547;5184;5307;6524;7287;8787;10227;
3819;3819;4571;5184;5307;6524;7287;8787;10227;
3835;3835;4571;5184;5307;6524;7287;8787;10227;
no error
3787;3787;4571;5184;5307;6524;7287;8787;10227;
no error
3691;3691;4571;5184;5307;6524;7287;8787;10227;
12082;12082;4547;5184;5307;6524;7287;8787;10227;
no error
12082;12082;4547;5184;5307;6524;7287;8787;10227;
3699;3699;4571;5184;5307;6524;7287;8787;10227;
3675;3675;4571;5184;5307;6524;7287;8787;10227;
3771;3771;4571;5184;5307;6524;7287;8787;10227;
3707;3707;4571;5184;5307;6524;7287;8787;10227;
3819;3819;4571;5184;5307;6524;7287;8787;10227;
3691;3691;4571;5184;5307;6524;7287;8787;10227;
3667;3667;4571;5184;5307;6524;7287;8787;10227;
3843;3843;4571;5184;5307;6524;7287;8787;10227;
3723;3723;4571;5184;5307;6524;7287;8787;10227;
3827;3827;4571;5184;5307;6524;7287;8787;10227;
3691;3691;4571;5184;5307;6524;7287;8787;10227;
3707;3707;4571;5184;5307;6524;7287;8787;10227;
3667;3667;4571;5184;5307;6524;7287;8787;10227;
3747;3747;4571;5184;5307;6524;7287;8787;10227;
3723;3723;4571;5184;5307;6524;7287;8787;10227;
3683;3683;4571;5184;5307;6524;7287;8787;10227;
3731;3731;4571;5184;5307;6524;7287;8787;10227;
12082;12082;4547;5184;5307;6524;7287;8787;10227;
3683;3683;4571;5184;5307;6524;7287;8787;10227;
3675;3675;4571;5184;5307;6524;7287;8787;10227;
3803;3803;4571;5184;5307;6524;7287;8787;10227;
3667;3667;4571;5184;5307;6524;7287;8787;10227;
3715;3715;4571;5184;5307;6524;7287;8787;10227;
3731;3731;4571;5184;5307;6524;7287;8787;10227;
12082;12082;4547;5184;5307;6524;7287;8787;10227;
12082;12082;4547;5184;5307;6524;7287;8787;10227;
3835;3835;4571;5184;5307;6524;7287;8787;10227;
no error
3691;3691;4571;5184;5307;6524;7287;8787;10227;
3803;3803;4571;5184;5307;6524;7287;8787;10227;
3667;3667;4571;5184;5307;6524;7287;8787;10227;
3747;3747;4571;5184;5307;6524;7287;8787;10227;
3835;3835;4571;5184;5307;6524;7287;8787;10227;
3675;3675;4571;5184;5307;6524;7287;8787;10227;
12082;12082;4547;5184;5307;6524;7287;8787;10227;
no error
3715;3715;4571;5184;5307;6524;7287;8787;10227;
3659;3659;4571;5184;5307;6524;7287;8787;10227;
12082;12082;4547;5184;5307;6524;7287;8787;10227;
12082;12082;4547;5184;5307;6524;7287;8787;10227;
3755;3755;4571;5184;5307;6524;7287;8787;10227;
12082;12082;4547;5184;5307;6524;7287;8787;10227;
3811;3811;4571;5184;5307;6524;7287;8787;10227;
12082;12082;4547;5184;5307;6524;7287;8787;10227;
3707;3707;4571;5184;5307;6524;7287;8787;10227;
3675;3675;4571;5184;5307;6524;7287;8787;10227;
3699;3699;4571;5184;5307;6524;7287;8787;10227;
3699;3699;4571;5184;5307;6524;7287;8787;10227;
3723;3723;4571;5184;5307;6524;7287;8787;10227;
3683;3683;4571;5184;5307;6524;7287;8787;10227;
3699;3699;4571;5184;5307;6524;7287;8787;10227;
3787;3787;4571;5184;5307;6524;7287;8787;10227;
12082;12082;4547;5184;5307;6524;7287;8787;10227;
3707;3707;4571;5184;5307;6524;7287;8787;10227;
3691;3691;4571;5184;5307;6524;7287;8787;10227;
3683;3683;4571;5184;5307;6524;7287;8787;10227;
3803;3803;4571;5184;5307;6524;7287;8787;10227;
12082;12082;4547;5184;5307;6524;7287;8787;10227;
3691;3691;4571;5184;5307;6524;7287;8787;10227;
3675;3675;4571;5184;5307;6524;7287;8787;10227;
12082;12082;4547;5184;5307;6524;7287;8787;10227;
3691;3691;4571;5184;5307;6524;7287;8787;10227;
12082;12082;4547;5184;5307;6524;7287;8787;10227;
3691;3691;4571;5184;5307;6524;7287;8787;10227;
no error
12082;12082;4547;5184;5307;6524;7287;8787;10227;
3787;3787;4571;5184;5307;6524;7287;8787;10227;
3819;3819;4571;5184;5307;6524;7287;8787;10227;
3795;3795;4571;5184;5307;6524;7287;8787;10227;
3707;3707;4571;5184;5307;6524;7287;8787;10227;
12082;12082;4547;5184;5307;6524;7287;8787;10227;
12082;12082;4547;5184;5307;6524;7287;8787;10227;
3699;3699;4571;5184;5307;6524;7287;8787;10227;
12082;12082;4547;5184;5307;6524;7287;8787;10227;
3691;3691;4571;5184;5307;6524;7287;8787;10227;
3715;3715;4571;5184;5307;6524;7287;8787;10227;
12082;12082;4547;5184;5307;6524;7287;8787;10227;
12082;12082;4547;5184;5307;6524;7287;8787;10227;
no error
3723;3723;4571;5184;5307;6524;7287;8787;10227;
12082;12082;4547;5184;5307;6524;7287;8787;10227;
3667;3667;4571;5184;5307;6524;7287;8787;10227;
3811;3811;4571;5184;5307;6524;7287;8787;10227;
3819;3819;4571;5184;5307;6524;7287;8787;10227;
3683;3683;4571;5184;5307;6524;7287;8787;10227;
12082;12082;4547;5184;5307;6524;7287;8787;10227;
3835;3835;4571;5184;5307;6524;7287;8787;10227;
12082;12082;4547;5184;5307;6524;7287;8787;10227;
12082;12082;4547;5184;5307;6524;7287;8787;10227;
3675;3675;4571;5184;5307;6524;7287;8787;10227;
no error
3835;3835;4571;5184;5307;6524;7287;8787;10227;
3763;3763;4571;5184;5307;6524;7287;8787;10227;
no error
3691;3691;4571;5184;5307;6524;7287;8787;10227;
12082;12082;4547;5184;5307;6524;7287;8787;10227;
no error
3803;3803;4571;5184;5307;6524;7287;8787;10227;
3763;3763;4571;5184;5307;6524;7287;8787;10227;
3723;3723;4571;5184;5307;6524;7287;8787;10227;
12082;12082;4547;5184;5307;6524;7287;8787;10227;
3763;3763;4571;5184;5307;6524;7287;8787;10227;
3763;3763;4571;5184;5307;6524;7287;8787;10227;
3675;3675;4571;5184;5307;6524;7287;8787;10227;
3699;3699;4571;5184;5307;6524;7287;8787;10227;
no error
12082;12082;4547;5184;5307;6524;7287;8787;10227;
no error
3811;3811;4571;5184;5307;6524;7287;8787;10227;
3779;3779;4571;5184;5307;6524;7287;8787;10227;
3667;3667;4571;5184;5307;6524;7287;8787;10227;
3755;3755;4571;5184;5307;6524;7287;8787;10227;
12082;12082;4547;5184;5307;6524;7287;8787;10227;
12082;12082;4547;5184;5307;6524;7287;8787;10227;
3691;3691;4571;5184;5307;6524;7287;8787;10227;
3683;3683;4571;5184;5307;6524;7287;8787;10227;
no error
no error
3811;3811;4571;5184;5307;6524;7287;8787;10227;
3675;3675;4571;5184;5307;6524;7287;8787;10227;
3835;3835;4571;5184;5307;6524;7287;8787;10227;
no error
3667;3667;4571;5184;5307;6524;7287;8787;10227;
3691;3691;4571;5184;5307;6524;7287;8787;10227;
3683;3683;4571;5184;5307;6524;7287;8787;10227;
no error
3755;3755;4571;5184;5307;6524;7287;8787;10227;
no error
3699;3699;4571;5184;5307;6524;7287;8787;10227;
3763;3763;4571;5184;5307;6524;7287;8787;10227;
3755;3755;4571;5184;5307;6524;7287;8787;10227;
12082;12082;4547;5184;5307;6524;7287;8787;10227;
3811;3811;4571;5184;5307;6524;7287;8787;10227;
3763;3763;4571;5184;5307;6524;7287;8787;10227;
3723;3723;4571;5184;5307;6524;7287;8787;10227;
3659;3659;4571;5184;5307;6524;7287;8787;10227;
3731;3731;4571;5184;5307;6524;7287;8787;10227;
3795;3795;4571;5184;5307;6524;7287;8787;10227;
12082;12082;4547;5184;5307;6524;7287;8787;10227;
12082;12082;4547;5184;5307;6524;7287;8787;10227;
3683;3683;4571;5184;5307;6524;7287;8787;10227;
3819;3819;4571;5184;5307;6524;7287;8787;10227;
12082;12082;4547;5184;5307;6524;7287;8787;10227;
3787;3787;4571;5184;5307;6524;7287;8787;10227;
12082;12082;4547;5184;5307;6524;7287;8787;10227;
no error
3763;3763;4571;5184;5307;6524;7287;8787;10227;
no error
3667;3667;4571;5184;5307;6524;7287;8787;10227;
12082;12082;4547;5184;5307;6524;7287;8787;10227;
3691;3691;4571;5184;5307;6524;7287;8787;10227;
