# relative_time, cycles_done, cur_item, corpus_count, pending_total, pending_favs, map_size, saved_crashes, saved_hangs, max_depth, execs_per_sec, total_execs, edges_found
1257, 0, 0, 2, 2, 1, 10.63%, 1, 0, 2, 0.01, 1290, 245
2256, 0, 0, 3, 3, 1, 10.63%, 1, 0, 2, 0.01, 1307, 245
3460, 0, 0, 4, 4, 1, 10.63%, 1, 0, 2, 0.01, 1320, 245
4666, 0, 0, 5, 5, 1, 10.63%, 1, 0, 2, 0.01, 1333, 245
7245, 0, 0, 6, 6, 1, 10.67%, 1, 0, 2, 0.01, 1346, 246
8934, 0, 0, 7, 7, 1, 10.76%, 1, 0, 2, 0.01, 1362, 248
10787, 0, 0, 8, 8, 1, 10.89%, 1, 0, 2, 0.01, 1377, 251
13555, 0, 0, 9, 9, 1, 10.98%, 1, 0, 2, 0.00, 1397, 253
16987, 0, 0, 10, 10, 1, 11.02%, 1, 0, 2, 0.00, 1410, 254
18992, 0, 0, 11, 11, 1, 11.02%, 1, 0, 2, 0.00, 1419, 254
31024, 0, 0, 12, 12, 1, 11.02%, 2, 0, 2, 0.00, 1434, 254
35410, 0, 0, 13, 13, 1, 11.02%, 2, 0, 2, 0.00, 1456, 254
37870, 0, 0, 14, 14, 1, 11.02%, 2, 0, 2, 0.00, 1482, 254
41811, 0, 0, 15, 15, 1, 11.28%, 2, 0, 2, 0.00, 1496, 260
46410, 0, 0, 16, 16, 1, 11.28%, 2, 0, 2, 0.00, 1507, 260
49677, 0, 0, 17, 17, 1, 11.32%, 2, 0, 2, 0.00, 1526, 261
56077, 0, 0, 18, 18, 1, 11.41%, 3, 0, 2, 0.00, 1549, 263
58544, 0, 0, 19, 19, 1, 11.41%, 3, 0, 2, 0.01, 1574, 263
60807, 0, 0, 20, 20, 1, 11.45%, 3, 0, 2, 0.01, 1589, 264
67166, 0, 0, 21, 21, 1, 11.45%, 3, 0, 2, 0.00, 1663, 264
84556, 0, 0, 22, 22, 1, 11.58%, 3, 0, 2, 0.00, 1726, 267
