# relative_time, cycles_done, cur_item, corpus_count, pending_total, pending_favs, map_size, saved_crashes, saved_hangs, max_depth, execs_per_sec, total_execs, edges_found
107, 0, 0, 10, 10, 1, 28.09%, 0, 0, 2, 0.68, 126, 50
156, 0, 0, 16, 16, 1, 28.65%, 0, 1, 2, 0.30, 214, 51
189, 0, 0, 19, 19, 1, 29.21%, 0, 4, 2, 0.51, 263, 52
195, 0, 0, 24, 24, 1, 29.21%, 0, 8, 2, 10.90, 434, 52
266, 0, 0, 29, 29, 1, 29.21%, 0, 9, 2, 0.43, 756, 52
314, 0, 0, 31, 31, 1, 29.21%, 0, 9, 2, 0.67, 814, 52
343, 0, 0, 32, 32, 1, 29.21%, 0, 9, 2, 0.74, 863, 52
348, 0, 0, 35, 35, 1, 29.78%, 0, 10, 2, 177.65, 1648, 53
391, 0, 0, 36, 36, 1, 31.46%, 0, 10, 2, 1.09, 1913, 56
396, 0, 0, 37, 37, 1, 31.46%, 0, 11, 2, 253.15, 2757, 56
401, 0, 0, 37, 37, 1, 31.46%, 0, 11, 2, 223.77, 3849, 56
406, 0, 0, 37, 37, 1, 31.46%, 0, 11, 2, 216.71, 5005, 56
448, 0, 0, 38, 38, 1, 32.02%, 0, 11, 2, 0.71, 5146, 57
453, 0, 0, 38, 38, 1, 32.02%, 0, 11, 2, 259.54, 6389, 57
458, 0, 0, 38, 38, 1, 32.02%, 0, 11, 2, 249.01, 7649, 57
463, 0, 0, 38, 38, 1, 32.02%, 0, 11, 2, 219.39, 8701, 57
468, 0, 0, 38, 38, 1, 32.02%, 0, 11, 2, 201.89, 9697, 57
473, 0, 0, 38, 38, 1, 32.02%, 0, 11, 2, 204.85, 10769, 57
478, 0, 0, 38, 38, 1, 32.02%, 0, 11, 2, 206.19, 11853, 57
484, 0, 0, 38, 38, 1, 32.02%, 0, 11, 2, 219.37, 12993, 57
489, 0, 0, 38, 38, 1, 32.02%, 0, 11, 2, 219.75, 14157, 57
494, 0, 0, 38, 38, 1, 32.02%, 0, 11, 2, 208.56, 15241, 57
499, 0, 0, 38, 38, 1, 32.02%, 0, 11, 2, 221.71, 16381, 57
504, 0, 0, 38, 38, 1, 32.02%, 0, 11, 2, 209.62, 17449, 57
510, 0, 0, 39, 39, 1, 32.02%, 0, 11, 2, 203.68, 18540, 57
515, 0, 0, 39, 39, 1, 32.02%, 0, 11, 2, 30.64, 18648, 57
520, 0, 0, 39, 39, 1, 32.02%, 0, 11, 2, 31.23, 18806, 57
525, 0, 0, 39, 39, 1, 32.02%, 0, 11, 2, 31.64, 18966, 57
530, 0, 0, 39, 39, 1, 32.02%, 0, 11, 2, 32.34, 19132, 57
535, 0, 0, 40, 40, 1, 32.02%, 0, 11, 2, 32.57, 19292, 57
540, 0, 0, 40, 40, 1, 32.02%, 0, 11, 2, 32.88, 19458, 57
545, 0, 0, 40, 40, 1, 32.02%, 0, 11, 2, 33.38, 19630, 57
550, 0, 0, 40, 40, 1, 32.02%, 0, 11, 2, 34.18, 19808, 57
555, 0, 0, 40, 40, 1, 32.02%, 0, 11, 2, 35.37, 19988, 57
560, 0, 0, 40, 40, 1, 32.02%, 0, 11, 2, 36.45, 20177, 57
577, 0, 0, 41, 41, 1, 33.15%, 0, 11, 2, 0.64, 20282, 59
582, 0, 0, 41, 41, 1, 33.15%, 0, 11, 2, 38.27, 20475, 59
587, 0, 0, 41, 41, 1, 33.15%, 0, 11, 2, 37.78, 20664, 59
592, 0, 0, 41, 41, 1, 33.15%, 0, 11, 2, 38.66, 20862, 59
597, 0, 0, 41, 41, 1, 33.15%, 0, 11, 2, 39.70, 21063, 59
602, 0, 0, 41, 41, 1, 33.15%, 0, 11, 2, 41.38, 21276, 59
607, 0, 0, 41, 41, 1, 33.15%, 0, 11, 2, 42.72, 21499, 59
612, 0, 0, 41, 41, 1, 33.15%, 0, 11, 2, 44.36, 21723, 59
617, 0, 0, 41, 41, 1, 33.15%, 0, 11, 2, 46.70, 21962, 59
622, 0, 0, 41, 41, 1, 33.15%, 0, 11, 2, 48.44, 22205, 59
627, 0, 0, 41, 41, 1, 33.15%, 0, 11, 2, 51.09, 22463, 59
633, 0, 0, 41, 41, 1, 33.15%, 0, 11, 2, 53.12, 22736, 59
638, 0, 0, 41, 41, 1, 33.15%, 0, 11, 2, 55.17, 23022, 59
643, 0, 0, 41, 41, 1, 33.15%, 0, 11, 2, 57.86, 23320, 59
648, 0, 0, 41, 41, 1, 33.15%, 0, 11, 2, 61.03, 23628, 59
653, 0, 0, 41, 41, 1, 33.15%, 0, 11, 2, 66.69, 23979, 59
658, 0, 0, 41, 41, 1, 33.15%, 0, 11, 2, 71.84, 24353, 59
664, 0, 0, 41, 41, 1, 33.15%, 0, 11, 2, 79.64, 24770, 59
669, 0, 0, 41, 41, 1, 33.15%, 0, 11, 2, 92.42, 25249, 59
674, 0, 0, 41, 41, 1, 33.15%, 0, 11, 2, 111.88, 25831, 59
679, 0, 0, 41, 41, 1, 33.15%, 0, 11, 2, 160.49, 26670, 59
684, 0, 3, 42, 40, 10, 33.15%, 0, 11, 2, 81.82, 27301, 59
762, 0, 31, 44, 40, 8, 33.15%, 0, 11, 3, 0.65, 28118, 59
767, 0, 31, 44, 40, 8, 33.15%, 0, 11, 3, 119.24, 28755, 59
829, 0, 37, 46, 41, 7, 33.71%, 0, 11, 3, 1.40, 29506, 60
834, 0, 37, 46, 41, 7, 33.71%, 0, 11, 3, 250.35, 30711, 60
840, 0, 13, 47, 39, 4, 33.71%, 0, 11, 3, 256.57, 32166, 60
86400, 0, 13, 49, 41, 4, 33.71%, 0, 12, 3, 0.00, 32411, 60
