# relative_time, cycles_done, cur_item, corpus_count, pending_total, pending_favs, map_size, saved_crashes, saved_hangs, max_depth, execs_per_sec, total_execs, edges_found
61, 211, 0, 1, 0, 0, 1.96%, 1, 0, 1, 1076.38, 63511, 9
66, 229, 0, 1, 0, 0, 1.96%, 1, 0, 1, 1076.77, 68865, 9
71, 247, 0, 1, 0, 0, 1.96%, 1, 0, 1, 1073.35, 74265, 9
76, 266, 0, 1, 0, 0, 1.96%, 1, 0, 1, 1202.39, 79819, 9
82, 284, 0, 1, 0, 0, 1.96%, 1, 0, 1, 1109.97, 85367, 9
87, 303, 0, 1, 0, 0, 1.96%, 1, 0, 1, 1108.87, 90889, 9
92, 320, 0, 1, 0, 0, 1.96%, 1, 0, 1, 1025.78, 96163, 9
97, 338, 0, 1, 0, 0, 1.96%, 1, 0, 1, 1056.27, 101586, 9
102, 356, 0, 1, 0, 0, 1.96%, 1, 0, 1, 1055.57, 106903, 9
107, 375, 0, 1, 0, 0, 1.96%, 1, 0, 1, 1095.49, 112465, 9
112, 393, 0, 1, 0, 0, 1.96%, 1, 0, 1, 1101.29, 117889, 9
117, 412, 0, 1, 0, 0, 1.96%, 1, 0, 1, 1119.34, 123622, 9
122, 429, 0, 1, 0, 0, 1.96%, 1, 0, 1, 1114.59, 128767, 9
128, 447, 0, 1, 0, 0, 1.96%, 1, 0, 1, 1078.42, 134265, 9
133, 466, 0, 1, 0, 0, 1.96%, 1, 0, 1, 1072.14, 139744, 9
138, 484, 0, 1, 0, 0, 1.96%, 1, 0, 1, 1133.20, 145145, 9
143, 502, 0, 1, 0, 0, 1.96%, 1, 0, 1, 1192.48, 150615, 9
148, 520, 0, 1, 0, 0, 1.96%, 1, 0, 1, 1131.54, 156189, 9
153, 538, 0, 1, 0, 0, 1.96%, 1, 0, 1, 1100.32, 161522, 9
158, 556, 0, 1, 0, 0, 1.96%, 1, 0, 1, 1080.86, 166865, 9
163, 574, 0, 1, 0, 0, 1.96%, 1, 0, 1, 1082.42, 172286, 9
168, 593, 0, 1, 0, 0, 1.96%, 1, 0, 1, 1129.74, 178122, 9
174, 612, 0, 1, 0, 0, 1.96%, 1, 0, 1, 1092.21, 183607, 9
179, 629, 0, 1, 0, 0, 1.96%, 1, 0, 1, 1066.84, 188886, 9
184, 647, 0, 1, 0, 0, 1.96%, 1, 0, 1, 1038.44, 194023, 9
189, 664, 0, 1, 0, 0, 1.96%, 1, 0, 1, 1065.04, 199344, 9
194, 683, 0, 1, 0, 0, 1.96%, 1, 0, 1, 1090.26, 204845, 9
199, 701, 0, 1, 0, 0, 1.96%, 1, 0, 1, 1094.07, 210365, 9
204, 719, 0, 1, 0, 0, 1.96%, 1, 0, 1, 1092.25, 215644, 9
209, 737, 0, 1, 0, 0, 1.96%, 1, 0, 1, 1093.12, 221207, 9
214, 756, 0, 1, 0, 0, 1.96%, 1, 0, 1, 87.45, 226815, 9
219, 774, 0, 1, 0, 0, 1.96%, 1, 0, 1, 1135.35, 232345, 9
224, 793, 0, 1, 0, 0, 1.96%, 1, 0, 1, 1094.84, 237967, 9
229, 811, 0, 1, 0, 0, 1.96%, 1, 0, 1, 1168.02, 243392, 9
234, 829, 0, 1, 0, 0, 1.96%, 1, 0, 1, 1092.41, 248711, 9
240, 846, 0, 1, 0, 0, 1.96%, 1, 0, 1, 1031.70, 253883, 9
245, 863, 0, 1, 0, 0, 1.96%, 1, 0, 1, 1053.85, 259022, 9
250, 880, 0, 1, 0, 0, 1.96%, 1, 0, 1, 1141.78, 264022, 9
255, 897, 0, 1, 0, 0, 1.96%, 1, 0, 1, 1055.11, 269165, 9
260, 915, 0, 1, 0, 0, 1.96%, 1, 0, 1, 1053.98, 274483, 9
265, 932, 0, 1, 0, 0, 1.96%, 1, 0, 1, 1063.78, 279807, 9
270, 951, 0, 1, 0, 0, 1.96%, 1, 0, 1, 1075.25, 285307, 9
275, 969, 0, 1, 0, 0, 1.96%, 1, 0, 1, 1093.78, 290822, 9
280, 987, 0, 1, 0, 0, 1.96%, 1, 0, 1, 1093.38, 296165, 9
286, 1005, 0, 1, 0, 0, 1.96%, 1, 0, 1, 1069.42, 301423, 9
291, 1023, 0, 1, 0, 0, 1.96%, 1, 0, 1, 1095.47, 306986, 9
296, 1041, 0, 1, 0, 0, 1.96%, 1, 0, 1, 1077.94, 312322, 9
301, 1059, 0, 1, 0, 0, 1.96%, 1, 0, 1, 1132.25, 317715, 9
306, 1077, 0, 1, 0, 0, 1.96%, 1, 0, 1, 1111.00, 323111, 9
311, 1095, 0, 1, 0, 0, 1.96%, 1, 0, 1, 1105.89, 328565, 9
316, 1112, 0, 1, 0, 0, 1.96%, 1, 0, 1, 1061.46, 333607, 9
322, 1131, 0, 1, 0, 0, 1.96%, 1, 0, 1, 1092.76, 339244, 9
327, 1147, 0, 1, 0, 0, 1.96%, 1, 0, 1, 1050.67, 344122, 9
332, 1163, 0, 1, 0, 0, 1.96%, 1, 0, 1, 1038.97, 349043, 9
337, 1179, 0, 1, 0, 0, 1.96%, 1, 0, 1, 1002.39, 353780, 9
342, 1196, 0, 1, 0, 0, 1.96%, 1, 0, 1, 971.87, 358803, 9
347, 1213, 0, 1, 0, 0, 1.96%, 1, 0, 1, 990.57, 363961, 9
352, 1230, 0, 1, 0, 0, 1.96%, 1, 0, 1, 1026.91, 368983, 9
357, 1246, 0, 1, 0, 0, 1.96%, 1, 0, 1, 997.10, 373861, 9
363, 1263, 0, 1, 0, 0, 1.96%, 1, 0, 1, 994.32, 378980, 9
368, 1279, 0, 1, 0, 0, 1.96%, 1, 0, 1, 946.62, 383813, 9
373, 1293, 0, 1, 0, 0, 1.96%, 1, 1, 1, 196.76, 387987, 9
378, 1309, 0, 1, 0, 0, 1.96%, 1, 1, 1, 976.59, 392662, 9
383, 1326, 0, 1, 0, 0, 1.96%, 1, 1, 1, 1023.72, 397744, 9
388, 1338, 0, 1, 0, 0, 1.96%, 1, 2, 1, 1000.36, 401565, 9
393, 1355, 0, 1, 0, 0, 1.96%, 1, 2, 1, 1002.74, 406582, 9
399, 1371, 0, 1, 0, 0, 1.96%, 1, 2, 1, 974.91, 411301, 9
404, 1388, 0, 1, 0, 0, 1.96%, 1, 2, 1, 999.56, 416385, 9
409, 1405, 0, 1, 0, 0, 1.96%, 1, 2, 1, 1055.18, 421545, 9
414, 1421, 0, 1, 0, 0, 1.96%, 1, 2, 1, 1005.14, 426505, 9
419, 1438, 0, 1, 0, 0, 1.96%, 1, 2, 1, 1029.03, 431524, 9
424, 1455, 0, 1, 0, 0, 1.96%, 1, 2, 1, 1037.95, 436665, 9
429, 1473, 0, 1, 0, 0, 1.96%, 1, 2, 1, 1014.80, 441825, 9
434, 1489, 0, 1, 0, 0, 1.96%, 1, 2, 1, 1022.80, 446905, 9
439, 1506, 0, 1, 0, 0, 1.96%, 1, 2, 1, 1008.17, 451885, 9
444, 1523, 0, 1, 0, 0, 1.96%, 1, 2, 1, 994.00, 456901, 9
449, 1539, 0, 1, 0, 0, 1.96%, 1, 2, 1, 979.12, 461844, 9
455, 1556, 0, 1, 0, 0, 1.96%, 1, 2, 1, 1239.96, 467021, 9
460, 1573, 0, 1, 0, 0, 1.96%, 1, 2, 1, 1098.39, 472088, 9
465, 1590, 0, 1, 0, 0, 1.96%, 1, 2, 1, 1086.25, 477188, 9
470, 1608, 0, 1, 0, 0, 1.96%, 1, 2, 1, 1024.19, 482365, 9
475, 1625, 0, 1, 0, 0, 1.96%, 1, 2, 1, 1117.54, 487569, 9
480, 1642, 0, 1, 0, 0, 1.96%, 1, 2, 1, 1044.30, 492767, 9
485, 1659, 0, 1, 0, 0, 1.96%, 1, 2, 1, 1028.05, 497865, 9
491, 1676, 0, 1, 0, 0, 1.96%, 1, 2, 1, 1018.75, 502965, 9
496, 1694, 0, 1, 0, 0, 1.96%, 1, 2, 1, 1006.08, 508145, 9
501, 1710, 0, 1, 0, 0, 1.96%, 1, 2, 1, 1021.19, 513085, 9
506, 1727, 0, 1, 0, 0, 1.96%, 1, 2, 1, 1033.18, 518324, 9
511, 1744, 0, 1, 0, 0, 1.96%, 1, 2, 1, 1050.97, 523285, 9
516, 1761, 0, 1, 0, 0, 1.96%, 1, 2, 1, 1053.35, 528446, 9
521, 1778, 0, 1, 0, 0, 1.96%, 1, 2, 1, 1018.79, 533524, 9
526, 1795, 0, 1, 0, 0, 1.96%, 1, 2, 1, 1018.88, 538605, 9
531, 1812, 0, 1, 0, 0, 1.96%, 1, 2, 1, 1136.61, 543625, 9
536, 1829, 0, 1, 0, 0, 1.96%, 1, 2, 1, 1085.71, 548824, 9
541, 1846, 0, 1, 0, 0, 1.96%, 1, 2, 1, 1055.36, 553845, 9
547, 1863, 0, 1, 0, 0, 1.96%, 1, 2, 1, 1051.77, 559005, 9
552, 1880, 0, 1, 0, 0, 1.96%, 1, 2, 1, 1041.80, 564205, 9
557, 1897, 0, 1, 0, 0, 1.96%, 1, 2, 1, 1019.90, 569205, 9
562, 1915, 0, 1, 0, 0, 1.96%, 1, 2, 1, 1047.27, 574488, 9
567, 1932, 0, 1, 0, 0, 1.96%, 1, 2, 1, 1028.21, 579565, 9
572, 1949, 0, 1, 0, 0, 1.96%, 1, 2, 1, 1047.94, 584705, 9
577, 1967, 0, 1, 0, 0, 1.96%, 1, 2, 1, 1089.77, 590209, 9
582, 1984, 0, 1, 0, 0, 1.96%, 1, 2, 1, 1027.41, 595285, 9
588, 2002, 0, 1, 0, 0, 1.96%, 1, 2, 1, 1023.28, 600567, 9
593, 2019, 0, 1, 0, 0, 1.96%, 1, 2, 1, 1085.92, 605924, 9
598, 2036, 0, 1, 0, 0, 1.96%, 1, 2, 1, 1048.39, 610909, 9
603, 2053, 0, 1, 0, 0, 1.96%, 1, 2, 1, 1034.91, 615967, 9
608, 2070, 0, 1, 0, 0, 1.96%, 1, 2, 1, 1087.46, 621224, 9
613, 2088, 0, 1, 0, 0, 1.96%, 1, 2, 1, 1048.85, 626447, 9
618, 2105, 0, 1, 0, 0, 1.96%, 1, 2, 1, 1045.54, 631686, 9
623, 2122, 0, 1, 0, 0, 1.96%, 1, 2, 1, 1047.98, 636766, 9
628, 2138, 0, 1, 0, 0, 1.96%, 1, 2, 1, 966.83, 641421, 9
633, 2155, 0, 1, 0, 0, 1.96%, 1, 2, 1, 995.04, 646521, 9
638, 2171, 0, 1, 0, 0, 1.96%, 1, 2, 1, 999.77, 651402, 9
643, 2188, 0, 1, 0, 0, 1.96%, 1, 2, 1, 997.88, 656445, 9
649, 2204, 0, 1, 0, 0, 1.96%, 1, 2, 1, 959.56, 661321, 9
654, 2220, 0, 1, 0, 0, 1.96%, 1, 2, 1, 969.46, 666202, 9
659, 2236, 0, 1, 0, 0, 1.96%, 1, 2, 1, 935.94, 670898, 9
664, 2251, 0, 1, 0, 0, 1.96%, 1, 2, 1, 915.23, 675516, 9
669, 2267, 0, 1, 0, 0, 1.96%, 1, 2, 1, 918.60, 680062, 9
674, 2282, 0, 1, 0, 0, 1.96%, 1, 2, 1, 963.94, 684721, 9
679, 2298, 0, 1, 0, 0, 1.96%, 1, 2, 1, 115.04, 689564, 9
685, 2314, 0, 1, 0, 0, 1.96%, 1, 2, 1, 913.84, 694262, 9
690, 2329, 0, 1, 0, 0, 1.96%, 1, 2, 1, 891.09, 698760, 9
695, 2344, 0, 1, 0, 0, 1.96%, 1, 2, 1, 880.11, 703160, 9
700, 2359, 0, 1, 0, 0, 1.96%, 1, 2, 1, 920.49, 707780, 9
705, 2376, 0, 1, 0, 0, 1.96%, 1, 2, 1, 981.87, 712745, 9
710, 2390, 0, 1, 0, 0, 1.96%, 1, 2, 1, 945.22, 717062, 9
715, 2404, 0, 1, 0, 0, 1.96%, 1, 2, 1, 885.48, 721325, 9
720, 2420, 0, 1, 0, 0, 1.96%, 1, 2, 1, 908.87, 725998, 9
725, 2434, 0, 1, 0, 0, 1.96%, 1, 2, 1, 884.68, 730225, 9
730, 2448, 0, 1, 0, 0, 1.96%, 1, 2, 1, 897.45, 734611, 9
735, 2463, 0, 1, 0, 0, 1.96%, 1, 2, 1, 892.34, 738977, 9
740, 2478, 0, 1, 0, 0, 1.96%, 1, 2, 1, 1007.38, 743466, 9
745, 2492, 0, 1, 0, 0, 1.96%, 1, 2, 1, 904.38, 747660, 9
751, 2507, 0, 1, 0, 0, 1.96%, 1, 2, 1, 1033.31, 752086, 9
756, 2522, 0, 1, 0, 0, 1.96%, 1, 2, 1, 932.62, 756562, 9
761, 2536, 0, 1, 0, 0, 1.96%, 1, 2, 1, 887.74, 760877, 9
766, 2550, 0, 1, 0, 0, 1.96%, 1, 2, 1, 852.37, 765058, 9
771, 2565, 0, 1, 0, 0, 1.96%, 1, 2, 1, 868.38, 769443, 9
776, 2579, 0, 1, 0, 0, 1.96%, 1, 2, 1, 873.61, 773694, 9
781, 2594, 0, 1, 0, 0, 1.96%, 1, 2, 1, 124.16, 778162, 9
786, 2609, 0, 1, 0, 0, 1.96%, 1, 2, 1, 919.94, 782780, 9
791, 2623, 0, 1, 0, 0, 1.96%, 1, 2, 1, 884.88, 787125, 9
796, 2638, 0, 1, 0, 0, 1.96%, 1, 2, 1, 984.32, 791602, 9
801, 2653, 0, 1, 0, 0, 1.96%, 1, 2, 1, 913.08, 796062, 9
807, 2669, 0, 1, 0, 0, 1.96%, 1, 2, 1, 937.27, 800826, 9
812, 2684, 0, 1, 0, 0, 1.96%, 1, 2, 1, 901.87, 805260, 9
817, 2699, 0, 1, 0, 0, 1.96%, 1, 2, 1, 899.62, 809711, 9
822, 2714, 0, 1, 0, 0, 1.96%, 1, 2, 1, 881.21, 814262, 9
827, 2729, 0, 1, 0, 0, 1.96%, 1, 2, 1, 899.25, 818694, 9
832, 2743, 0, 1, 0, 0, 1.96%, 1, 2, 1, 874.47, 822994, 9
837, 2759, 0, 1, 0, 0, 1.96%, 1, 2, 1, 922.64, 827644, 9
842, 2774, 0, 1, 0, 0, 1.96%, 1, 2, 1, 950.70, 832316, 9
847, 2790, 0, 1, 0, 0, 1.96%, 1, 2, 1, 952.73, 837202, 9
852, 2806, 0, 1, 0, 0, 1.96%, 1, 2, 1, 959.54, 841845, 9
857, 2821, 0, 1, 0, 0, 1.96%, 1, 2, 1, 949.36, 846362, 9
863, 2835, 0, 1, 0, 0, 1.96%, 1, 2, 1, 923.76, 850698, 9
868, 2851, 0, 1, 0, 0, 1.96%, 1, 2, 1, 967.10, 855502, 9
873, 2867, 0, 1, 0, 0, 1.96%, 1, 2, 1, 967.68, 860225, 9
878, 2883, 0, 1, 0, 0, 1.96%, 1, 2, 1, 947.85, 864880, 9
883, 2898, 0, 1, 0, 0, 1.96%, 1, 2, 1, 936.53, 869362, 9
888, 2913, 0, 1, 0, 0, 1.96%, 1, 2, 1, 1037.62, 873968, 9
893, 2929, 0, 1, 0, 0, 1.96%, 1, 2, 1, 984.18, 878902, 9
898, 2944, 0, 1, 0, 0, 1.96%, 1, 2, 1, 997.00, 883402, 9
903, 2961, 0, 1, 0, 0, 1.96%, 1, 2, 1, 966.28, 888321, 9
909, 2978, 0, 1, 0, 0, 1.96%, 1, 2, 1, 1005.03, 893425, 9
914, 2993, 0, 1, 0, 0, 1.96%, 1, 2, 1, 949.16, 898025, 9
