# relative_time, cycles_done, cur_item, corpus_count, pending_total, pending_favs, map_size, saved_crashes, saved_hangs, max_depth, execs_per_sec, total_execs, edges_found
64, 0, 0, 13, 13, 1, 15.73%, 0, 0, 2, 0.90, 353, 28
73, 0, 0, 15, 15, 1, 15.73%, 0, 0, 2, 3.48, 573, 28
147, 0, 0, 17, 17, 1, 15.73%, 0, 0, 2, 0.12, 596, 28
203, 0, 0, 19, 19, 1, 15.73%, 0, 0, 2, 0.15, 627, 28
257, 0, 0, 21, 21, 1, 15.73%, 0, 0, 2, 0.17, 656, 28
328, 0, 0, 22, 22, 1, 15.73%, 0, 0, 2, 0.17, 667, 28
371, 0, 0, 23, 23, 1, 15.73%, 0, 0, 2, 0.20, 693, 28
438, 0, 0, 24, 24, 1, 15.73%, 0, 0, 2, 0.20, 716, 28
545, 0, 0, 26, 26, 1, 15.73%, 0, 0, 2, 1.09, 850, 28
613, 0, 0, 27, 27, 1, 15.73%, 0, 0, 2, 1.06, 886, 28
641, 0, 0, 29, 29, 1, 15.73%, 0, 0, 2, 0.60, 923, 28
693, 0, 0, 32, 32, 1, 15.73%, 0, 1, 2, 2.38, 1144, 28
699, 0, 0, 36, 36, 1, 15.73%, 0, 1, 2, 12.82, 1792, 28
704, 0, 0, 37, 37, 1, 16.29%, 0, 1, 2, 140.94, 2366, 29
709, 0, 0, 38, 38, 1, 16.85%, 0, 1, 2, 292.91, 3145, 30
717, 0, 0, 43, 43, 1, 20.79%, 0, 1, 2, 0.21, 3722, 37
723, 0, 0, 43, 43, 1, 20.79%, 0, 1, 2, 10.38, 3773, 37
728, 0, 0, 43, 43, 1, 20.79%, 0, 1, 2, 2.65, 3816, 37
734, 0, 0, 43, 43, 1, 20.79%, 0, 1, 2, 2.28, 3824, 37
743, 0, 0, 43, 43, 1, 20.79%, 0, 2, 2, 0.40, 3889, 37
748, 0, 0, 43, 43, 1, 20.79%, 0, 2, 2, 1.59, 3900, 37
753, 0, 0, 43, 43, 1, 20.79%, 0, 2, 2, 9.90, 3910, 37
759, 0, 0, 44, 44, 1, 20.79%, 0, 2, 2, 3.55, 3981, 37
764, 0, 0, 44, 44, 1, 20.79%, 0, 2, 2, 2.91, 3990, 37
769, 0, 0, 44, 44, 1, 20.79%, 0, 2, 2, 2.04, 4056, 37
774, 0, 0, 44, 44, 1, 20.79%, 0, 2, 2, 1.78, 4062, 37
780, 0, 0, 44, 44, 1, 20.79%, 0, 2, 2, 4.43, 4123, 37
785, 0, 0, 44, 44, 1, 20.79%, 0, 2, 2, 30.86, 4179, 37
790, 0, 0, 44, 44, 1, 20.79%, 0, 2, 2, 16.58, 4263, 37
795, 0, 0, 44, 44, 1, 20.79%, 0, 2, 2, 2.88, 4363, 37
801, 0, 0, 44, 44, 1, 20.79%, 0, 2, 2, 2.70, 4430, 37
806, 0, 0, 44, 44, 1, 20.79%, 0, 2, 2, 1.10, 4497, 37
811, 0, 0, 45, 45, 1, 22.47%, 0, 2, 2, 25.32, 4617, 40
817, 0, 0, 46, 46, 1, 23.03%, 0, 2, 2, 20.04, 4738, 41
822, 0, 0, 46, 46, 1, 23.03%, 0, 2, 2, 22.60, 4876, 41
827, 0, 0, 46, 46, 1, 23.03%, 0, 2, 2, 28.49, 5024, 41
832, 0, 0, 46, 46, 1, 23.03%, 0, 2, 2, 32.77, 5190, 41
837, 0, 0, 47, 47, 1, 23.03%, 0, 2, 2, 28.15, 5313, 41
842, 0, 0, 47, 47, 1, 23.03%, 0, 2, 2, 3.46, 5460, 41
847, 0, 0, 47, 47, 1, 23.03%, 0, 2, 2, 37.22, 5640, 41
853, 0, 0, 47, 47, 1, 23.03%, 0, 2, 2, 38.61, 5829, 41
858, 0, 0, 48, 48, 1, 23.03%, 0, 2, 2, 25.92, 5982, 41
863, 0, 0, 48, 48, 1, 23.03%, 0, 2, 2, 42.43, 6125, 41
868, 0, 0, 49, 49, 1, 23.03%, 0, 2, 2, 21.87, 6261, 41
873, 0, 0, 49, 49, 1, 23.03%, 0, 2, 2, 1.23, 6369, 41
878, 0, 0, 49, 49, 1, 23.03%, 0, 2, 2, 1.40, 6376, 41
883, 0, 0, 49, 49, 1, 23.03%, 0, 2, 2, 5.95, 6456, 41
889, 0, 0, 49, 49, 1, 23.03%, 0, 2, 2, 3.23, 6535, 41
894, 0, 0, 50, 50, 1, 23.60%, 0, 2, 2, 31.79, 6618, 42
899, 0, 0, 50, 50, 1, 23.60%, 0, 2, 2, 4.52, 6702, 42
904, 0, 0, 50, 50, 1, 23.60%, 0, 2, 2, 3.35, 6710, 42
909, 0, 0, 50, 50, 1, 23.60%, 0, 2, 2, 3.29, 6793, 42
915, 0, 0, 50, 50, 1, 23.60%, 0, 2, 2, 1.43, 6868, 42
920, 0, 0, 50, 50, 1, 23.60%, 0, 2, 2, 31.78, 6977, 42
926, 0, 0, 50, 50, 1, 23.60%, 0, 2, 2, 39.39, 7088, 42
931, 0, 0, 50, 50, 1, 23.60%, 0, 2, 2, 25.61, 7230, 42
936, 0, 0, 50, 50, 1, 23.60%, 0, 2, 2, 1.54, 7259, 42
941, 0, 0, 50, 50, 1, 23.60%, 0, 2, 2, 45.09, 7412, 42
946, 0, 0, 50, 50, 1, 23.60%, 0, 2, 2, 23.54, 7570, 42
951, 0, 0, 50, 50, 1, 23.60%, 0, 2, 2, 49.27, 7754, 42
957, 0, 0, 50, 50, 1, 23.60%, 0, 2, 2, 50.16, 7873, 42
962, 0, 0, 50, 50, 1, 23.60%, 0, 3, 2, 2.39, 7985, 42
967, 0, 0, 50, 50, 1, 23.60%, 0, 3, 2, 52.97, 8186, 42
972, 0, 0, 50, 50, 1, 23.60%, 0, 3, 2, 55.56, 8311, 42
977, 0, 0, 50, 50, 1, 23.60%, 0, 3, 2, 34.48, 8490, 42
982, 0, 0, 50, 50, 1, 23.60%, 0, 3, 2, 51.52, 8704, 42
987, 0, 0, 50, 50, 1, 23.60%, 0, 3, 2, 49.71, 8924, 42
993, 0, 0, 50, 50, 1, 23.60%, 0, 3, 2, 55.52, 9157, 42
998, 0, 0, 50, 50, 1, 23.60%, 0, 3, 2, 53.92, 9366, 42
1003, 0, 0, 50, 50, 1, 23.60%, 0, 3, 2, 67.16, 9633, 42
1008, 0, 0, 50, 50, 1, 23.60%, 0, 3, 2, 47.66, 9900, 42
1013, 0, 0, 50, 50, 1, 23.60%, 0, 3, 2, 63.35, 10170, 42
1018, 0, 0, 50, 50, 1, 23.60%, 0, 3, 2, 1.44, 10426, 42
1023, 0, 0, 50, 50, 1, 23.60%, 0, 3, 2, 33.87, 10707, 42
1028, 0, 0, 50, 50, 1, 23.60%, 0, 3, 2, 71.76, 11083, 42
1034, 0, 0, 50, 50, 1, 23.60%, 0, 3, 2, 4.50, 11397, 42
1039, 0, 0, 50, 50, 1, 23.60%, 0, 3, 2, 100.57, 11873, 42
1045, 0, 0, 50, 50, 1, 23.60%, 0, 3, 2, 0.96, 12203, 42
1093, 0, 12, 51, 47, 4, 23.60%, 0, 4, 3, 0.94, 13166, 42
1098, 0, 12, 53, 49, 4, 23.60%, 0, 4, 3, 51.45, 13439, 42
1103, 0, 12, 53, 49, 4, 23.60%, 0, 4, 3, 135.05, 13929, 42
