# relative_time, cycles_done, cur_item, corpus_count, pending_total, pending_favs, map_size, saved_crashes, saved_hangs, max_depth, execs_per_sec, total_execs, edges_found
61, 75, 0, 1, 0, 0, 0.73%, 0, 0, 1, 27.78, 22491, 3
66, 81, 0, 1, 0, 0, 0.73%, 0, 0, 1, 334.32, 24287, 3
71, 87, 0, 1, 0, 0, 0.73%, 0, 0, 1, 47.62, 26163, 3
77, 93, 0, 1, 0, 0, 0.73%, 0, 0, 1, 332.72, 27951, 3
82, 99, 0, 1, 0, 0, 0.73%, 0, 0, 1, 355.15, 29735, 3
87, 105, 0, 1, 0, 0, 0.73%, 0, 0, 1, 358.06, 31477, 3
92, 111, 0, 1, 0, 0, 0.73%, 0, 0, 1, 361.05, 33263, 3
97, 116, 0, 1, 0, 0, 0.73%, 0, 0, 1, 339.00, 34881, 3
102, 122, 0, 1, 0, 0, 0.73%, 0, 0, 1, 353.39, 36535, 3
107, 127, 0, 1, 0, 0, 0.73%, 0, 0, 1, 327.00, 38151, 3
112, 133, 0, 1, 0, 0, 0.73%, 0, 0, 1, 362.10, 39935, 3
117, 139, 0, 1, 0, 0, 0.73%, 0, 0, 1, 271.87, 41701, 3
122, 145, 0, 1, 0, 0, 0.73%, 0, 0, 1, 346.61, 43493, 3
127, 151, 0, 1, 0, 0, 0.73%, 0, 0, 1, 375.20, 45449, 3
132, 158, 0, 1, 0, 0, 0.73%, 0, 0, 1, 314.75, 47339, 3
138, 164, 0, 1, 0, 0, 0.73%, 0, 0, 1, 371.52, 49312, 3
143, 170, 0, 1, 0, 0, 0.73%, 0, 0, 1, 388.65, 51219, 3
148, 176, 0, 1, 0, 0, 0.73%, 0, 0, 1, 368.87, 52991, 3
153, 183, 0, 1, 0, 0, 0.73%, 0, 0, 1, 391.34, 54849, 3
158, 188, 0, 1, 0, 0, 0.73%, 0, 0, 1, 316.41, 56533, 3
163, 194, 0, 1, 0, 0, 0.73%, 0, 0, 1, 340.06, 58245, 3
168, 199, 0, 1, 0, 0, 0.73%, 0, 0, 1, 322.68, 59845, 3
173, 204, 0, 1, 0, 0, 0.73%, 0, 0, 1, 319.87, 61327, 3
178, 209, 0, 1, 0, 0, 0.73%, 0, 0, 1, 322.01, 62917, 3
184, 215, 0, 1, 0, 0, 0.73%, 0, 0, 1, 323.38, 64493, 3
189, 220, 0, 1, 0, 0, 0.73%, 0, 0, 1, 314.58, 66005, 3
194, 225, 0, 1, 0, 0, 0.73%, 0, 0, 1, 324.27, 67627, 3
199, 230, 0, 1, 0, 0, 0.73%, 0, 0, 1, 318.09, 69199, 3
204, 235, 0, 1, 0, 0, 0.73%, 0, 0, 1, 300.18, 70681, 3
209, 240, 0, 1, 0, 0, 0.73%, 0, 0, 1, 292.43, 72166, 3
214, 245, 0, 1, 0, 0, 0.73%, 0, 0, 1, 307.93, 73687, 3
220, 250, 0, 1, 0, 0, 0.73%, 0, 0, 1, 311.64, 75181, 3
225, 256, 0, 1, 0, 0, 0.73%, 0, 0, 1, 343.26, 76857, 3
230, 261, 0, 1, 0, 0, 0.73%, 0, 0, 1, 312.71, 78393, 3
235, 267, 0, 1, 0, 0, 0.73%, 0, 0, 1, 274.17, 80021, 3
240, 272, 0, 1, 0, 0, 0.73%, 0, 0, 1, 347.61, 81757, 3
245, 278, 0, 1, 0, 0, 0.73%, 0, 0, 1, 324.49, 83417, 3
250, 283, 0, 1, 0, 0, 0.73%, 0, 0, 1, 338.09, 85081, 3
255, 289, 0, 1, 0, 0, 0.73%, 0, 0, 1, 356.87, 86791, 3
260, 295, 0, 1, 0, 0, 0.73%, 0, 0, 1, 313.27, 88457, 3
265, 301, 0, 1, 0, 0, 0.73%, 0, 0, 1, 368.41, 90328, 3
270, 307, 0, 1, 0, 0, 0.73%, 0, 0, 1, 371.34, 92105, 3
275, 313, 0, 1, 0, 0, 0.73%, 0, 0, 1, 374.71, 93905, 3
280, 318, 0, 1, 0, 0, 0.73%, 0, 0, 1, 338.44, 95599, 3
286, 324, 0, 1, 0, 0, 0.73%, 0, 0, 1, 361.85, 97342, 3
291, 331, 0, 1, 0, 0, 0.73%, 0, 0, 1, 377.28, 99270, 3
296, 337, 0, 1, 0, 0, 0.73%, 0, 0, 1, 367.45, 101119, 3
301, 342, 0, 1, 0, 0, 0.73%, 0, 0, 1, 328.16, 102717, 3
306, 348, 0, 1, 0, 0, 0.73%, 0, 0, 1, 338.49, 104351, 3
311, 353, 0, 1, 0, 0, 0.73%, 0, 0, 1, 312.04, 105987, 3
316, 358, 0, 1, 0, 0, 0.73%, 0, 0, 1, 252.53, 107526, 3
321, 364, 0, 1, 0, 0, 0.73%, 0, 0, 1, 331.76, 109239, 3
326, 370, 0, 1, 0, 0, 0.73%, 0, 0, 1, 358.52, 111049, 3
331, 376, 0, 1, 0, 0, 0.73%, 0, 0, 1, 283.83, 112806, 3
337, 381, 0, 1, 0, 0, 0.73%, 0, 0, 1, 313.26, 114417, 3
342, 387, 0, 1, 0, 0, 0.73%, 0, 0, 1, 340.65, 116120, 3
347, 392, 0, 1, 0, 0, 0.73%, 0, 0, 1, 346.94, 117777, 3
352, 398, 0, 1, 0, 0, 0.73%, 0, 0, 1, 296.64, 119606, 3
357, 404, 0, 1, 0, 0, 0.73%, 0, 0, 1, 340.89, 121321, 3
362, 410, 0, 1, 0, 0, 0.73%, 0, 0, 1, 349.31, 123005, 3
367, 415, 0, 1, 0, 0, 0.73%, 0, 0, 1, 341.31, 124617, 3
372, 420, 0, 1, 0, 0, 0.73%, 0, 0, 1, 302.66, 126157, 3
377, 426, 0, 1, 0, 0, 0.73%, 0, 0, 1, 346.81, 127845, 3
383, 431, 0, 1, 0, 0, 0.73%, 0, 0, 1, 317.98, 129351, 3
388, 437, 0, 1, 0, 0, 0.73%, 0, 0, 1, 344.56, 131045, 3
393, 442, 0, 1, 0, 0, 0.73%, 0, 0, 1, 340.58, 132651, 3
398, 448, 0, 1, 0, 0, 0.73%, 0, 0, 1, 262.25, 134336, 3
403, 453, 0, 1, 0, 0, 0.73%, 0, 0, 1, 319.69, 135939, 3
408, 458, 0, 1, 0, 0, 0.73%, 0, 0, 1, 333.15, 137575, 3
413, 464, 0, 1, 0, 0, 0.73%, 0, 0, 1, 338.30, 139299, 3
418, 470, 0, 1, 0, 0, 0.73%, 0, 0, 1, 321.48, 140981, 3
423, 475, 0, 1, 0, 0, 0.73%, 0, 0, 1, 340.75, 142627, 3
428, 480, 0, 1, 0, 0, 0.73%, 0, 0, 1, 234.76, 144201, 3
434, 485, 0, 1, 0, 0, 0.73%, 0, 0, 1, 289.68, 145711, 3
439, 490, 0, 1, 0, 0, 0.73%, 0, 0, 1, 299.63, 147201, 3
444, 495, 0, 1, 0, 0, 0.73%, 0, 0, 1, 302.03, 148717, 3
449, 501, 0, 1, 0, 0, 0.73%, 0, 0, 1, 313.14, 150263, 3
454, 506, 0, 1, 0, 0, 0.73%, 0, 0, 1, 293.61, 151733, 3
459, 511, 0, 1, 0, 0, 0.73%, 0, 0, 1, 314.88, 153311, 3
464, 516, 0, 1, 0, 0, 0.73%, 0, 0, 1, 296.11, 154751, 3
469, 521, 0, 1, 0, 0, 0.73%, 0, 0, 1, 319.36, 156317, 3
474, 526, 0, 1, 0, 0, 0.73%, 0, 0, 1, 319.87, 157799, 3
480, 532, 0, 1, 0, 0, 0.73%, 0, 0, 1, 353.35, 159563, 3
485, 536, 0, 1, 0, 0, 0.73%, 0, 0, 1, 308.03, 161005, 3
490, 541, 0, 1, 0, 0, 0.73%, 0, 0, 1, 306.49, 162493, 3
495, 547, 0, 1, 0, 0, 0.73%, 0, 0, 1, 317.93, 164063, 3
500, 552, 0, 1, 0, 0, 0.73%, 0, 0, 1, 323.93, 165681, 3
505, 557, 0, 1, 0, 0, 0.73%, 0, 0, 1, 277.91, 167041, 3
510, 562, 0, 1, 0, 0, 0.73%, 0, 0, 1, 316.15, 168663, 3
515, 567, 0, 1, 0, 0, 0.73%, 0, 0, 1, 314.52, 170157, 3
520, 572, 0, 1, 0, 0, 0.73%, 0, 0, 1, 306.66, 171669, 3
525, 577, 0, 1, 0, 0, 0.73%, 0, 0, 1, 294.86, 173106, 3
531, 582, 0, 1, 0, 0, 0.73%, 0, 0, 1, 285.54, 174521, 3
536, 586, 0, 1, 0, 0, 0.73%, 0, 0, 1, 280.15, 175891, 3
541, 591, 0, 1, 0, 0, 0.73%, 0, 0, 1, 288.69, 177311, 3
546, 596, 0, 1, 0, 0, 0.73%, 0, 0, 1, 293.86, 178756, 3
551, 600, 0, 1, 0, 0, 0.73%, 0, 0, 1, 284.57, 180126, 3
556, 606, 0, 1, 0, 0, 0.73%, 0, 0, 1, 311.76, 181733, 3
561, 611, 0, 1, 0, 0, 0.73%, 0, 0, 1, 308.60, 183233, 3
566, 615, 0, 1, 0, 0, 0.73%, 0, 0, 1, 287.58, 184646, 3
572, 620, 0, 1, 0, 0, 0.73%, 0, 0, 1, 313.79, 186181, 3
577, 626, 0, 1, 0, 0, 0.73%, 0, 0, 1, 313.19, 187745, 3
582, 631, 0, 1, 0, 0, 0.73%, 0, 0, 1, 323.86, 189375, 3
587, 636, 0, 1, 0, 0, 0.73%, 0, 0, 1, 294.09, 190791, 3
592, 640, 0, 1, 0, 0, 0.73%, 0, 0, 1, 286.79, 192166, 3
597, 645, 0, 1, 0, 0, 0.73%, 0, 0, 1, 274.80, 193486, 3
602, 649, 0, 1, 0, 0, 0.73%, 0, 0, 1, 279.02, 194841, 3
607, 655, 0, 1, 0, 0, 0.73%, 0, 0, 1, 332.83, 196475, 3
612, 659, 0, 1, 0, 0, 0.73%, 0, 0, 1, 294.94, 197876, 3
618, 664, 0, 1, 0, 0, 0.73%, 0, 0, 1, 277.47, 199286, 3
623, 669, 0, 1, 0, 0, 0.73%, 0, 0, 1, 309.10, 200863, 3
628, 674, 0, 1, 0, 0, 0.73%, 0, 0, 1, 291.94, 202286, 3
633, 679, 0, 1, 0, 0, 0.73%, 0, 0, 1, 295.41, 203801, 3
638, 684, 0, 1, 0, 0, 0.73%, 0, 0, 1, 195.41, 205260, 3
643, 689, 0, 1, 0, 0, 0.73%, 0, 0, 1, 281.16, 206786, 3
648, 694, 0, 1, 0, 0, 0.73%, 0, 0, 1, 190.97, 208178, 3
654, 699, 0, 1, 0, 0, 0.73%, 0, 0, 1, 269.20, 209636, 3
659, 703, 0, 1, 0, 0, 0.73%, 0, 0, 1, 280.15, 211046, 3
664, 708, 0, 1, 0, 0, 0.73%, 0, 0, 1, 279.28, 212486, 3
669, 713, 0, 1, 0, 0, 0.73%, 0, 0, 1, 285.71, 213896, 3
674, 718, 0, 1, 0, 0, 0.73%, 0, 0, 1, 323.03, 215517, 3
679, 723, 0, 1, 0, 0, 0.73%, 0, 0, 1, 309.57, 217005, 3
684, 728, 0, 1, 0, 0, 0.73%, 0, 0, 1, 304.90, 218457, 3
689, 733, 0, 1, 0, 0, 0.73%, 0, 0, 1, 308.15, 220005, 3
694, 739, 0, 1, 0, 0, 0.73%, 0, 0, 1, 329.99, 221657, 3
700, 744, 0, 1, 0, 0, 0.73%, 0, 0, 1, 320.68, 223281, 3
705, 750, 0, 1, 0, 0, 0.73%, 0, 0, 1, 328.20, 224945, 3
710, 755, 0, 1, 0, 0, 0.73%, 0, 0, 1, 349.31, 226657, 3
715, 761, 0, 1, 0, 0, 0.73%, 0, 0, 1, 248.69, 228309, 3
720, 766, 0, 1, 0, 0, 0.73%, 0, 0, 1, 313.62, 229987, 3
725, 771, 0, 1, 0, 0, 0.73%, 0, 0, 1, 221.36, 231489, 3
730, 776, 0, 1, 0, 0, 0.73%, 0, 0, 1, 277.03, 232981, 3
735, 782, 0, 1, 0, 0, 0.73%, 0, 0, 1, 337.98, 234751, 3
741, 788, 0, 1, 0, 0, 0.73%, 0, 0, 1, 343.57, 236439, 3
746, 794, 0, 1, 0, 0, 0.73%, 0, 0, 1, 263.33, 238126, 3
751, 799, 0, 1, 0, 0, 0.73%, 0, 0, 1, 327.50, 239839, 3
756, 805, 0, 1, 0, 0, 0.73%, 0, 0, 1, 345.19, 241545, 3
761, 811, 0, 1, 0, 0, 0.73%, 0, 0, 1, 341.24, 243239, 3
766, 816, 0, 1, 0, 0, 0.73%, 0, 0, 1, 338.50, 244857, 3
771, 821, 0, 1, 0, 0, 0.73%, 0, 0, 1, 341.55, 246505, 3
776, 827, 0, 1, 0, 0, 0.73%, 0, 0, 1, 362.00, 248312, 3
782, 833, 0, 1, 0, 0, 0.73%, 0, 0, 1, 346.09, 250011, 3
787, 839, 0, 1, 0, 0, 0.73%, 0, 0, 1, 339.93, 251745, 3
792, 845, 0, 1, 0, 0, 0.73%, 0, 0, 1, 384.49, 253663, 3
797, 852, 0, 1, 0, 0, 0.73%, 0, 0, 1, 365.90, 255605, 3
802, 857, 0, 1, 0, 0, 0.73%, 0, 0, 1, 315.78, 257299, 3
807, 863, 0, 1, 0, 0, 0.73%, 0, 0, 1, 338.84, 259011, 3
812, 868, 0, 1, 0, 0, 0.73%, 0, 0, 1, 314.07, 260557, 3
817, 873, 0, 1, 0, 0, 0.73%, 0, 0, 1, 314.36, 262099, 3
823, 879, 0, 1, 0, 0, 0.73%, 0, 0, 1, 326.33, 263739, 3
828, 884, 0, 1, 0, 0, 0.73%, 0, 0, 1, 315.35, 265351, 3
833, 890, 0, 1, 0, 0, 0.73%, 0, 0, 1, 330.54, 267011, 3
838, 895, 0, 1, 0, 0, 0.73%, 0, 0, 1, 319.13, 268599, 3
843, 900, 0, 1, 0, 0, 0.73%, 0, 0, 1, 294.50, 270156, 3
848, 905, 0, 1, 0, 0, 0.73%, 0, 0, 1, 292.24, 271601, 3
853, 910, 0, 1, 0, 0, 0.73%, 0, 0, 1, 282.23, 272976, 3
859, 914, 0, 1, 0, 0, 0.73%, 0, 0, 1, 280.79, 274361, 3
864, 919, 0, 1, 0, 0, 0.73%, 0, 0, 1, 292.12, 275811, 3
869, 924, 0, 1, 0, 0, 0.73%, 0, 0, 1, 301.96, 277271, 3
874, 929, 0, 1, 0, 0, 0.73%, 0, 0, 1, 226.00, 278709, 3
879, 934, 0, 1, 0, 0, 0.73%, 0, 0, 1, 290.40, 280216, 3
884, 938, 0, 1, 0, 0, 0.73%, 0, 0, 1, 294.00, 281606, 3
889, 944, 0, 1, 0, 0, 0.73%, 0, 0, 1, 300.09, 283121, 3
894, 949, 0, 1, 0, 0, 0.73%, 0, 0, 1, 319.24, 284681, 3
899, 954, 0, 1, 0, 0, 0.73%, 0, 0, 1, 317.96, 286299, 3
904, 959, 0, 1, 0, 0, 0.73%, 0, 0, 1, 224.62, 287753, 3
910, 963, 0, 1, 0, 0, 0.73%, 0, 0, 1, 265.06, 289120, 3
915, 969, 0, 1, 0, 0, 0.73%, 0, 0, 1, 319.82, 290781, 3
920, 974, 0, 1, 0, 0, 0.73%, 0, 0, 1, 297.79, 292201, 3
925, 979, 0, 1, 0, 0, 0.73%, 0, 0, 1, 301.98, 293716, 3
930, 984, 0, 1, 0, 0, 0.73%, 0, 0, 1, 298.33, 295269, 3
935, 989, 0, 1, 0, 0, 0.73%, 0, 0, 1, 284.30, 296656, 3
940, 994, 0, 1, 0, 0, 0.73%, 0, 0, 1, 305.80, 298169, 3
945, 999, 0, 1, 0, 0, 0.73%, 0, 0, 1, 305.69, 299669, 3
950, 1003, 0, 1, 0, 0, 0.73%, 0, 0, 1, 294.89, 301086, 3
956, 1008, 0, 1, 0, 0, 0.73%, 0, 0, 1, 303.05, 302551, 3
961, 1013, 0, 1, 0, 0, 0.73%, 0, 0, 1, 298.06, 304027, 3
966, 1018, 0, 1, 0, 0, 0.73%, 0, 0, 1, 250.36, 305501, 3
971, 1023, 0, 1, 0, 0, 0.73%, 0, 0, 1, 279.87, 306941, 3
976, 1028, 0, 1, 0, 0, 0.73%, 0, 0, 1, 290.54, 308366, 3
981, 1033, 0, 1, 0, 0, 0.73%, 0, 0, 1, 334.51, 309987, 3
986, 1038, 0, 1, 0, 0, 0.73%, 0, 0, 1, 324.07, 311533, 3
991, 1044, 0, 1, 0, 0, 0.73%, 0, 0, 1, 334.80, 313333, 3
997, 1050, 0, 1, 0, 0, 0.73%, 0, 0, 1, 343.34, 315039, 3
1002, 1055, 0, 1, 0, 0, 0.73%, 0, 0, 1, 327.48, 316621, 3
1007, 1060, 0, 1, 0, 0, 0.73%, 0, 0, 1, 240.17, 318009, 3
1012, 1065, 0, 1, 0, 0, 0.73%, 0, 0, 1, 293.93, 319531, 3
1017, 1070, 0, 1, 0, 0, 0.73%, 0, 0, 1, 339.52, 321199, 3
1022, 1075, 0, 1, 0, 0, 0.73%, 0, 0, 1, 296.69, 322571, 3
1027, 1080, 0, 1, 0, 0, 0.73%, 0, 0, 1, 249.99, 324081, 3
1032, 1086, 0, 1, 0, 0, 0.73%, 0, 0, 1, 313.85, 325733, 3
1037, 1091, 0, 1, 0, 0, 0.73%, 0, 0, 1, 316.46, 327287, 3
1043, 1095, 0, 1, 0, 0, 0.73%, 0, 0, 1, 297.77, 328706, 3
1048, 1100, 0, 1, 0, 0, 0.73%, 0, 0, 1, 301.49, 330186, 3
1053, 1106, 0, 1, 0, 0, 0.73%, 0, 0, 1, 316.16, 331763, 3
1058, 1111, 0, 1, 0, 0, 0.73%, 0, 0, 1, 323.24, 333327, 3
1063, 1116, 0, 1, 0, 0, 0.73%, 0, 0, 1, 300.61, 334741, 3
1068, 1120, 0, 1, 0, 0, 0.73%, 0, 0, 1, 241.95, 336165, 3
1073, 1125, 0, 1, 0, 0, 0.73%, 0, 0, 1, 292.63, 337616, 3
1078, 1130, 0, 1, 0, 0, 0.73%, 0, 0, 1, 287.53, 338986, 3
1083, 1134, 0, 1, 0, 0, 0.73%, 0, 0, 1, 283.16, 340386, 3
1088, 1139, 0, 1, 0, 0, 0.73%, 0, 0, 1, 275.85, 341706, 3
1094, 1144, 0, 1, 0, 0, 0.73%, 0, 0, 1, 293.13, 343141, 3
1099, 1148, 0, 1, 0, 0, 0.73%, 0, 0, 1, 277.58, 344461, 3
1104, 1153, 0, 1, 0, 0, 0.73%, 0, 0, 1, 294.03, 345941, 3
1109, 1157, 0, 1, 0, 0, 0.73%, 0, 0, 1, 278.33, 347301, 3
1114, 1162, 0, 1, 0, 0, 0.73%, 0, 0, 1, 292.77, 348786, 3
1119, 1167, 0, 1, 0, 0, 0.73%, 0, 0, 1, 302.15, 350276, 3
1124, 1172, 0, 1, 0, 0, 0.73%, 0, 0, 1, 288.07, 351661, 3
1129, 1177, 0, 1, 0, 0, 0.73%, 0, 0, 1, 290.54, 353066, 3
1135, 1181, 0, 1, 0, 0, 0.73%, 0, 0, 1, 281.36, 354436, 3
1140, 1186, 0, 1, 0, 0, 0.73%, 0, 0, 1, 293.68, 355851, 3
1145, 1191, 0, 1, 0, 0, 0.73%, 0, 0, 1, 295.78, 357316, 3
1150, 1196, 0, 1, 0, 0, 0.73%, 0, 0, 1, 324.27, 358905, 3
1155, 1201, 0, 1, 0, 0, 0.73%, 0, 0, 1, 286.29, 360446, 3
1160, 1207, 0, 1, 0, 0, 0.73%, 0, 0, 1, 329.45, 362099, 3
1165, 1212, 0, 1, 0, 0, 0.73%, 0, 0, 1, 317.13, 363651, 3
1170, 1217, 0, 1, 0, 0, 0.73%, 0, 0, 1, 311.00, 365217, 3
1175, 1223, 0, 1, 0, 0, 0.73%, 0, 0, 1, 327.19, 366939, 3
1180, 1229, 0, 1, 0, 0, 0.73%, 0, 0, 1, 344.88, 368651, 3
1185, 1235, 0, 1, 0, 0, 0.73%, 0, 0, 1, 367.69, 370449, 3
1191, 1240, 0, 1, 0, 0, 0.73%, 0, 0, 1, 365.10, 372212, 3
1196, 1246, 0, 1, 0, 0, 0.73%, 0, 0, 1, 348.58, 373917, 3
1201, 1251, 0, 1, 0, 0, 0.73%, 0, 0, 1, 229.38, 375437, 3
1206, 1256, 0, 1, 0, 0, 0.73%, 0, 0, 1, 289.07, 376876, 3
1211, 1261, 0, 1, 0, 0, 0.73%, 0, 0, 1, 298.68, 378363, 3
1216, 1266, 0, 1, 0, 0, 0.73%, 0, 0, 1, 304.57, 379817, 3
1221, 1271, 0, 1, 0, 0, 0.73%, 0, 0, 1, 303.94, 381357, 3
1226, 1276, 0, 1, 0, 0, 0.73%, 0, 0, 1, 214.80, 382765, 3
1231, 1281, 0, 1, 0, 0, 0.73%, 0, 0, 1, 281.88, 384226, 3
1236, 1285, 0, 1, 0, 0, 0.73%, 0, 0, 1, 216.88, 385620, 3
1241, 1290, 0, 1, 0, 0, 0.73%, 0, 0, 1, 275.66, 387056, 3
1247, 1295, 0, 1, 0, 0, 0.73%, 0, 0, 1, 300.39, 388566, 3
1252, 1300, 0, 1, 0, 0, 0.73%, 0, 0, 1, 303.64, 390099, 3
1257, 1305, 0, 1, 0, 0, 0.73%, 0, 0, 1, 317.59, 391645, 3
1262, 1310, 0, 1, 0, 0, 0.73%, 0, 0, 1, 299.69, 393063, 3
1267, 1315, 0, 1, 0, 0, 0.73%, 0, 0, 1, 257.86, 394520, 3
1272, 1320, 0, 1, 0, 0, 0.73%, 0, 0, 1, 299.41, 396066, 3
1277, 1325, 0, 1, 0, 0, 0.73%, 0, 0, 1, 306.41, 397545, 3
1282, 1330, 0, 1, 0, 0, 0.73%, 0, 0, 1, 300.47, 399011, 3
1287, 1335, 0, 1, 0, 0, 0.73%, 0, 0, 1, 301.64, 400476, 3
1293, 1339, 0, 1, 0, 0, 0.73%, 0, 0, 1, 281.21, 401851, 3
1298, 1344, 0, 1, 0, 0, 0.73%, 0, 0, 1, 293.84, 403381, 3
1303, 1349, 0, 1, 0, 0, 0.73%, 0, 0, 1, 234.22, 404801, 3
1308, 1354, 0, 1, 0, 0, 0.73%, 0, 0, 1, 264.61, 406161, 3
1313, 1359, 0, 1, 0, 0, 0.73%, 0, 0, 1, 301.89, 407696, 3
1318, 1363, 0, 1, 0, 0, 0.73%, 0, 0, 1, 275.72, 409071, 3
1323, 1368, 0, 1, 0, 0, 0.73%, 0, 0, 1, 271.12, 410451, 3
1329, 1373, 0, 1, 0, 0, 0.73%, 0, 0, 1, 275.43, 411836, 3
1334, 1377, 0, 1, 0, 0, 0.73%, 0, 0, 1, 272.32, 413241, 3
1339, 1382, 0, 1, 0, 0, 0.73%, 0, 0, 1, 302.89, 414817, 3
1344, 1388, 0, 1, 0, 0, 0.73%, 0, 0, 1, 302.52, 416387, 3
1349, 1392, 0, 1, 0, 0, 0.73%, 0, 0, 1, 282.29, 417820, 3
1354, 1397, 0, 1, 0, 0, 0.73%, 0, 0, 1, 274.02, 419251, 3
1359, 1403, 0, 1, 0, 0, 0.73%, 0, 0, 1, 294.56, 420861, 3
1364, 1407, 0, 1, 0, 0, 0.73%, 0, 0, 1, 276.66, 422320, 3
1369, 1412, 0, 1, 0, 0, 0.73%, 0, 0, 1, 257.74, 423666, 3
1374, 1416, 0, 1, 0, 0, 0.73%, 0, 0, 1, 254.10, 424936, 3
1380, 1421, 0, 1, 0, 0, 0.73%, 0, 0, 1, 277.45, 426381, 3
1385, 1426, 0, 1, 0, 0, 0.73%, 0, 0, 1, 287.11, 427856, 3
1390, 1431, 0, 1, 0, 0, 0.73%, 0, 0, 1, 288.90, 429341, 3
1395, 1435, 0, 1, 0, 0, 0.73%, 0, 0, 1, 233.63, 430681, 3
1400, 1440, 0, 1, 0, 0, 0.73%, 0, 0, 1, 274.81, 432046, 3
1405, 1445, 0, 1, 0, 0, 0.73%, 0, 0, 1, 279.17, 433446, 3
1410, 1449, 0, 1, 0, 0, 0.73%, 0, 0, 1, 273.35, 434806, 3
1415, 1454, 0, 1, 0, 0, 0.73%, 0, 0, 1, 297.92, 436316, 3
1420, 1460, 0, 1, 0, 0, 0.73%, 0, 0, 1, 320.74, 438005, 3
1426, 1465, 0, 1, 0, 0, 0.73%, 0, 0, 1, 315.31, 439599, 3
1431, 1470, 0, 1, 0, 0, 0.73%, 0, 0, 1, 290.26, 440991, 3
1436, 1474, 0, 1, 0, 0, 0.73%, 0, 0, 1, 281.62, 442341, 3
1441, 1479, 0, 1, 0, 0, 0.73%, 0, 0, 1, 286.61, 443756, 3
1446, 1483, 0, 1, 0, 0, 0.73%, 0, 0, 1, 269.89, 445086, 3
1451, 1488, 0, 1, 0, 0, 0.73%, 0, 0, 1, 263.96, 446391, 3
1456, 1493, 0, 1, 0, 0, 0.73%, 0, 0, 1, 289.24, 447881, 3
1461, 1498, 0, 1, 0, 0, 0.73%, 0, 0, 1, 306.48, 449451, 3
1466, 1503, 0, 1, 0, 0, 0.73%, 0, 0, 1, 289.40, 450866, 3
1471, 1507, 0, 1, 0, 0, 0.73%, 0, 0, 1, 271.18, 452186, 3
1476, 1511, 0, 1, 0, 0, 0.73%, 0, 0, 1, 253.40, 453416, 3
1481, 1516, 0, 1, 0, 0, 0.73%, 0, 0, 1, 281.81, 454846, 3
1487, 1521, 0, 1, 0, 0, 0.73%, 0, 0, 1, 277.35, 456256, 3
1492, 1525, 0, 1, 0, 0, 0.73%, 0, 0, 1, 267.57, 457620, 3
1497, 1530, 0, 1, 0, 0, 0.73%, 0, 0, 1, 269.09, 458996, 3
1502, 1535, 0, 1, 0, 0, 0.73%, 0, 0, 1, 286.55, 460516, 3
1507, 1539, 0, 1, 0, 0, 0.73%, 0, 0, 1, 265.29, 461806, 3
1512, 1543, 0, 1, 0, 0, 0.73%, 0, 0, 1, 241.53, 463053, 3
1517, 1548, 0, 1, 0, 0, 0.73%, 0, 0, 1, 243.43, 464325, 3
1522, 1552, 0, 1, 0, 0, 0.73%, 0, 0, 1, 269.11, 465726, 3
1527, 1557, 0, 1, 0, 0, 0.73%, 0, 0, 1, 177.78, 467084, 3
1532, 1561, 0, 1, 0, 0, 0.73%, 0, 0, 1, 248.74, 468426, 3
1538, 1566, 0, 1, 0, 0, 0.73%, 0, 0, 1, 273.03, 469881, 3
1543, 1571, 0, 1, 0, 0, 0.73%, 0, 0, 1, 267.42, 471266, 3
1548, 1575, 0, 1, 0, 0, 0.73%, 0, 0, 1, 262.24, 472606, 3
1553, 1580, 0, 1, 0, 0, 0.73%, 0, 0, 1, 115.94, 473981, 3
1558, 1585, 0, 1, 0, 0, 0.73%, 0, 0, 1, 239.23, 475513, 3
1563, 1590, 0, 1, 0, 0, 0.73%, 0, 0, 1, 279.23, 476986, 3
1568, 1595, 0, 1, 0, 0, 0.73%, 0, 0, 1, 317.36, 478711, 3
1573, 1601, 0, 1, 0, 0, 0.73%, 0, 0, 1, 135.46, 480375, 3
1578, 1606, 0, 1, 0, 0, 0.73%, 0, 0, 1, 277.24, 481971, 3
1584, 1612, 0, 1, 0, 0, 0.73%, 0, 0, 1, 304.44, 483593, 3
1589, 1617, 0, 1, 0, 0, 0.73%, 0, 0, 1, 320.58, 485217, 3
1594, 1622, 0, 1, 0, 0, 0.73%, 0, 0, 1, 261.84, 486820, 3
1599, 1628, 0, 1, 0, 0, 0.73%, 0, 0, 1, 118.67, 488393, 3
1604, 1634, 0, 1, 0, 0, 0.73%, 0, 0, 1, 321.03, 490287, 3
1609, 1639, 0, 1, 0, 0, 0.73%, 0, 0, 1, 297.62, 491791, 3
1614, 1644, 0, 1, 0, 0, 0.73%, 0, 0, 1, 317.01, 493375, 3
1619, 1649, 0, 1, 0, 0, 0.73%, 0, 0, 1, 304.82, 494881, 3
1624, 1655, 0, 1, 0, 0, 0.73%, 0, 0, 1, 270.73, 496496, 3
1629, 1661, 0, 1, 0, 0, 0.73%, 0, 0, 1, 351.46, 498269, 3
1634, 1666, 0, 1, 0, 0, 0.73%, 0, 0, 1, 353.52, 499991, 3
1639, 1671, 0, 1, 0, 0, 0.73%, 0, 0, 1, 288.97, 501496, 3
1645, 1676, 0, 1, 0, 0, 0.73%, 0, 0, 1, 300.22, 502976, 3
1650, 1682, 0, 1, 0, 0, 0.73%, 0, 0, 1, 322.09, 504621, 3
1655, 1687, 0, 1, 0, 0, 0.73%, 0, 0, 1, 313.30, 506193, 3
1660, 1692, 0, 1, 0, 0, 0.73%, 0, 0, 1, 310.14, 507751, 3
1665, 1697, 0, 1, 0, 0, 0.73%, 0, 0, 1, 321.50, 509305, 3
1670, 1703, 0, 1, 0, 0, 0.73%, 0, 0, 1, 349.03, 511011, 3
1676, 1709, 0, 1, 0, 0, 0.73%, 0, 0, 1, 339.26, 512669, 3
1681, 1714, 0, 1, 0, 0, 0.73%, 0, 0, 1, 304.90, 514133, 3
1686, 1718, 0, 1, 0, 0, 0.73%, 0, 0, 1, 309.35, 515617, 3
1691, 1723, 0, 1, 0, 0, 0.73%, 0, 0, 1, 286.93, 517041, 3
1696, 1728, 0, 1, 0, 0, 0.73%, 0, 0, 1, 299.04, 518536, 3
1701, 1733, 0, 1, 0, 0, 0.73%, 0, 0, 1, 291.31, 520031, 3
1706, 1738, 0, 1, 0, 0, 0.73%, 0, 0, 1, 181.81, 521351, 3
1711, 1743, 0, 1, 0, 0, 0.73%, 0, 0, 1, 282.89, 522906, 3
1716, 1748, 0, 1, 0, 0, 0.73%, 0, 0, 1, 289.69, 524361, 3
1722, 1752, 0, 1, 0, 0, 0.73%, 0, 0, 1, 289.77, 525820, 3
1727, 1758, 0, 1, 0, 0, 0.73%, 0, 0, 1, 299.76, 527336, 3
1732, 1763, 0, 1, 0, 0, 0.73%, 0, 0, 1, 331.27, 528963, 3
1737, 1768, 0, 1, 0, 0, 0.73%, 0, 0, 1, 323.16, 530575, 3
1742, 1773, 0, 1, 0, 0, 0.73%, 0, 0, 1, 311.61, 532099, 3
1747, 1778, 0, 1, 0, 0, 0.73%, 0, 0, 1, 300.68, 533593, 3
1752, 1783, 0, 1, 0, 0, 0.73%, 0, 0, 1, 296.26, 535120, 3
1757, 1789, 0, 1, 0, 0, 0.73%, 0, 0, 1, 315.75, 536717, 3
1763, 1794, 0, 1, 0, 0, 0.73%, 0, 0, 1, 323.07, 538357, 3
1768, 1800, 0, 1, 0, 0, 0.73%, 0, 0, 1, 343.76, 540039, 3
1773, 1805, 0, 1, 0, 0, 0.73%, 0, 0, 1, 325.42, 541651, 3
1778, 1810, 0, 1, 0, 0, 0.73%, 0, 0, 1, 286.26, 543141, 3
1783, 1815, 0, 1, 0, 0, 0.73%, 0, 0, 1, 303.49, 544675, 3
1788, 1821, 0, 1, 0, 0, 0.73%, 0, 0, 1, 306.10, 546227, 3
1793, 1826, 0, 1, 0, 0, 0.73%, 0, 0, 1, 294.69, 547731, 3
1798, 1831, 0, 1, 0, 0, 0.73%, 0, 0, 1, 311.54, 549281, 3
1804, 1836, 0, 1, 0, 0, 0.73%, 0, 0, 1, 286.92, 550751, 3
1809, 1840, 0, 1, 0, 0, 0.73%, 0, 0, 1, 119.66, 552199, 3
1814, 1845, 0, 1, 0, 0, 0.73%, 0, 0, 1, 253.96, 553693, 3
1819, 1851, 0, 1, 0, 0, 0.73%, 0, 0, 1, 291.95, 555256, 3
1824, 1856, 0, 1, 0, 0, 0.73%, 0, 0, 1, 96.67, 556751, 3
1829, 1861, 0, 1, 0, 0, 0.73%, 0, 0, 1, 295.30, 558491, 3
1834, 1867, 0, 1, 0, 0, 0.73%, 0, 0, 1, 307.78, 560099, 3
1839, 1872, 0, 1, 0, 0, 0.73%, 0, 0, 1, 300.05, 561717, 3
1844, 1877, 0, 1, 0, 0, 0.73%, 0, 0, 1, 300.42, 563231, 3
1849, 1883, 0, 1, 0, 0, 0.73%, 0, 0, 1, 330.83, 564911, 3
1854, 1888, 0, 1, 0, 0, 0.73%, 0, 0, 1, 328.02, 566569, 3
1860, 1894, 0, 1, 0, 0, 0.73%, 0, 0, 1, 336.26, 568233, 3
1865, 1899, 0, 1, 0, 0, 0.73%, 0, 0, 1, 314.65, 569775, 3
1870, 1904, 0, 1, 0, 0, 0.73%, 0, 0, 1, 311.62, 571363, 3
1875, 1909, 0, 1, 0, 0, 0.73%, 0, 0, 1, 320.19, 572911, 3
1880, 1914, 0, 1, 0, 0, 0.73%, 0, 0, 1, 304.79, 574375, 3
1885, 1920, 0, 1, 0, 0, 0.73%, 0, 0, 1, 339.39, 576020, 3
1890, 1925, 0, 1, 0, 0, 0.73%, 0, 0, 1, 304.80, 577445, 3
1895, 1930, 0, 1, 0, 0, 0.73%, 0, 0, 1, 276.25, 578931, 3
1900, 1934, 0, 1, 0, 0, 0.73%, 0, 0, 1, 281.82, 580331, 3
1905, 1939, 0, 1, 0, 0, 0.73%, 0, 0, 1, 284.43, 581786, 3
1910, 1944, 0, 1, 0, 0, 0.73%, 0, 0, 1, 294.35, 583261, 3
1915, 1949, 0, 1, 0, 0, 0.73%, 0, 0, 1, 194.61, 584642, 3
1921, 1953, 0, 1, 0, 0, 0.73%, 0, 0, 1, 271.13, 586066, 3
1926, 1959, 0, 1, 0, 0, 0.73%, 0, 0, 1, 297.58, 587627, 3
1931, 1963, 0, 1, 0, 0, 0.73%, 0, 0, 1, 296.28, 589071, 3
1936, 1969, 0, 1, 0, 0, 0.73%, 0, 0, 1, 236.34, 590661, 3
1941, 1974, 0, 1, 0, 0, 0.73%, 0, 0, 1, 289.06, 592186, 3
1946, 1978, 0, 1, 0, 0, 0.73%, 0, 0, 1, 297.98, 593620, 3
1951, 1984, 0, 1, 0, 0, 0.73%, 0, 0, 1, 311.18, 595175, 3
1956, 1989, 0, 1, 0, 0, 0.73%, 0, 0, 1, 334.40, 596863, 3
1961, 1995, 0, 1, 0, 0, 0.73%, 0, 0, 1, 241.73, 598477, 3
1967, 2000, 0, 1, 0, 0, 0.73%, 0, 0, 1, 312.63, 600087, 3
1972, 2005, 0, 1, 0, 0, 0.73%, 0, 0, 1, 291.90, 601486, 3
1977, 2010, 0, 1, 0, 0, 0.73%, 0, 0, 1, 295.45, 602926, 3
1982, 2014, 0, 1, 0, 0, 0.73%, 0, 0, 1, 289.40, 604326, 3
1987, 2019, 0, 1, 0, 0, 0.73%, 0, 0, 1, 315.08, 605893, 3
1992, 2025, 0, 1, 0, 0, 0.73%, 0, 0, 1, 316.87, 607427, 3
1997, 2029, 0, 1, 0, 0, 0.73%, 0, 0, 1, 210.62, 608869, 3
2002, 2034, 0, 1, 0, 0, 0.73%, 0, 0, 1, 291.41, 610406, 3
2007, 2039, 0, 1, 0, 0, 0.73%, 0, 0, 1, 296.71, 611851, 3
2013, 2045, 0, 1, 0, 0, 0.73%, 0, 0, 1, 317.77, 613463, 3
2018, 2050, 0, 1, 0, 0, 0.73%, 0, 0, 1, 304.76, 614976, 3
2023, 2056, 0, 1, 0, 0, 0.73%, 0, 0, 1, 362.21, 616791, 3
2028, 2062, 0, 1, 0, 0, 0.73%, 0, 0, 1, 348.86, 618593, 3
2033, 2067, 0, 1, 0, 0, 0.73%, 0, 0, 1, 301.05, 620127, 3
2038, 2072, 0, 1, 0, 0, 0.73%, 0, 0, 1, 292.03, 621576, 3
2043, 2077, 0, 1, 0, 0, 0.73%, 0, 0, 1, 275.81, 623066, 3
2049, 2082, 0, 1, 0, 0, 0.73%, 0, 0, 1, 308.52, 624645, 3
2054, 2087, 0, 1, 0, 0, 0.73%, 0, 0, 1, 305.06, 626193, 3
2059, 2092, 0, 1, 0, 0, 0.73%, 0, 0, 1, 284.41, 627596, 3
2064, 2097, 0, 1, 0, 0, 0.73%, 0, 0, 1, 310.19, 629169, 3
2069, 2102, 0, 1, 0, 0, 0.73%, 0, 0, 1, 295.87, 630601, 3
2074, 2106, 0, 1, 0, 0, 0.73%, 0, 0, 1, 216.53, 631985, 3
2080, 2112, 0, 1, 0, 0, 0.73%, 0, 0, 1, 320.82, 633699, 3
2085, 2117, 0, 1, 0, 0, 0.73%, 0, 0, 1, 330.72, 635281, 3
2090, 2123, 0, 1, 0, 0, 0.73%, 0, 0, 1, 336.07, 636933, 3
2095, 2128, 0, 1, 0, 0, 0.73%, 0, 0, 1, 338.84, 638617, 3
2100, 2133, 0, 1, 0, 0, 0.73%, 0, 0, 1, 291.71, 640091, 3
2105, 2138, 0, 1, 0, 0, 0.73%, 0, 0, 1, 291.94, 641566, 3
2110, 2143, 0, 1, 0, 0, 0.73%, 0, 0, 1, 259.78, 642921, 3
2115, 2148, 0, 1, 0, 0, 0.73%, 0, 0, 1, 322.97, 644605, 3
2120, 2154, 0, 1, 0, 0, 0.73%, 0, 0, 1, 326.24, 646227, 3
2125, 2159, 0, 1, 0, 0, 0.73%, 0, 0, 1, 329.61, 647793, 3
2131, 2165, 0, 1, 0, 0, 0.73%, 0, 0, 1, 324.38, 649439, 3
2136, 2171, 0, 1, 0, 0, 0.73%, 0, 0, 1, 391.28, 651342, 3
2141, 2179, 0, 1, 0, 0, 0.73%, 0, 0, 1, 467.09, 653711, 3
2146, 2185, 0, 1, 0, 0, 0.73%, 0, 0, 1, 382.54, 655556, 3
2151, 2191, 0, 1, 0, 0, 0.73%, 0, 0, 1, 358.85, 657277, 3
2156, 2197, 0, 1, 0, 0, 0.73%, 0, 0, 1, 389.92, 659177, 3
2161, 2204, 0, 1, 0, 0, 0.73%, 0, 0, 1, 401.89, 661209, 3
2166, 2209, 0, 1, 0, 0, 0.73%, 0, 0, 1, 342.02, 662917, 3
2172, 2215, 0, 1, 0, 0, 0.73%, 0, 0, 1, 312.69, 664451, 3
2177, 2220, 0, 1, 0, 0, 0.73%, 0, 0, 1, 322.37, 666081, 3
2182, 2225, 0, 1, 0, 0, 0.73%, 0, 0, 1, 311.74, 667599, 3
2187, 2230, 0, 1, 0, 0, 0.73%, 0, 0, 1, 312.18, 669133, 3
2192, 2235, 0, 1, 0, 0, 0.73%, 0, 0, 1, 300.68, 670617, 3
2197, 2241, 0, 1, 0, 0, 0.73%, 0, 0, 1, 324.46, 672221, 3
2202, 2246, 0, 1, 0, 0, 0.73%, 0, 0, 1, 334.46, 673917, 3
2207, 2251, 0, 1, 0, 0, 0.73%, 0, 0, 1, 322.84, 675475, 3
2212, 2256, 0, 1, 0, 0, 0.73%, 0, 0, 1, 311.33, 676999, 3
2218, 2262, 0, 1, 0, 0, 0.73%, 0, 0, 1, 342.37, 678651, 3
2223, 2267, 0, 1, 0, 0, 0.73%, 0, 0, 1, 325.74, 680275, 3
2228, 2273, 0, 1, 0, 0, 0.73%, 0, 0, 1, 312.74, 681905, 3
2233, 2278, 0, 1, 0, 0, 0.73%, 0, 0, 1, 333.06, 683569, 3
2238, 2284, 0, 1, 0, 0, 0.73%, 0, 0, 1, 302.77, 685181, 3
2243, 2289, 0, 1, 0, 0, 0.73%, 0, 0, 1, 309.97, 686699, 3
2248, 2294, 0, 1, 0, 0, 0.73%, 0, 0, 1, 315.75, 688257, 3
2253, 2299, 0, 1, 0, 0, 0.73%, 0, 0, 1, 309.42, 689817, 3
2258, 2305, 0, 1, 0, 0, 0.73%, 0, 0, 1, 47.62, 691493, 3
2263, 2310, 0, 1, 0, 0, 0.73%, 0, 0, 1, 17.48, 693101, 3
2268, 2315, 0, 1, 0, 0, 0.73%, 0, 0, 1, 295.92, 694681, 3
2273, 2321, 0, 1, 0, 0, 0.73%, 0, 0, 1, 309.64, 696269, 3
2279, 2326, 0, 1, 0, 0, 0.73%, 0, 0, 1, 329.01, 697969, 3
2284, 2332, 0, 1, 0, 0, 0.73%, 0, 0, 1, 335.94, 699684, 3
2289, 2338, 0, 1, 0, 0, 0.73%, 0, 0, 1, 331.99, 701411, 3
2294, 2344, 0, 1, 0, 0, 0.73%, 0, 0, 1, 44.44, 703242, 3
2299, 2349, 0, 1, 0, 0, 0.73%, 0, 0, 1, 300.64, 704881, 3
2304, 2355, 0, 1, 0, 0, 0.73%, 0, 0, 1, 315.51, 706517, 3
2309, 2360, 0, 1, 0, 0, 0.73%, 0, 0, 1, 305.99, 708081, 3
2314, 2365, 0, 1, 0, 0, 0.73%, 0, 0, 1, 50.16, 709533, 3
2320, 2370, 0, 1, 0, 0, 0.73%, 0, 0, 1, 245.83, 711036, 3
2325, 2375, 0, 1, 0, 0, 0.73%, 0, 0, 1, 294.32, 712593, 3
2330, 2380, 0, 1, 0, 0, 0.73%, 0, 0, 1, 56.07, 714169, 3
2335, 2386, 0, 1, 0, 0, 0.73%, 0, 0, 1, 52.29, 715835, 3
2340, 2391, 0, 1, 0, 0, 0.73%, 0, 0, 1, 309.94, 717417, 3
2345, 2396, 0, 1, 0, 0, 0.73%, 0, 0, 1, 294.85, 718893, 3
2350, 2401, 0, 1, 0, 0, 0.73%, 0, 0, 1, 55.38, 720475, 3
2355, 2407, 0, 1, 0, 0, 0.73%, 0, 0, 1, 269.62, 722076, 3
2361, 2412, 0, 1, 0, 0, 0.73%, 0, 0, 1, 318.10, 723745, 3
2366, 2417, 0, 1, 0, 0, 0.73%, 0, 0, 1, 55.38, 725299, 3
2371, 2422, 0, 1, 0, 0, 0.73%, 0, 0, 1, 245.03, 726756, 3
2376, 2427, 0, 1, 0, 0, 0.73%, 0, 0, 1, 277.72, 728196, 3
2381, 2432, 0, 1, 0, 0, 0.73%, 0, 0, 1, 300.54, 729720, 3
2386, 2437, 0, 1, 0, 0, 0.73%, 0, 0, 1, 60.20, 731287, 3
2391, 2443, 0, 1, 0, 0, 0.73%, 0, 0, 1, 41.49, 732846, 3
2396, 2448, 0, 1, 0, 0, 0.73%, 0, 0, 1, 23.81, 734469, 3
2401, 2454, 0, 1, 0, 0, 0.73%, 0, 0, 1, 321.69, 736133, 3
2407, 2459, 0, 1, 0, 0, 0.73%, 0, 0, 1, 310.99, 737693, 3
2412, 2464, 0, 1, 0, 0, 0.73%, 0, 0, 1, 304.30, 739217, 3
2417, 2469, 0, 1, 0, 0, 0.73%, 0, 0, 1, 313.14, 740739, 3
2422, 2474, 0, 1, 0, 0, 0.73%, 0, 0, 1, 309.24, 742263, 3
2427, 2479, 0, 1, 0, 0, 0.73%, 0, 0, 1, 315.45, 743875, 3
2432, 2484, 0, 1, 0, 0, 0.73%, 0, 0, 1, 311.84, 745399, 3
2437, 2490, 0, 1, 0, 0, 0.73%, 0, 0, 1, 318.96, 747039, 3
2442, 2495, 0, 1, 0, 0, 0.73%, 0, 0, 1, 329.42, 748639, 3
2448, 2501, 0, 1, 0, 0, 0.73%, 0, 0, 1, 343.92, 750420, 3
2453, 2506, 0, 1, 0, 0, 0.73%, 0, 0, 1, 329.01, 752020, 3
2458, 2512, 0, 1, 0, 0, 0.73%, 0, 0, 1, 251.85, 753549, 3
2463, 2516, 0, 1, 0, 0, 0.73%, 0, 0, 1, 293.53, 754981, 3
2468, 2521, 0, 1, 0, 0, 0.73%, 0, 0, 1, 304.96, 756463, 3
2473, 2527, 0, 1, 0, 0, 0.73%, 0, 0, 1, 314.49, 758039, 3
2478, 2532, 0, 1, 0, 0, 0.73%, 0, 0, 1, 312.84, 759605, 3
2483, 2536, 0, 1, 0, 0, 0.73%, 0, 0, 1, 285.78, 761016, 3
2488, 2541, 0, 1, 0, 0, 0.73%, 0, 0, 1, 289.90, 762451, 3
2494, 2547, 0, 1, 0, 0, 0.73%, 0, 0, 1, 316.70, 764027, 3
2499, 2552, 0, 1, 0, 0, 0.73%, 0, 0, 1, 312.49, 765545, 3
2504, 2557, 0, 1, 0, 0, 0.73%, 0, 0, 1, 303.42, 767051, 3
2509, 2562, 0, 1, 0, 0, 0.73%, 0, 0, 1, 308.43, 768539, 3
2514, 2567, 0, 1, 0, 0, 0.73%, 0, 0, 1, 306.11, 770063, 3
2519, 2572, 0, 1, 0, 0, 0.73%, 0, 0, 1, 303.69, 771546, 3
2524, 2577, 0, 1, 0, 0, 0.73%, 0, 0, 1, 312.61, 773081, 3
2529, 2582, 0, 1, 0, 0, 0.73%, 0, 0, 1, 300.35, 774571, 3
2535, 2586, 0, 1, 0, 0, 0.73%, 0, 0, 1, 231.80, 775957, 3
2540, 2591, 0, 1, 0, 0, 0.73%, 0, 0, 1, 294.89, 777441, 3
2545, 2596, 0, 1, 0, 0, 0.73%, 0, 0, 1, 289.51, 778811, 3
2550, 2601, 0, 1, 0, 0, 0.73%, 0, 0, 1, 288.21, 780221, 3
2555, 2606, 0, 1, 0, 0, 0.73%, 0, 0, 1, 316.00, 781799, 3
2560, 2611, 0, 1, 0, 0, 0.73%, 0, 0, 1, 307.19, 783293, 3
2565, 2615, 0, 1, 0, 0, 0.73%, 0, 0, 1, 290.07, 784720, 3
2570, 2620, 0, 1, 0, 0, 0.73%, 0, 0, 1, 231.92, 786121, 3
2575, 2625, 0, 1, 0, 0, 0.73%, 0, 0, 1, 287.10, 787581, 3
2580, 2630, 0, 1, 0, 0, 0.73%, 0, 0, 1, 299.58, 789026, 3
2585, 2635, 0, 1, 0, 0, 0.73%, 0, 0, 1, 240.89, 790497, 3
2591, 2640, 0, 1, 0, 0, 0.73%, 0, 0, 1, 295.79, 792026, 3
2596, 2645, 0, 1, 0, 0, 0.73%, 0, 0, 1, 319.31, 793645, 3
2601, 2650, 0, 1, 0, 0, 0.73%, 0, 0, 1, 292.57, 795066, 3
2606, 2655, 0, 1, 0, 0, 0.73%, 0, 0, 1, 305.99, 796599, 3
2611, 2660, 0, 1, 0, 0, 0.73%, 0, 0, 1, 289.91, 798016, 3
2616, 2665, 0, 1, 0, 0, 0.73%, 0, 0, 1, 233.19, 799453, 3
2622, 2670, 0, 1, 0, 0, 0.73%, 0, 0, 1, 280.43, 800936, 3
2627, 2675, 0, 1, 0, 0, 0.73%, 0, 0, 1, 301.53, 802466, 3
2632, 2680, 0, 1, 0, 0, 0.73%, 0, 0, 1, 303.32, 803957, 3
2637, 2684, 0, 1, 0, 0, 0.73%, 0, 0, 1, 296.57, 805366, 3
2642, 2689, 0, 1, 0, 0, 0.73%, 0, 0, 1, 277.39, 806746, 3
2647, 2695, 0, 1, 0, 0, 0.73%, 0, 0, 1, 339.57, 808499, 3
2652, 2700, 0, 1, 0, 0, 0.73%, 0, 0, 1, 325.10, 810081, 3
2657, 2705, 0, 1, 0, 0, 0.73%, 0, 0, 1, 316.51, 811651, 3
2663, 2711, 0, 1, 0, 0, 0.73%, 0, 0, 1, 358.44, 813284, 3
2668, 2716, 0, 1, 0, 0, 0.73%, 0, 0, 1, 258.79, 814831, 3
2673, 2721, 0, 1, 0, 0, 0.73%, 0, 0, 1, 319.17, 816417, 3
2678, 2727, 0, 1, 0, 0, 0.73%, 0, 0, 1, 334.56, 818051, 3
2683, 2732, 0, 1, 0, 0, 0.73%, 0, 0, 1, 308.70, 819527, 3
2688, 2736, 0, 1, 0, 0, 0.73%, 0, 0, 1, 298.12, 820961, 3
2693, 2741, 0, 1, 0, 0, 0.73%, 0, 0, 1, 310.75, 822517, 3
2698, 2746, 0, 1, 0, 0, 0.73%, 0, 0, 1, 298.97, 823941, 3
2703, 2751, 0, 1, 0, 0, 0.73%, 0, 0, 1, 300.80, 825427, 3
2708, 2756, 0, 1, 0, 0, 0.73%, 0, 0, 1, 306.56, 826863, 3
2714, 2761, 0, 1, 0, 0, 0.73%, 0, 0, 1, 311.38, 828427, 3
2719, 2766, 0, 1, 0, 0, 0.73%, 0, 0, 1, 303.29, 829911, 3
2724, 2771, 0, 1, 0, 0, 0.73%, 0, 0, 1, 248.30, 831389, 3
2729, 2776, 0, 1, 0, 0, 0.73%, 0, 0, 1, 284.34, 832851, 3
2734, 2781, 0, 1, 0, 0, 0.73%, 0, 0, 1, 301.00, 834351, 3
2739, 2786, 0, 1, 0, 0, 0.73%, 0, 0, 1, 302.11, 835851, 3
2744, 2791, 0, 1, 0, 0, 0.73%, 0, 0, 1, 313.87, 837457, 3
2749, 2796, 0, 1, 0, 0, 0.73%, 0, 0, 1, 308.64, 838945, 3
2754, 2801, 0, 1, 0, 0, 0.73%, 0, 0, 1, 303.05, 840411, 3
2760, 2806, 0, 1, 0, 0, 0.73%, 0, 0, 1, 304.20, 841933, 3
2765, 2811, 0, 1, 0, 0, 0.73%, 0, 0, 1, 301.81, 843371, 3
2770, 2816, 0, 1, 0, 0, 0.73%, 0, 0, 1, 310.93, 844905, 3
2775, 2821, 0, 1, 0, 0, 0.73%, 0, 0, 1, 299.58, 846376, 3
2780, 2826, 0, 1, 0, 0, 0.73%, 0, 0, 1, 290.19, 847786, 3
2785, 2831, 0, 1, 0, 0, 0.73%, 0, 0, 1, 295.64, 849286, 3
2790, 2836, 0, 1, 0, 0, 0.73%, 0, 0, 1, 297.46, 850761, 3
2795, 2840, 0, 1, 0, 0, 0.73%, 0, 0, 1, 280.83, 852151, 3
2801, 2845, 0, 1, 0, 0, 0.73%, 0, 0, 1, 293.74, 853591, 3
2806, 2850, 0, 1, 0, 0, 0.73%, 0, 0, 1, 289.14, 855021, 3
2811, 2854, 0, 1, 0, 0, 0.73%, 0, 0, 1, 282.96, 856416, 3
2816, 2859, 0, 1, 0, 0, 0.73%, 0, 0, 1, 274.79, 857776, 3
2821, 2864, 0, 1, 0, 0, 0.73%, 0, 0, 1, 302.90, 859281, 3
2826, 2869, 0, 1, 0, 0, 0.73%, 0, 0, 1, 299.37, 860781, 3
2831, 2874, 0, 1, 0, 0, 0.73%, 0, 0, 1, 295.78, 862246, 3
2836, 2879, 0, 1, 0, 0, 0.73%, 0, 0, 1, 315.13, 863811, 3
2842, 2884, 0, 1, 0, 0, 0.73%, 0, 0, 1, 294.20, 865206, 3
2847, 2889, 0, 1, 0, 0, 0.73%, 0, 0, 1, 294.42, 866666, 3
2852, 2893, 0, 1, 0, 0, 0.73%, 0, 0, 1, 290.08, 868086, 3
2857, 2898, 0, 1, 0, 0, 0.73%, 0, 0, 1, 285.11, 869506, 3
2862, 2903, 0, 1, 0, 0, 0.73%, 0, 0, 1, 293.65, 870926, 3
2867, 2908, 0, 1, 0, 0, 0.73%, 0, 0, 1, 299.54, 872396, 3
2872, 2913, 0, 1, 0, 0, 0.73%, 0, 0, 1, 296.01, 873901, 3
2877, 2918, 0, 1, 0, 0, 0.73%, 0, 0, 1, 285.45, 875331, 3
2883, 2922, 0, 1, 0, 0, 0.73%, 0, 0, 1, 287.68, 876731, 3
2888, 2927, 0, 1, 0, 0, 0.73%, 0, 0, 1, 275.15, 878056, 3
2893, 2931, 0, 1, 0, 0, 0.73%, 0, 0, 1, 283.49, 879496, 3
2898, 2936, 0, 1, 0, 0, 0.73%, 0, 0, 1, 294.87, 880936, 3
2903, 2941, 0, 1, 0, 0, 0.73%, 0, 0, 1, 300.84, 882420, 3
2908, 2946, 0, 1, 0, 0, 0.73%, 0, 0, 1, 287.99, 883801, 3
2913, 2951, 0, 1, 0, 0, 0.73%, 0, 0, 1, 306.38, 885357, 3
2918, 2955, 0, 1, 0, 0, 0.73%, 0, 0, 1, 283.78, 886706, 3
2923, 2960, 0, 1, 0, 0, 0.73%, 0, 0, 1, 293.99, 888091, 3
2928, 2965, 0, 1, 0, 0, 0.73%, 0, 0, 1, 287.06, 889506, 3
2934, 2970, 0, 1, 0, 0, 0.73%, 0, 0, 1, 286.73, 890951, 3
2939, 2974, 0, 1, 0, 0, 0.73%, 0, 0, 1, 277.96, 892320, 3
2944, 2979, 0, 1, 0, 0, 0.73%, 0, 0, 1, 279.75, 893701, 3
2949, 2984, 0, 1, 0, 0, 0.73%, 0, 0, 1, 286.03, 895126, 3
2954, 2988, 0, 1, 0, 0, 0.73%, 0, 0, 1, 284.74, 896516, 3
2959, 2993, 0, 1, 0, 0, 0.73%, 0, 0, 1, 240.23, 898001, 3
2964, 2998, 0, 1, 0, 0, 0.73%, 0, 0, 1, 279.28, 899451, 3
2970, 3003, 0, 1, 0, 0, 0.73%, 0, 0, 1, 278.69, 900856, 3
2975, 3007, 0, 1, 0, 0, 0.73%, 0, 0, 1, 292.95, 902296, 3
2980, 3012, 0, 1, 0, 0, 0.73%, 0, 0, 1, 301.77, 903793, 3
2985, 3017, 0, 1, 0, 0, 0.73%, 0, 0, 1, 303.92, 905257, 3
2990, 3022, 0, 1, 0, 0, 0.73%, 0, 0, 1, 296.27, 906746, 3
2995, 3027, 0, 1, 0, 0, 0.73%, 0, 0, 1, 305.33, 908217, 3
3000, 3032, 0, 1, 0, 0, 0.73%, 0, 0, 1, 289.49, 909646, 3
3005, 3037, 0, 1, 0, 0, 0.73%, 0, 0, 1, 288.89, 911076, 3
3010, 3042, 0, 1, 0, 0, 0.73%, 0, 0, 1, 297.89, 912541, 3
3016, 3046, 0, 1, 0, 0, 0.73%, 0, 0, 1, 282.30, 913976, 3
3021, 3051, 0, 1, 0, 0, 0.73%, 0, 0, 1, 289.44, 915396, 3
3026, 3056, 0, 1, 0, 0, 0.73%, 0, 0, 1, 285.00, 916751, 3
3031, 3060, 0, 1, 0, 0, 0.73%, 0, 0, 1, 289.32, 918181, 3
3036, 3065, 0, 1, 0, 0, 0.73%, 0, 0, 1, 269.64, 919446, 3
3041, 3069, 0, 1, 0, 0, 0.73%, 0, 0, 1, 184.57, 920824, 3
3046, 3074, 0, 1, 0, 0, 0.73%, 0, 0, 1, 261.88, 922261, 3
3051, 3079, 0, 1, 0, 0, 0.73%, 0, 0, 1, 280.00, 923691, 3
3056, 3083, 0, 1, 0, 0, 0.73%, 0, 0, 1, 237.80, 925093, 3
3061, 3088, 0, 1, 0, 0, 0.73%, 0, 0, 1, 292.28, 926581, 3
3067, 3093, 0, 1, 0, 0, 0.73%, 0, 0, 1, 285.10, 927991, 3
3072, 3098, 0, 1, 0, 0, 0.73%, 0, 0, 1, 288.18, 929436, 3
3077, 3103, 0, 1, 0, 0, 0.73%, 0, 0, 1, 306.55, 930969, 3
3082, 3108, 0, 1, 0, 0, 0.73%, 0, 0, 1, 276.80, 932471, 3
3087, 3113, 0, 1, 0, 0, 0.73%, 0, 0, 1, 279.80, 933856, 3
3092, 3117, 0, 1, 0, 0, 0.73%, 0, 0, 1, 292.04, 935316, 3
3097, 3122, 0, 1, 0, 0, 0.73%, 0, 0, 1, 290.63, 936751, 3
3102, 3127, 0, 1, 0, 0, 0.73%, 0, 0, 1, 288.08, 938136, 3
3107, 3132, 0, 1, 0, 0, 0.73%, 0, 0, 1, 293.38, 939596, 3
3112, 3137, 0, 1, 0, 0, 0.73%, 0, 0, 1, 297.49, 941127, 3
3118, 3142, 0, 1, 0, 0, 0.73%, 0, 0, 1, 310.97, 942681, 3
3123, 3147, 0, 1, 0, 0, 0.73%, 0, 0, 1, 331.97, 944317, 3
3128, 3153, 0, 1, 0, 0, 0.73%, 0, 0, 1, 324.75, 945939, 3
3133, 3158, 0, 1, 0, 0, 0.73%, 0, 0, 1, 312.75, 947451, 3
3138, 3163, 0, 1, 0, 0, 0.73%, 0, 0, 1, 297.15, 949036, 3
3143, 3168, 0, 1, 0, 0, 0.73%, 0, 0, 1, 314.72, 950611, 3
3148, 3174, 0, 1, 0, 0, 0.73%, 0, 0, 1, 326.04, 952263, 3
3153, 3179, 0, 1, 0, 0, 0.73%, 0, 0, 1, 306.55, 953793, 3
3158, 3185, 0, 1, 0, 0, 0.73%, 0, 0, 1, 326.51, 955517, 3
3164, 3190, 0, 1, 0, 0, 0.73%, 0, 0, 1, 321.32, 957111, 3
3169, 3196, 0, 1, 0, 0, 0.73%, 0, 0, 1, 327.22, 958739, 3
3174, 3201, 0, 1, 0, 0, 0.73%, 0, 0, 1, 340.61, 960427, 3
3179, 3207, 0, 1, 0, 0, 0.73%, 0, 0, 1, 332.70, 962039, 3
3184, 3212, 0, 1, 0, 0, 0.73%, 0, 0, 1, 341.25, 963739, 3
3189, 3217, 0, 1, 0, 0, 0.73%, 0, 0, 1, 334.27, 965311, 3
3194, 3223, 0, 1, 0, 0, 0.73%, 0, 0, 1, 277.81, 966986, 3
3199, 3229, 0, 1, 0, 0, 0.73%, 0, 0, 1, 325.85, 968693, 3
3204, 3234, 0, 1, 0, 0, 0.73%, 0, 0, 1, 336.81, 970345, 3
3210, 3240, 0, 1, 0, 0, 0.73%, 0, 0, 1, 319.86, 971939, 3
3215, 3245, 0, 1, 0, 0, 0.73%, 0, 0, 1, 266.60, 973481, 3
3220, 3250, 0, 1, 0, 0, 0.73%, 0, 0, 1, 320.92, 975117, 3
3225, 3255, 0, 1, 0, 0, 0.73%, 0, 0, 1, 320.47, 976675, 3
3230, 3261, 0, 1, 0, 0, 0.73%, 0, 0, 1, 324.39, 978239, 3
3235, 3266, 0, 1, 0, 0, 0.73%, 0, 0, 1, 310.81, 979787, 3
3240, 3271, 0, 1, 0, 0, 0.73%, 0, 0, 1, 308.83, 981317, 3
3245, 3276, 0, 1, 0, 0, 0.73%, 0, 0, 1, 285.90, 983016, 3
3251, 3282, 0, 1, 0, 0, 0.73%, 0, 0, 1, 329.67, 984727, 3
3256, 3288, 0, 1, 0, 0, 0.73%, 0, 0, 1, 330.63, 986369, 3
3261, 3293, 0, 1, 0, 0, 0.73%, 0, 0, 1, 337.91, 988045, 3
3266, 3299, 0, 1, 0, 0, 0.73%, 0, 0, 1, 339.00, 989842, 3
3271, 3305, 0, 1, 0, 0, 0.73%, 0, 0, 1, 67.80, 991475, 3
3276, 3310, 0, 1, 0, 0, 0.73%, 0, 0, 1, 281.04, 993186, 3
3282, 3316, 0, 1, 0, 0, 0.73%, 0, 0, 1, 333.13, 994945, 3
3287, 3322, 0, 1, 0, 0, 0.73%, 0, 0, 1, 341.51, 996705, 3
3292, 3328, 0, 1, 0, 0, 0.73%, 0, 0, 1, 329.52, 998411, 3
3297, 3333, 0, 1, 0, 0, 0.73%, 0, 0, 1, 40.68, 999981, 3
3302, 3338, 0, 1, 0, 0, 0.73%, 0, 0, 1, 305.06, 1001487, 3
3307, 3343, 0, 1, 0, 0, 0.73%, 0, 0, 1, 258.12, 1002841, 3
3312, 3347, 0, 1, 0, 0, 0.73%, 0, 0, 1, 270.33, 1004186, 3
3317, 3352, 0, 1, 0, 0, 0.73%, 0, 0, 1, 287.06, 1005671, 3
3322, 3357, 0, 1, 0, 0, 0.73%, 0, 0, 1, 270.00, 1007026, 3
3328, 3361, 0, 1, 0, 0, 0.73%, 0, 0, 1, 272.26, 1008381, 3
3333, 3366, 0, 1, 0, 0, 0.73%, 0, 0, 1, 283.26, 1009781, 3
3338, 3370, 0, 1, 0, 0, 0.73%, 0, 0, 1, 274.39, 1011126, 3
3343, 3375, 0, 1, 0, 0, 0.73%, 0, 0, 1, 266.08, 1012466, 3
3348, 3380, 0, 1, 0, 0, 0.73%, 0, 0, 1, 305.15, 1014005, 3
3353, 3385, 0, 1, 0, 0, 0.73%, 0, 0, 1, 306.59, 1015493, 3
3358, 3390, 0, 1, 0, 0, 0.73%, 0, 0, 1, 269.60, 1016926, 3
3363, 3395, 0, 1, 0, 0, 0.73%, 0, 0, 1, 302.87, 1018445, 3
3368, 3399, 0, 1, 0, 0, 0.73%, 0, 0, 1, 305.84, 1019905, 3
3373, 3405, 0, 1, 0, 0, 0.73%, 0, 0, 1, 311.62, 1021481, 3
3379, 3409, 0, 1, 0, 0, 0.73%, 0, 0, 1, 300.28, 1022906, 3
3384, 3414, 0, 1, 0, 0, 0.73%, 0, 0, 1, 307.14, 1024375, 3
3389, 3419, 0, 1, 0, 0, 0.73%, 0, 0, 1, 302.97, 1025845, 3
3394, 3424, 0, 1, 0, 0, 0.73%, 0, 0, 1, 288.03, 1027236, 3
3399, 3429, 0, 1, 0, 0, 0.73%, 0, 0, 1, 292.00, 1028651, 3
3404, 3434, 0, 1, 0, 0, 0.73%, 0, 0, 1, 306.94, 1030187, 3
3409, 3439, 0, 1, 0, 0, 0.73%, 0, 0, 1, 297.16, 1031639, 3
3414, 3443, 0, 1, 0, 0, 0.73%, 0, 0, 1, 269.21, 1032956, 3
3420, 3448, 0, 1, 0, 0, 0.73%, 0, 0, 1, 290.80, 1034416, 3
3425, 3452, 0, 1, 0, 0, 0.73%, 0, 0, 1, 276.99, 1035741, 3
3430, 3457, 0, 1, 0, 0, 0.73%, 0, 0, 1, 243.94, 1037246, 3
3435, 3462, 0, 1, 0, 0, 0.73%, 0, 0, 1, 263.44, 1038606, 3
3440, 3467, 0, 1, 0, 0, 0.73%, 0, 0, 1, 280.54, 1040051, 3
3445, 3471, 0, 1, 0, 0, 0.73%, 0, 0, 1, 267.15, 1041431, 3
3451, 3476, 0, 1, 0, 0, 0.73%, 0, 0, 1, 260.00, 1042756, 3
3456, 3481, 0, 1, 0, 0, 0.73%, 0, 0, 1, 288.98, 1044246, 3
3461, 3485, 0, 1, 0, 0, 0.73%, 0, 0, 1, 290.01, 1045711, 3
3466, 3490, 0, 1, 0, 0, 0.73%, 0, 0, 1, 290.91, 1047199, 3
3471, 3495, 0, 1, 0, 0, 0.73%, 0, 0, 1, 35.71, 1048586, 3
3476, 3500, 0, 1, 0, 0, 0.73%, 0, 0, 1, 267.26, 1050006, 3
3481, 3505, 0, 1, 0, 0, 0.73%, 0, 0, 1, 294.41, 1051539, 3
3486, 3510, 0, 1, 0, 0, 0.73%, 0, 0, 1, 315.35, 1053157, 3
3492, 3515, 0, 1, 0, 0, 0.73%, 0, 0, 1, 302.54, 1054693, 3
3497, 3520, 0, 1, 0, 0, 0.73%, 0, 0, 1, 53.57, 1056096, 3
3502, 3525, 0, 1, 0, 0, 0.73%, 0, 0, 1, 233.56, 1057533, 3
3507, 3530, 0, 1, 0, 0, 0.73%, 0, 0, 1, 288.12, 1059041, 3
3512, 3535, 0, 1, 0, 0, 0.73%, 0, 0, 1, 296.50, 1060557, 3
3517, 3540, 0, 1, 0, 0, 0.73%, 0, 0, 1, 36.29, 1062120, 3
3522, 3545, 0, 1, 0, 0, 0.73%, 0, 0, 1, 275.87, 1063631, 3
3527, 3550, 0, 1, 0, 0, 0.73%, 0, 0, 1, 295.50, 1065169, 3
3532, 3555, 0, 1, 0, 0, 0.73%, 0, 0, 1, 279.65, 1066586, 3
3538, 3560, 0, 1, 0, 0, 0.73%, 0, 0, 1, 281.41, 1068016, 3
3543, 3565, 0, 1, 0, 0, 0.73%, 0, 0, 1, 282.41, 1069436, 3
3548, 3569, 0, 1, 0, 0, 0.73%, 0, 0, 1, 288.60, 1070901, 3
3553, 3574, 0, 1, 0, 0, 0.73%, 0, 0, 1, 286.07, 1072346, 3
3558, 3579, 0, 1, 0, 0, 0.73%, 0, 0, 1, 287.69, 1073857, 3
3563, 3584, 0, 1, 0, 0, 0.73%, 0, 0, 1, 284.52, 1075351, 3
3568, 3589, 0, 1, 0, 0, 0.73%, 0, 0, 1, 298.10, 1076881, 3
3574, 3594, 0, 1, 0, 0, 0.73%, 0, 0, 1, 291.64, 1078381, 3
3579, 3600, 0, 1, 0, 0, 0.73%, 0, 0, 1, 37.74, 1079951, 3
3584, 3605, 0, 1, 0, 0, 0.73%, 0, 0, 1, 57.25, 1081451, 3
3589, 3610, 0, 1, 0, 0, 0.73%, 0, 0, 1, 306.65, 1083017, 3
3594, 3615, 0, 1, 0, 0, 0.73%, 0, 0, 1, 52.33, 1084487, 3
3599, 3620, 0, 1, 0, 0, 0.73%, 0, 0, 1, 282.38, 1085946, 3
3604, 3625, 0, 1, 0, 0, 0.73%, 0, 0, 1, 293.17, 1087451, 3
3609, 3629, 0, 1, 0, 0, 0.73%, 0, 0, 1, 281.31, 1088886, 3
3614, 3634, 0, 1, 0, 0, 0.73%, 0, 0, 1, 280.07, 1090296, 3
3620, 3639, 0, 1, 0, 0, 0.73%, 0, 0, 1, 286.88, 1091771, 3
3625, 3644, 0, 1, 0, 0, 0.73%, 0, 0, 1, 288.57, 1093269, 3
3630, 3649, 0, 1, 0, 0, 0.73%, 0, 0, 1, 310.08, 1094887, 3
3635, 3654, 0, 1, 0, 0, 0.73%, 0, 0, 1, 295.26, 1096381, 3
3640, 3659, 0, 1, 0, 0, 0.73%, 0, 0, 1, 286.02, 1097811, 3
3645, 3664, 0, 1, 0, 0, 0.73%, 0, 0, 1, 281.99, 1099266, 3
3650, 3669, 0, 1, 0, 0, 0.73%, 0, 0, 1, 270.65, 1100671, 3
3655, 3673, 0, 1, 0, 0, 0.73%, 0, 0, 1, 264.50, 1102026, 3
3660, 3678, 0, 1, 0, 0, 0.73%, 0, 0, 1, 289.63, 1103539, 3
3666, 3683, 0, 1, 0, 0, 0.73%, 0, 0, 1, 286.79, 1104966, 3
3671, 3688, 0, 1, 0, 0, 0.73%, 0, 0, 1, 293.42, 1106487, 3
3676, 3693, 0, 1, 0, 0, 0.73%, 0, 0, 1, 58.25, 1108075, 3
3681, 3698, 0, 1, 0, 0, 0.73%, 0, 0, 1, 247.62, 1109606, 3
3686, 3703, 0, 1, 0, 0, 0.73%, 0, 0, 1, 271.97, 1111036, 3
3691, 3708, 0, 1, 0, 0, 0.73%, 0, 0, 1, 287.99, 1112526, 3
3696, 3713, 0, 1, 0, 0, 0.73%, 0, 0, 1, 270.20, 1113891, 3
3701, 3718, 0, 1, 0, 0, 0.73%, 0, 0, 1, 285.70, 1115381, 3
3707, 3723, 0, 1, 0, 0, 0.73%, 0, 0, 1, 284.54, 1116826, 3
3712, 3727, 0, 1, 0, 0, 0.73%, 0, 0, 1, 273.43, 1118186, 3
3717, 3732, 0, 1, 0, 0, 0.73%, 0, 0, 1, 277.79, 1119606, 3
3722, 3737, 0, 1, 0, 0, 0.73%, 0, 0, 1, 49.26, 1121076, 3
3727, 3742, 0, 1, 0, 0, 0.73%, 0, 0, 1, 300.54, 1122675, 3
3732, 3747, 0, 1, 0, 0, 0.73%, 0, 0, 1, 291.08, 1124151, 3
3737, 3752, 0, 1, 0, 0, 0.73%, 0, 0, 1, 296.03, 1125657, 3
3742, 3757, 0, 1, 0, 0, 0.73%, 0, 0, 1, 283.33, 1127081, 3
3748, 3761, 0, 1, 0, 0, 0.73%, 0, 0, 1, 277.74, 1128491, 3
3753, 3766, 0, 1, 0, 0, 0.73%, 0, 0, 1, 275.01, 1129896, 3
3758, 3771, 0, 1, 0, 0, 0.73%, 0, 0, 1, 39.37, 1131311, 3
3763, 3776, 0, 1, 0, 0, 0.73%, 0, 0, 1, 268.95, 1132771, 3
3768, 3780, 0, 1, 0, 0, 0.73%, 0, 0, 1, 279.32, 1134206, 3
3773, 3785, 0, 1, 0, 0, 0.73%, 0, 0, 1, 285.43, 1135621, 3
3778, 3790, 0, 1, 0, 0, 0.73%, 0, 0, 1, 296.63, 1137181, 3
3783, 3795, 0, 1, 0, 0, 0.73%, 0, 0, 1, 57.03, 1138541, 3
3788, 3799, 0, 1, 0, 0, 0.73%, 0, 0, 1, 222.32, 1139897, 3
3794, 3804, 0, 1, 0, 0, 0.73%, 0, 0, 1, 259.36, 1141291, 3
3799, 3809, 0, 1, 0, 0, 0.73%, 0, 0, 1, 269.77, 1142681, 3
3804, 3813, 0, 1, 0, 0, 0.73%, 0, 0, 1, 279.36, 1144106, 3
3809, 3818, 0, 1, 0, 0, 0.73%, 0, 0, 1, 270.37, 1145481, 3
3814, 3823, 0, 1, 0, 0, 0.73%, 0, 0, 1, 272.63, 1146891, 3
3819, 3828, 0, 1, 0, 0, 0.73%, 0, 0, 1, 275.84, 1148331, 3
3824, 3832, 0, 1, 0, 0, 0.73%, 0, 0, 1, 276.43, 1149731, 3
3829, 3837, 0, 1, 0, 0, 0.73%, 0, 0, 1, 287.90, 1151226, 3
3835, 3842, 0, 1, 0, 0, 0.73%, 0, 0, 1, 277.67, 1152631, 3
3840, 3847, 0, 1, 0, 0, 0.73%, 0, 0, 1, 288.18, 1154087, 3
3845, 3852, 0, 1, 0, 0, 0.73%, 0, 0, 1, 290.06, 1155539, 3
3850, 3856, 0, 1, 0, 0, 0.73%, 0, 0, 1, 286.65, 1157016, 3
3855, 3862, 0, 1, 0, 0, 0.73%, 0, 0, 1, 295.98, 1158551, 3
3860, 3867, 0, 1, 0, 0, 0.73%, 0, 0, 1, 53.33, 1160057, 3
3865, 3872, 0, 1, 0, 0, 0.73%, 0, 0, 1, 233.82, 1161549, 3
3870, 3876, 0, 1, 0, 0, 0.73%, 0, 0, 1, 279.52, 1163016, 3
3875, 3881, 0, 1, 0, 0, 0.73%, 0, 0, 1, 275.76, 1164420, 3
3881, 3886, 0, 1, 0, 0, 0.73%, 0, 0, 1, 285.64, 1165896, 3
3886, 3891, 0, 1, 0, 0, 0.73%, 0, 0, 1, 281.42, 1167346, 3
3891, 3896, 0, 1, 0, 0, 0.73%, 0, 0, 1, 283.11, 1168816, 3
3896, 3901, 0, 1, 0, 0, 0.73%, 0, 0, 1, 290.21, 1170316, 3
3901, 3906, 0, 1, 0, 0, 0.73%, 0, 0, 1, 288.08, 1171746, 3
3906, 3911, 0, 1, 0, 0, 0.73%, 0, 0, 1, 304.68, 1173221, 3
3911, 3915, 0, 1, 0, 0, 0.73%, 0, 0, 1, 292.78, 1174586, 3
3916, 3920, 0, 1, 0, 0, 0.73%, 0, 0, 1, 304.95, 1176081, 3
3922, 3926, 0, 1, 0, 0, 0.73%, 0, 0, 1, 329.53, 1177763, 3
3927, 3931, 0, 1, 0, 0, 0.73%, 0, 0, 1, 324.44, 1179375, 3
3932, 3936, 0, 1, 0, 0, 0.73%, 0, 0, 1, 299.69, 1180805, 3
3937, 3941, 0, 1, 0, 0, 0.73%, 0, 0, 1, 291.27, 1182226, 3
3942, 3945, 0, 1, 0, 0, 0.73%, 0, 0, 1, 296.62, 1183676, 3
3947, 3950, 0, 1, 0, 0, 0.73%, 0, 0, 1, 297.02, 1185166, 3
3952, 3955, 0, 1, 0, 0, 0.73%, 0, 0, 1, 288.85, 1186586, 3
3957, 3960, 0, 1, 0, 0, 0.73%, 0, 0, 1, 296.60, 1188061, 3
3962, 3965, 0, 1, 0, 0, 0.73%, 0, 0, 1, 280.01, 1189431, 3
3968, 3970, 0, 1, 0, 0, 0.73%, 0, 0, 1, 306.63, 1190975, 3
3973, 3975, 0, 1, 0, 0, 0.73%, 0, 0, 1, 302.53, 1192463, 3
3978, 3980, 0, 1, 0, 0, 0.73%, 0, 0, 1, 312.74, 1194017, 3
3983, 3985, 0, 1, 0, 0, 0.73%, 0, 0, 1, 312.09, 1195587, 3
3988, 3990, 0, 1, 0, 0, 0.73%, 0, 0, 1, 302.60, 1197069, 3
3993, 3995, 0, 1, 0, 0, 0.73%, 0, 0, 1, 304.19, 1198563, 3
3998, 4000, 0, 1, 0, 0, 0.73%, 0, 0, 1, 299.33, 1200021, 3
4003, 4005, 0, 1, 0, 0, 0.73%, 0, 0, 1, 305.91, 1201545, 3
4008, 4010, 0, 1, 0, 0, 0.73%, 0, 0, 1, 309.73, 1203063, 3
4014, 4015, 0, 1, 0, 0, 0.73%, 0, 0, 1, 302.95, 1204545, 3
4019, 4020, 0, 1, 0, 0, 0.73%, 0, 0, 1, 239.53, 1206013, 3
4024, 4024, 0, 1, 0, 0, 0.73%, 0, 0, 1, 280.19, 1207411, 3
4029, 4029, 0, 1, 0, 0, 0.73%, 0, 0, 1, 279.33, 1208801, 3
4034, 4033, 0, 1, 0, 0, 0.73%, 0, 0, 1, 266.93, 1210106, 3
4039, 4038, 0, 1, 0, 0, 0.73%, 0, 0, 1, 284.29, 1211520, 3
4044, 4043, 0, 1, 0, 0, 0.73%, 0, 0, 1, 304.62, 1213021, 3
4050, 4048, 0, 1, 0, 0, 0.73%, 0, 0, 1, 306.22, 1214593, 3
4055, 4053, 0, 1, 0, 0, 0.73%, 0, 0, 1, 302.43, 1216099, 3
4060, 4058, 0, 1, 0, 0, 0.73%, 0, 0, 1, 138.81, 1217581, 3
4065, 4063, 0, 1, 0, 0, 0.73%, 0, 0, 1, 239.44, 1218905, 3
4070, 4068, 0, 1, 0, 0, 0.73%, 0, 0, 1, 270.24, 1220351, 3
4075, 4072, 0, 1, 0, 0, 0.73%, 0, 0, 1, 283.09, 1221806, 3
4080, 4077, 0, 1, 0, 0, 0.73%, 0, 0, 1, 275.06, 1223216, 3
4085, 4082, 0, 1, 0, 0, 0.73%, 0, 0, 1, 279.44, 1224631, 3
4090, 4087, 0, 1, 0, 0, 0.73%, 0, 0, 1, 291.04, 1226136, 3
4096, 4092, 0, 1, 0, 0, 0.73%, 0, 0, 1, 288.74, 1227641, 3
4101, 4097, 0, 1, 0, 0, 0.73%, 0, 0, 1, 275.10, 1229066, 3
4106, 4101, 0, 1, 0, 0, 0.73%, 0, 0, 1, 276.34, 1230476, 3
4111, 4107, 0, 1, 0, 0, 0.73%, 0, 0, 1, 295.69, 1232031, 3
4116, 4111, 0, 1, 0, 0, 0.73%, 0, 0, 1, 283.63, 1233491, 3
4121, 4116, 0, 1, 0, 0, 0.73%, 0, 0, 1, 272.90, 1234921, 3
4126, 4121, 0, 1, 0, 0, 0.73%, 0, 0, 1, 335.35, 1236369, 3
4131, 4126, 0, 1, 0, 0, 0.73%, 0, 0, 1, 281.10, 1237731, 3
4137, 4130, 0, 1, 0, 0, 0.73%, 0, 0, 1, 279.18, 1239156, 3
4142, 4135, 0, 1, 0, 0, 0.73%, 0, 0, 1, 284.44, 1240606, 3
4147, 4140, 0, 1, 0, 0, 0.73%, 0, 0, 1, 301.42, 1242101, 3
4152, 4145, 0, 1, 0, 0, 0.73%, 0, 0, 1, 289.77, 1243561, 3
4157, 4150, 0, 1, 0, 0, 0.73%, 0, 0, 1, 308.76, 1245175, 3
4162, 4155, 0, 1, 0, 0, 0.73%, 0, 0, 1, 276.57, 1246520, 3
4167, 4159, 0, 1, 0, 0, 0.73%, 0, 0, 1, 111.95, 1247827, 3
4172, 4164, 0, 1, 0, 0, 0.73%, 0, 0, 1, 248.72, 1249273, 3
4177, 4169, 0, 1, 0, 0, 0.73%, 0, 0, 1, 265.28, 1250701, 3
4182, 4173, 0, 1, 0, 0, 0.73%, 0, 0, 1, 277.27, 1252120, 3
4188, 4178, 0, 1, 0, 0, 0.73%, 0, 0, 1, 284.31, 1253566, 3
4193, 4183, 0, 1, 0, 0, 0.73%, 0, 0, 1, 279.19, 1254991, 3
4198, 4188, 0, 1, 0, 0, 0.73%, 0, 0, 1, 284.47, 1256421, 3
4203, 4193, 0, 1, 0, 0, 0.73%, 0, 0, 1, 290.57, 1257911, 3
4208, 4197, 0, 1, 0, 0, 0.73%, 0, 0, 1, 278.38, 1259281, 3
4213, 4202, 0, 1, 0, 0, 0.73%, 0, 0, 1, 203.36, 1260693, 3
4218, 4207, 0, 1, 0, 0, 0.73%, 0, 0, 1, 281.75, 1262156, 3
4223, 4212, 0, 1, 0, 0, 0.73%, 0, 0, 1, 289.42, 1263621, 3
4229, 4217, 0, 1, 0, 0, 0.73%, 0, 0, 1, 288.12, 1265066, 3
4234, 4221, 0, 1, 0, 0, 0.73%, 0, 0, 1, 286.65, 1266476, 3
4239, 4226, 0, 1, 0, 0, 0.73%, 0, 0, 1, 304.95, 1267999, 3
4244, 4231, 0, 1, 0, 0, 0.73%, 0, 0, 1, 285.64, 1269426, 3
4249, 4236, 0, 1, 0, 0, 0.73%, 0, 0, 1, 305.55, 1271005, 3
4254, 4242, 0, 1, 0, 0, 0.73%, 0, 0, 1, 272.49, 1272586, 3
4259, 4247, 0, 1, 0, 0, 0.73%, 0, 0, 1, 296.81, 1274156, 3
4264, 4252, 0, 1, 0, 0, 0.73%, 0, 0, 1, 289.30, 1275641, 3
4270, 4257, 0, 1, 0, 0, 0.73%, 0, 0, 1, 307.86, 1277287, 3
4275, 4263, 0, 1, 0, 0, 0.73%, 0, 0, 1, 95.36, 1278839, 3
4280, 4268, 0, 1, 0, 0, 0.73%, 0, 0, 1, 275.81, 1280461, 3
4285, 4273, 0, 1, 0, 0, 0.73%, 0, 0, 1, 291.89, 1281976, 3
4290, 4278, 0, 1, 0, 0, 0.73%, 0, 0, 1, 294.44, 1283536, 3
4295, 4283, 0, 1, 0, 0, 0.73%, 0, 0, 1, 298.28, 1285081, 3
4300, 4288, 0, 1, 0, 0, 0.73%, 0, 0, 1, 292.17, 1286581, 3
4305, 4294, 0, 1, 0, 0, 0.73%, 0, 0, 1, 306.04, 1288145, 3
4311, 4298, 0, 1, 0, 0, 0.73%, 0, 0, 1, 212.35, 1289601, 3
4316, 4303, 0, 1, 0, 0, 0.73%, 0, 0, 1, 264.42, 1291021, 3
4321, 4308, 0, 1, 0, 0, 0.73%, 0, 0, 1, 268.30, 1292401, 3
4326, 4313, 0, 1, 0, 0, 0.73%, 0, 0, 1, 267.19, 1293826, 3
4331, 4318, 0, 1, 0, 0, 0.73%, 0, 0, 1, 279.99, 1295371, 3
4336, 4323, 0, 1, 0, 0, 0.73%, 0, 0, 1, 96.34, 1296920, 3
4341, 4328, 0, 1, 0, 0, 0.73%, 0, 0, 1, 258.34, 1298481, 3
4346, 4333, 0, 1, 0, 0, 0.73%, 0, 0, 1, 302.81, 1300117, 3
4351, 4339, 0, 1, 0, 0, 0.73%, 0, 0, 1, 320.07, 1301781, 3
4356, 4344, 0, 1, 0, 0, 0.73%, 0, 0, 1, 303.66, 1303333, 3
4362, 4349, 0, 1, 0, 0, 0.73%, 0, 0, 1, 76.12, 1304752, 3
4367, 4354, 0, 1, 0, 0, 0.73%, 0, 0, 1, 228.31, 1306125, 3
4372, 4359, 0, 1, 0, 0, 0.73%, 0, 0, 1, 268.30, 1307631, 3
4377, 4363, 0, 1, 0, 0, 0.73%, 0, 0, 1, 283.42, 1309101, 3
4382, 4368, 0, 1, 0, 0, 0.73%, 0, 0, 1, 266.32, 1310476, 3
4387, 4373, 0, 1, 0, 0, 0.73%, 0, 0, 1, 298.62, 1312036, 3
4392, 4378, 0, 1, 0, 0, 0.73%, 0, 0, 1, 278.64, 1313466, 3
4397, 4383, 0, 1, 0, 0, 0.73%, 0, 0, 1, 279.70, 1314886, 3
4402, 4387, 0, 1, 0, 0, 0.73%, 0, 0, 1, 272.70, 1316296, 3
4408, 4392, 0, 1, 0, 0, 0.73%, 0, 0, 1, 267.53, 1317716, 3
4413, 4397, 0, 1, 0, 0, 0.73%, 0, 0, 1, 288.02, 1319246, 3
4418, 4402, 0, 1, 0, 0, 0.73%, 0, 0, 1, 276.97, 1320676, 3
4423, 4407, 0, 1, 0, 0, 0.73%, 0, 0, 1, 269.94, 1322091, 3
4428, 4412, 0, 1, 0, 0, 0.73%, 0, 0, 1, 278.15, 1323581, 3
4433, 4416, 0, 1, 0, 0, 0.73%, 0, 0, 1, 241.45, 1324997, 3
4438, 4421, 0, 1, 0, 0, 0.73%, 0, 0, 1, 273.77, 1326471, 3
4443, 4426, 0, 1, 0, 0, 0.73%, 0, 0, 1, 270.05, 1327896, 3
4449, 4431, 0, 1, 0, 0, 0.73%, 0, 0, 1, 278.62, 1329356, 3
4454, 4436, 0, 1, 0, 0, 0.73%, 0, 0, 1, 273.67, 1330776, 3
4459, 4441, 0, 1, 0, 0, 0.73%, 0, 0, 1, 286.71, 1332246, 3
4464, 4445, 0, 1, 0, 0, 0.73%, 0, 0, 1, 281.52, 1333701, 3
4469, 4451, 0, 1, 0, 0, 0.73%, 0, 0, 1, 235.66, 1335229, 3
4474, 4455, 0, 1, 0, 0, 0.73%, 0, 0, 1, 260.16, 1336641, 3
4479, 4460, 0, 1, 0, 0, 0.73%, 0, 0, 1, 268.56, 1338076, 3
4484, 4465, 0, 1, 0, 0, 0.73%, 0, 0, 1, 282.73, 1339526, 3
4490, 4470, 0, 1, 0, 0, 0.73%, 0, 0, 1, 271.01, 1340951, 3
4495, 4474, 0, 1, 0, 0, 0.73%, 0, 0, 1, 279.85, 1342411, 3
4500, 4479, 0, 1, 0, 0, 0.73%, 0, 0, 1, 279.18, 1343911, 3
4505, 4484, 0, 1, 0, 0, 0.73%, 0, 0, 1, 286.58, 1345391, 3
4510, 4489, 0, 1, 0, 0, 0.73%, 0, 0, 1, 275.46, 1346816, 3
4515, 4494, 0, 1, 0, 0, 0.73%, 0, 0, 1, 289.41, 1348366, 3
4520, 4499, 0, 1, 0, 0, 0.73%, 0, 0, 1, 279.71, 1349876, 3
4525, 4504, 0, 1, 0, 0, 0.73%, 0, 0, 1, 297.72, 1351416, 3
4530, 4509, 0, 1, 0, 0, 0.73%, 0, 0, 1, 277.73, 1352911, 3
4536, 4514, 0, 1, 0, 0, 0.73%, 0, 0, 1, 287.89, 1354366, 3
4541, 4519, 0, 1, 0, 0, 0.73%, 0, 0, 1, 292.63, 1355866, 3
4546, 4524, 0, 1, 0, 0, 0.73%, 0, 0, 1, 295.42, 1357386, 3
4551, 4530, 0, 1, 0, 0, 0.73%, 0, 0, 1, 256.52, 1358946, 3
4556, 4535, 0, 1, 0, 0, 0.73%, 0, 0, 1, 288.09, 1360436, 3
4561, 4540, 0, 1, 0, 0, 0.73%, 0, 0, 1, 305.35, 1362020, 3
4566, 4545, 0, 1, 0, 0, 0.73%, 0, 0, 1, 289.97, 1363536, 3
4571, 4550, 0, 1, 0, 0, 0.73%, 0, 0, 1, 283.07, 1364991, 3
4576, 4555, 0, 1, 0, 0, 0.73%, 0, 0, 1, 283.77, 1366471, 3
4581, 4560, 0, 1, 0, 0, 0.73%, 0, 0, 1, 290.65, 1368020, 3
4587, 4565, 0, 1, 0, 0, 0.73%, 0, 0, 1, 286.35, 1369521, 3
4592, 4570, 0, 1, 0, 0, 0.73%, 0, 0, 1, 295.83, 1371020, 3
4597, 4575, 0, 1, 0, 0, 0.73%, 0, 0, 1, 285.55, 1372496, 3
4602, 4580, 0, 1, 0, 0, 0.73%, 0, 0, 1, 278.13, 1373956, 3
4607, 4584, 0, 1, 0, 0, 0.73%, 0, 0, 1, 277.98, 1375416, 3
4612, 4590, 0, 1, 0, 0, 0.73%, 0, 0, 1, 292.76, 1376946, 3
4617, 4595, 0, 1, 0, 0, 0.73%, 0, 0, 1, 295.17, 1378496, 3
4622, 4600, 0, 1, 0, 0, 0.73%, 0, 0, 1, 306.16, 1380081, 3
4628, 4605, 0, 1, 0, 0, 0.73%, 0, 0, 1, 295.11, 1381566, 3
4633, 4610, 0, 1, 0, 0, 0.73%, 0, 0, 1, 308.14, 1383199, 3
4638, 4616, 0, 1, 0, 0, 0.73%, 0, 0, 1, 319.07, 1384833, 3
4643, 4621, 0, 1, 0, 0, 0.73%, 0, 0, 1, 182.78, 1386342, 3
4648, 4626, 0, 1, 0, 0, 0.73%, 0, 0, 1, 277.13, 1387896, 3
4653, 4632, 0, 1, 0, 0, 0.73%, 0, 0, 1, 322.62, 1389599, 3
4658, 4637, 0, 1, 0, 0, 0.73%, 0, 0, 1, 427.37, 1391285, 3
4663, 4642, 0, 1, 0, 0, 0.73%, 0, 0, 1, 316.54, 1392811, 3
4668, 4648, 0, 1, 0, 0, 0.73%, 0, 0, 1, 330.15, 1394527, 3
4674, 4654, 0, 1, 0, 0, 0.73%, 0, 0, 1, 315.03, 1396175, 3
4679, 4659, 0, 1, 0, 0, 0.73%, 0, 0, 1, 86.23, 1397746, 3
4684, 4665, 0, 1, 0, 0, 0.73%, 0, 0, 1, 277.79, 1399466, 3
4689, 4670, 0, 1, 0, 0, 0.73%, 0, 0, 1, 285.13, 1400931, 3
4694, 4675, 0, 1, 0, 0, 0.73%, 0, 0, 1, 356.61, 1402435, 3
4699, 4680, 0, 1, 0, 0, 0.73%, 0, 0, 1, 311.32, 1404011, 3
4704, 4685, 0, 1, 0, 0, 0.73%, 0, 0, 1, 229.12, 1405481, 3
4709, 4690, 0, 1, 0, 0, 0.73%, 0, 0, 1, 275.13, 1406976, 3
4715, 4695, 0, 1, 0, 0, 0.73%, 0, 0, 1, 286.59, 1408471, 3
4720, 4700, 0, 1, 0, 0, 0.73%, 0, 0, 1, 302.92, 1410093, 3
4725, 4705, 0, 1, 0, 0, 0.73%, 0, 0, 1, 298.64, 1411611, 3
4730, 4711, 0, 1, 0, 0, 0.73%, 0, 0, 1, 308.74, 1413233, 3
4735, 4716, 0, 1, 0, 0, 0.73%, 0, 0, 1, 314.63, 1414869, 3
4740, 4721, 0, 1, 0, 0, 0.73%, 0, 0, 1, 304.39, 1416451, 3
4745, 4727, 0, 1, 0, 0, 0.73%, 0, 0, 1, 319.74, 1418111, 3
4750, 4732, 0, 1, 0, 0, 0.73%, 0, 0, 1, 316.57, 1419720, 3
4756, 4737, 0, 1, 0, 0, 0.73%, 0, 0, 1, 298.26, 1421269, 3
4761, 4742, 0, 1, 0, 0, 0.73%, 0, 0, 1, 290.79, 1422756, 3
4766, 4747, 0, 1, 0, 0, 0.73%, 0, 0, 1, 284.40, 1424251, 3
4771, 4752, 0, 1, 0, 0, 0.73%, 0, 0, 1, 270.57, 1425651, 3
4776, 4757, 0, 1, 0, 0, 0.73%, 0, 0, 1, 276.71, 1427066, 3
4781, 4761, 0, 1, 0, 0, 0.73%, 0, 0, 1, 273.38, 1428471, 3
4786, 4766, 0, 1, 0, 0, 0.73%, 0, 0, 1, 281.28, 1429896, 3
4791, 4771, 0, 1, 0, 0, 0.73%, 0, 0, 1, 283.66, 1431381, 3
4797, 4776, 0, 1, 0, 0, 0.73%, 0, 0, 1, 291.36, 1432901, 3
4802, 4781, 0, 1, 0, 0, 0.73%, 0, 0, 1, 287.08, 1434393, 3
4807, 4786, 0, 1, 0, 0, 0.73%, 0, 0, 1, 290.84, 1435851, 3
4812, 4791, 0, 1, 0, 0, 0.73%, 0, 0, 1, 283.90, 1437291, 3
4817, 4796, 0, 1, 0, 0, 0.73%, 0, 0, 1, 293.59, 1438811, 3
4822, 4801, 0, 1, 0, 0, 0.73%, 0, 0, 1, 25.75, 1440299, 3
4827, 4806, 0, 1, 0, 0, 0.73%, 0, 0, 1, 267.46, 1441761, 3
4832, 4811, 0, 1, 0, 0, 0.73%, 0, 0, 1, 293.57, 1443305, 3
4838, 4816, 0, 1, 0, 0, 0.73%, 0, 0, 1, 293.99, 1444799, 3
4843, 4821, 0, 1, 0, 0, 0.73%, 0, 0, 1, 290.17, 1446263, 3
4848, 4826, 0, 1, 0, 0, 0.73%, 0, 0, 1, 300.45, 1447805, 3
4853, 4831, 0, 1, 0, 0, 0.73%, 0, 0, 1, 52.02, 1449439, 3
4858, 4836, 0, 1, 0, 0, 0.73%, 0, 0, 1, 232.37, 1450825, 3
4863, 4841, 0, 1, 0, 0, 0.73%, 0, 0, 1, 278.58, 1452316, 3
4868, 4846, 0, 1, 0, 0, 0.73%, 0, 0, 1, 63.33, 1453939, 3
4873, 4851, 0, 1, 0, 0, 0.73%, 0, 0, 1, 227.89, 1455325, 3
4879, 4856, 0, 1, 0, 0, 0.73%, 0, 0, 1, 279.58, 1456801, 3
4884, 4861, 0, 1, 0, 0, 0.73%, 0, 0, 1, 293.38, 1458357, 3
4889, 4866, 0, 1, 0, 0, 0.73%, 0, 0, 1, 277.50, 1459766, 3
4894, 4870, 0, 1, 0, 0, 0.73%, 0, 0, 1, 281.40, 1461201, 3
4899, 4875, 0, 1, 0, 0, 0.73%, 0, 0, 1, 279.52, 1462641, 3
4904, 4880, 0, 1, 0, 0, 0.73%, 0, 0, 1, 284.37, 1464111, 3
4909, 4885, 0, 1, 0, 0, 0.73%, 0, 0, 1, 287.39, 1465561, 3
4914, 4890, 0, 1, 0, 0, 0.73%, 0, 0, 1, 283.70, 1466981, 3
4920, 4895, 0, 1, 0, 0, 0.73%, 0, 0, 1, 287.84, 1468493, 3
4925, 4900, 0, 1, 0, 0, 0.73%, 0, 0, 1, 288.90, 1469987, 3
4930, 4905, 0, 1, 0, 0, 0.73%, 0, 0, 1, 294.71, 1471511, 3
4935, 4910, 0, 1, 0, 0, 0.73%, 0, 0, 1, 291.64, 1472975, 3
4940, 4915, 0, 1, 0, 0, 0.73%, 0, 0, 1, 297.26, 1474517, 3
4945, 4920, 0, 1, 0, 0, 0.73%, 0, 0, 1, 290.86, 1476033, 3
4950, 4925, 0, 1, 0, 0, 0.73%, 0, 0, 1, 280.31, 1477456, 3
4955, 4930, 0, 1, 0, 0, 0.73%, 0, 0, 1, 283.78, 1478926, 3
4961, 4934, 0, 1, 0, 0, 0.73%, 0, 0, 1, 283.58, 1480361, 3
4966, 4939, 0, 1, 0, 0, 0.73%, 0, 0, 1, 289.91, 1481831, 3
4971, 4944, 0, 1, 0, 0, 0.73%, 0, 0, 1, 298.70, 1483381, 3
4976, 4950, 0, 1, 0, 0, 0.73%, 0, 0, 1, 303.36, 1484963, 3
4981, 4955, 0, 1, 0, 0, 0.73%, 0, 0, 1, 178.57, 1486536, 3
4986, 4960, 0, 1, 0, 0, 0.73%, 0, 0, 1, 298.82, 1488216, 3
4991, 4966, 0, 1, 0, 0, 0.73%, 0, 0, 1, 193.09, 1489833, 3
4996, 4971, 0, 1, 0, 0, 0.73%, 0, 0, 1, 304.33, 1491486, 3
5002, 4977, 0, 1, 0, 0, 0.73%, 0, 0, 1, 307.00, 1493075, 3
5007, 4982, 0, 1, 0, 0, 0.73%, 0, 0, 1, 291.99, 1494586, 3
5012, 4987, 0, 1, 0, 0, 0.73%, 0, 0, 1, 326.09, 1496251, 3
5017, 4993, 0, 1, 0, 0, 0.73%, 0, 0, 1, 323.01, 1497869, 3
5022, 4998, 0, 1, 0, 0, 0.73%, 0, 0, 1, 328.79, 1499533, 3
5027, 5003, 0, 1, 0, 0, 0.73%, 0, 0, 1, 323.39, 1501111, 3
5032, 5009, 0, 1, 0, 0, 0.73%, 0, 0, 1, 376.19, 1502712, 3
5037, 5015, 0, 1, 0, 0, 0.73%, 0, 0, 1, 354.14, 1504449, 3
5042, 5020, 0, 1, 0, 0, 0.73%, 0, 0, 1, 355.39, 1506212, 3
5048, 5027, 0, 1, 0, 0, 0.73%, 0, 0, 1, 363.65, 1508035, 3
5053, 5032, 0, 1, 0, 0, 0.73%, 0, 0, 1, 324.25, 1509763, 3
5058, 5038, 0, 1, 0, 0, 0.73%, 0, 0, 1, 357.85, 1511528, 3
5063, 5045, 0, 1, 0, 0, 0.73%, 0, 0, 1, 379.63, 1513519, 3
5068, 5051, 0, 1, 0, 0, 0.73%, 0, 0, 1, 367.56, 1515405, 3
5073, 5057, 0, 1, 0, 0, 0.73%, 0, 0, 1, 310.44, 1517169, 3
5078, 5063, 0, 1, 0, 0, 0.73%, 0, 0, 1, 345.43, 1518920, 3
5083, 5069, 0, 1, 0, 0, 0.73%, 0, 0, 1, 342.01, 1520657, 3
5089, 5075, 0, 1, 0, 0, 0.73%, 0, 0, 1, 337.73, 1522451, 3
5094, 5080, 0, 1, 0, 0, 0.73%, 0, 0, 1, 340.10, 1524151, 3
5099, 5086, 0, 1, 0, 0, 0.73%, 0, 0, 1, 358.03, 1525970, 3
5104, 5092, 0, 1, 0, 0, 0.73%, 0, 0, 1, 336.73, 1527663, 3
5109, 5097, 0, 1, 0, 0, 0.73%, 0, 0, 1, 290.53, 1529161, 3
5114, 5102, 0, 1, 0, 0, 0.73%, 0, 0, 1, 309.63, 1530727, 3
5119, 5107, 0, 1, 0, 0, 0.73%, 0, 0, 1, 237.10, 1532233, 3
5124, 5113, 0, 1, 0, 0, 0.73%, 0, 0, 1, 306.23, 1533827, 3
5129, 5118, 0, 1, 0, 0, 0.73%, 0, 0, 1, 332.78, 1535475, 3
5134, 5123, 0, 1, 0, 0, 0.73%, 0, 0, 1, 310.78, 1536993, 3
5140, 5128, 0, 1, 0, 0, 0.73%, 0, 0, 1, 303.39, 1538475, 3
5145, 5133, 0, 1, 0, 0, 0.73%, 0, 0, 1, 316.75, 1539993, 3
5150, 5139, 0, 1, 0, 0, 0.73%, 0, 0, 1, 328.24, 1541705, 3
5155, 5144, 0, 1, 0, 0, 0.73%, 0, 0, 1, 325.25, 1543339, 3
5160, 5150, 0, 1, 0, 0, 0.73%, 0, 0, 1, 309.28, 1545017, 3
5165, 5155, 0, 1, 0, 0, 0.73%, 0, 0, 1, 320.81, 1546645, 3
5170, 5160, 0, 1, 0, 0, 0.73%, 0, 0, 1, 326.12, 1548217, 3
5176, 5166, 0, 1, 0, 0, 0.73%, 0, 0, 1, 340.13, 1549945, 3
5181, 5172, 0, 1, 0, 0, 0.73%, 0, 0, 1, 332.43, 1551617, 3
5186, 5177, 0, 1, 0, 0, 0.73%, 0, 0, 1, 241.33, 1553145, 3
5191, 5182, 0, 1, 0, 0, 0.73%, 0, 0, 1, 290.38, 1554656, 3
5196, 5187, 0, 1, 0, 0, 0.73%, 0, 0, 1, 307.17, 1556181, 3
5201, 5192, 0, 1, 0, 0, 0.73%, 0, 0, 1, 304.63, 1557693, 3
5206, 5197, 0, 1, 0, 0, 0.73%, 0, 0, 1, 301.70, 1559233, 3
5212, 5202, 0, 1, 0, 0, 0.73%, 0, 0, 1, 300.91, 1560727, 3
5217, 5207, 0, 1, 0, 0, 0.73%, 0, 0, 1, 271.94, 1562236, 3
5222, 5212, 0, 1, 0, 0, 0.73%, 0, 0, 1, 293.50, 1563736, 3
5227, 5217, 0, 1, 0, 0, 0.73%, 0, 0, 1, 312.82, 1565269, 3
5232, 5223, 0, 1, 0, 0, 0.73%, 0, 0, 1, 317.04, 1566881, 3
5237, 5228, 0, 1, 0, 0, 0.73%, 0, 0, 1, 297.68, 1568386, 3
5242, 5233, 0, 1, 0, 0, 0.73%, 0, 0, 1, 303.10, 1569905, 3
5247, 5238, 0, 1, 0, 0, 0.73%, 0, 0, 1, 291.61, 1571391, 3
5252, 5243, 0, 1, 0, 0, 0.73%, 0, 0, 1, 306.25, 1572987, 3
5258, 5248, 0, 1, 0, 0, 0.73%, 0, 0, 1, 305.13, 1574516, 3
5263, 5254, 0, 1, 0, 0, 0.73%, 0, 0, 1, 335.17, 1576217, 3
5268, 5260, 0, 1, 0, 0, 0.73%, 0, 0, 1, 353.16, 1578021, 3
5273, 5266, 0, 1, 0, 0, 0.73%, 0, 0, 1, 261.83, 1579751, 3
5278, 5272, 0, 1, 0, 0, 0.73%, 0, 0, 1, 330.78, 1581545, 3
5283, 5277, 0, 1, 0, 0, 0.73%, 0, 0, 1, 329.36, 1583193, 3
5288, 5283, 0, 1, 0, 0, 0.73%, 0, 0, 1, 333.45, 1584911, 3
5293, 5288, 0, 1, 0, 0, 0.73%, 0, 0, 1, 282.52, 1586491, 3
5299, 5293, 0, 1, 0, 0, 0.73%, 0, 0, 1, 306.20, 1588120, 3
5304, 5299, 0, 1, 0, 0, 0.73%, 0, 0, 1, 300.21, 1589633, 3
5309, 5303, 0, 1, 0, 0, 0.73%, 0, 0, 1, 293.09, 1591111, 3
5314, 5308, 0, 1, 0, 0, 0.73%, 0, 0, 1, 295.31, 1592581, 3
5319, 5313, 0, 1, 0, 0, 0.73%, 0, 0, 1, 288.48, 1594061, 3
5324, 5318, 0, 1, 0, 0, 0.73%, 0, 0, 1, 254.54, 1595441, 3
5329, 5323, 0, 1, 0, 0, 0.73%, 0, 0, 1, 278.81, 1596891, 3
5335, 5328, 0, 1, 0, 0, 0.73%, 0, 0, 1, 288.62, 1598376, 3
5340, 5333, 0, 1, 0, 0, 0.73%, 0, 0, 1, 298.69, 1599951, 3
5345, 5338, 0, 1, 0, 0, 0.73%, 0, 0, 1, 302.92, 1601487, 3
5350, 5343, 0, 1, 0, 0, 0.73%, 0, 0, 1, 298.30, 1602961, 3
5355, 5348, 0, 1, 0, 0, 0.73%, 0, 0, 1, 295.23, 1604451, 3
5360, 5353, 0, 1, 0, 0, 0.73%, 0, 0, 1, 296.25, 1605961, 3
5365, 5358, 0, 1, 0, 0, 0.73%, 0, 0, 1, 297.80, 1607476, 3
5370, 5363, 0, 1, 0, 0, 0.73%, 0, 0, 1, 316.06, 1609081, 3
5376, 5368, 0, 1, 0, 0, 0.73%, 0, 0, 1, 297.69, 1610586, 3
5381, 5375, 0, 1, 0, 0, 0.73%, 0, 0, 1, 404.06, 1612556, 3
5386, 5384, 0, 1, 0, 0, 0.73%, 0, 0, 1, 587.43, 1615398, 3
5391, 5393, 0, 1, 0, 0, 0.73%, 0, 0, 1, 531.12, 1617971, 3
5396, 5400, 0, 1, 0, 0, 0.73%, 0, 0, 1, 430.64, 1620161, 3
5401, 5406, 0, 1, 0, 0, 0.73%, 0, 0, 1, 401.89, 1621769, 3
5406, 5411, 0, 1, 0, 0, 0.73%, 0, 0, 1, 289.03, 1623281, 3
5411, 5416, 0, 1, 0, 0, 0.73%, 0, 0, 1, 310.19, 1624875, 3
5417, 5422, 0, 1, 0, 0, 0.73%, 0, 0, 1, 326.73, 1626527, 3
5422, 5428, 0, 1, 0, 0, 0.73%, 0, 0, 1, 357.53, 1628391, 3
5427, 5433, 0, 1, 0, 0, 0.73%, 0, 0, 1, 351.42, 1630117, 3
5432, 5440, 0, 1, 0, 0, 0.73%, 0, 0, 1, 401.07, 1631945, 3
5437, 5446, 0, 1, 0, 0, 0.73%, 0, 0, 1, 344.50, 1633769, 3
5442, 5452, 0, 1, 0, 0, 0.73%, 0, 0, 1, 341.33, 1635539, 3
5447, 5458, 0, 1, 0, 0, 0.73%, 0, 0, 1, 356.24, 1637442, 3
5452, 5463, 0, 1, 0, 0, 0.73%, 0, 0, 1, 325.87, 1638927, 3
5458, 5468, 0, 1, 0, 0, 0.73%, 0, 0, 1, 330.82, 1640617, 3
5463, 5474, 0, 1, 0, 0, 0.73%, 0, 0, 1, 383.81, 1642335, 3
5468, 5480, 0, 1, 0, 0, 0.73%, 0, 0, 1, 323.92, 1643975, 3
5473, 5486, 0, 1, 0, 0, 0.73%, 0, 0, 1, 354.40, 1645798, 3
5478, 5491, 0, 1, 0, 0, 0.73%, 0, 0, 1, 334.42, 1647481, 3
5483, 5497, 0, 1, 0, 0, 0.73%, 0, 0, 1, 318.22, 1649063, 3
5488, 5502, 0, 1, 0, 0, 0.73%, 0, 0, 1, 309.90, 1650605, 3
5493, 5507, 0, 1, 0, 0, 0.73%, 0, 0, 1, 313.71, 1652251, 3
5498, 5513, 0, 1, 0, 0, 0.73%, 0, 0, 1, 321.00, 1653893, 3
5504, 5518, 0, 1, 0, 0, 0.73%, 0, 0, 1, 329.01, 1655587, 3
5509, 5524, 0, 1, 0, 0, 0.73%, 0, 0, 1, 326.76, 1657217, 3
5514, 5530, 0, 1, 0, 0, 0.73%, 0, 0, 1, 340.27, 1658945, 3
5519, 5535, 0, 1, 0, 0, 0.73%, 0, 0, 1, 175.19, 1660551, 3
5524, 5540, 0, 1, 0, 0, 0.73%, 0, 0, 1, 264.50, 1662011, 3
5529, 5545, 0, 1, 0, 0, 0.73%, 0, 0, 1, 299.62, 1663571, 3
5534, 5550, 0, 1, 0, 0, 0.73%, 0, 0, 1, 312.81, 1665163, 3
5539, 5556, 0, 1, 0, 0, 0.73%, 0, 0, 1, 313.67, 1666745, 3
5545, 5561, 0, 1, 0, 0, 0.73%, 0, 0, 1, 312.65, 1668339, 3
5550, 5567, 0, 1, 0, 0, 0.73%, 0, 0, 1, 341.56, 1670045, 3
5555, 5572, 0, 1, 0, 0, 0.73%, 0, 0, 1, 340.74, 1671787, 3
5560, 5578, 0, 1, 0, 0, 0.73%, 0, 0, 1, 345.85, 1673557, 3
5565, 5585, 0, 1, 0, 0, 0.73%, 0, 0, 1, 395.57, 1675584, 3
5570, 5591, 0, 1, 0, 0, 0.73%, 0, 0, 1, 362.18, 1677319, 3
5575, 5596, 0, 1, 0, 0, 0.73%, 0, 0, 1, 331.92, 1678999, 3
5580, 5602, 0, 1, 0, 0, 0.73%, 0, 0, 1, 337.57, 1680657, 3
5585, 5607, 0, 1, 0, 0, 0.73%, 0, 0, 1, 326.70, 1682269, 3
5590, 5614, 0, 1, 0, 0, 0.73%, 0, 0, 1, 371.12, 1684219, 3
5596, 5619, 0, 1, 0, 0, 0.73%, 0, 0, 1, 330.12, 1685887, 3
5601, 5625, 0, 1, 0, 0, 0.73%, 0, 0, 1, 319.90, 1687457, 3
5606, 5630, 0, 1, 0, 0, 0.73%, 0, 0, 1, 305.90, 1688975, 3
5611, 5635, 0, 1, 0, 0, 0.73%, 0, 0, 1, 287.61, 1690456, 3
5616, 5639, 0, 1, 0, 0, 0.73%, 0, 0, 1, 285.52, 1691901, 3
5621, 5644, 0, 1, 0, 0, 0.73%, 0, 0, 1, 295.25, 1693386, 3
5626, 5650, 0, 1, 0, 0, 0.73%, 0, 0, 1, 320.97, 1695005, 3
5631, 5655, 0, 1, 0, 0, 0.73%, 0, 0, 1, 325.84, 1696645, 3
5636, 5660, 0, 1, 0, 0, 0.73%, 0, 0, 1, 305.81, 1698175, 3
5642, 5666, 0, 1, 0, 0, 0.73%, 0, 0, 1, 313.29, 1699757, 3
5647, 5672, 0, 1, 0, 0, 0.73%, 0, 0, 1, 384.51, 1701535, 3
