# relative_time, cycles_done, cur_item, corpus_count, pending_total, pending_favs, map_size, saved_crashes, saved_hangs, max_depth, execs_per_sec, total_execs, edges_found
65, 0, 0, 1, 1, 1, 7.85%, 0, 0, 1, 0.80, 64, 181
70, 0, 0, 1, 1, 1, 7.85%, 0, 0, 1, 0.79, 68, 181
75, 0, 0, 1, 1, 1, 7.85%, 0, 0, 1, 0.79, 72, 181
80, 0, 0, 1, 1, 1, 7.85%, 0, 0, 1, 0.79, 76, 181
85, 0, 0, 1, 1, 1, 7.85%, 0, 0, 1, 0.92, 83, 181
90, 0, 0, 1, 1, 1, 7.85%, 0, 0, 1, 0.89, 87, 181
96, 0, 0, 1, 1, 1, 7.85%, 0, 0, 1, 0.86, 91, 181
101, 0, 0, 1, 1, 1, 7.85%, 0, 0, 1, 0.85, 95, 181
106, 0, 0, 1, 1, 1, 7.85%, 0, 0, 1, 0.92, 100, 181
111, 0, 0, 1, 1, 1, 7.85%, 0, 0, 1, 1.76, 114, 181
117, 0, 0, 1, 1, 1, 7.85%, 0, 0, 1, 2.10, 128, 181
122, 0, 0, 1, 1, 1, 7.85%, 0, 0, 1, 2.53, 140, 181
127, 0, 0, 1, 1, 1, 7.85%, 0, 0, 1, 2.79, 152, 181
133, 0, 0, 1, 1, 1, 7.85%, 0, 0, 1, 4.47, 171, 181
138, 0, 0, 1, 1, 1, 7.85%, 0, 0, 1, 4.36, 183, 181
143, 0, 0, 1, 1, 1, 7.85%, 0, 0, 1, 0.87, 194, 181
149, 0, 0, 1, 1, 1, 7.85%, 0, 0, 1, 1.31, 209, 181
154, 0, 0, 1, 1, 1, 7.85%, 0, 0, 1, 0.92, 220, 181
159, 0, 0, 1, 1, 1, 7.85%, 0, 0, 1, 1.15, 230, 181
165, 0, 0, 1, 1, 1, 7.85%, 0, 0, 1, 1.29, 239, 181
171, 0, 0, 1, 1, 1, 7.85%, 0, 0, 1, 1.52, 252, 181
176, 0, 0, 1, 1, 1, 7.85%, 0, 0, 1, 10.00, 263, 181
181, 0, 0, 1, 1, 1, 7.85%, 0, 0, 1, 1.63, 272, 181
187, 0, 0, 1, 1, 1, 7.85%, 0, 0, 1, 1.90, 283, 181
192, 0, 0, 1, 1, 1, 7.85%, 0, 0, 1, 2.05, 293, 181
197, 0, 0, 1, 1, 1, 7.85%, 0, 0, 1, 1.96, 302, 181
203, 0, 0, 1, 1, 1, 7.85%, 0, 0, 1, 1.93, 313, 181
209, 0, 0, 1, 1, 1, 7.85%, 0, 0, 1, 1.63, 339, 181
214, 0, 0, 1, 1, 1, 7.85%, 0, 0, 1, 1.70, 349, 181
219, 0, 0, 1, 1, 1, 7.85%, 0, 0, 1, 1.71, 358, 181
224, 0, 0, 1, 1, 1, 7.85%, 0, 0, 1, 1.86, 370, 181
229, 0, 0, 1, 1, 1, 7.85%, 0, 0, 1, 1.78, 378, 181
235, 0, 0, 1, 1, 1, 7.85%, 0, 0, 1, 1.83, 390, 181
240, 0, 0, 1, 1, 1, 7.85%, 0, 0, 1, 0.89, 399, 181
246, 0, 0, 1, 1, 1, 7.85%, 0, 0, 1, 1.14, 409, 181
251, 0, 0, 1, 1, 1, 7.85%, 0, 0, 1, 1.22, 417, 181
256, 0, 0, 1, 1, 1, 7.85%, 0, 0, 1, 1.31, 425, 181
261, 0, 0, 1, 1, 1, 7.85%, 0, 0, 1, 1.35, 433, 181
266, 0, 0, 1, 1, 1, 7.85%, 0, 0, 1, 1.49, 443, 181
271, 0, 0, 1, 1, 1, 7.85%, 0, 0, 1, 1.45, 450, 181
276, 0, 0, 1, 1, 1, 7.85%, 0, 0, 1, 1.48, 458, 181
281, 0, 0, 1, 1, 1, 7.85%, 0, 0, 1, 1.56, 467, 181
287, 0, 0, 1, 1, 1, 7.85%, 0, 0, 1, 1.57, 475, 181
292, 0, 0, 1, 1, 1, 7.85%, 0, 0, 1, 1.55, 483, 181
298, 0, 0, 1, 1, 1, 7.85%, 0, 0, 1, 1.64, 495, 181
303, 0, 0, 1, 1, 1, 7.85%, 0, 0, 1, 1.71, 505, 181
309, 0, 0, 1, 1, 1, 7.85%, 0, 0, 1, 1.64, 512, 181
314, 0, 0, 1, 1, 1, 7.85%, 0, 0, 1, 1.76, 523, 181
319, 0, 0, 1, 1, 1, 7.85%, 0, 0, 1, 1.76, 532, 181
324, 0, 0, 1, 1, 1, 7.85%, 0, 0, 1, 1.77, 541, 181
329, 0, 0, 1, 1, 1, 7.85%, 0, 0, 1, 1.77, 550, 181
334, 0, 0, 1, 1, 1, 7.85%, 0, 0, 1, 1.81, 560, 181
339, 0, 0, 1, 1, 1, 7.85%, 0, 0, 1, 1.72, 567, 181
344, 0, 0, 1, 1, 1, 7.85%, 0, 0, 1, 1.78, 577, 181
349, 0, 0, 1, 1, 1, 7.85%, 0, 0, 1, 1.82, 587, 181
355, 0, 0, 1, 1, 1, 7.85%, 0, 0, 1, 1.80, 596, 181
360, 0, 0, 1, 1, 1, 7.85%, 0, 0, 1, 1.70, 603, 181
366, 0, 0, 1, 1, 1, 7.85%, 0, 0, 1, 1.68, 613, 181
371, 0, 0, 1, 1, 1, 7.85%, 0, 0, 1, 1.75, 623, 181
376, 0, 0, 1, 1, 1, 7.85%, 0, 0, 1, 143.56, 664, 181
382, 0, 0, 1, 1, 1, 7.85%, 0, 0, 1, 3.33, 679, 181
388, 0, 0, 1, 1, 1, 7.85%, 0, 0, 1, 3.06, 690, 181
393, 0, 0, 1, 1, 1, 7.85%, 0, 0, 1, 2.86, 701, 181
398, 0, 0, 1, 1, 1, 7.85%, 0, 0, 1, 2.65, 711, 181
404, 0, 0, 1, 1, 1, 7.85%, 0, 0, 1, 2.37, 721, 181
409, 0, 0, 1, 1, 1, 7.85%, 0, 0, 1, 2.42, 732, 181
414, 0, 0, 1, 1, 1, 7.85%, 0, 0, 1, 2.47, 743, 181
419, 0, 0, 1, 1, 1, 7.85%, 0, 0, 1, 2.45, 754, 181
424, 0, 0, 1, 1, 1, 7.85%, 0, 0, 1, 2.34, 765, 181
430, 0, 0, 1, 1, 1, 7.85%, 0, 0, 1, 2.20, 775, 181
435, 0, 0, 1, 1, 1, 7.85%, 0, 0, 1, 2.20, 785, 181
440, 0, 0, 1, 1, 1, 7.85%, 0, 0, 1, 2.56, 795, 181
452, 0, 0, 1, 1, 1, 7.85%, 0, 0, 1, 0.37, 807, 181
458, 0, 0, 1, 1, 1, 7.85%, 0, 0, 1, 0.67, 816, 181
463, 0, 0, 1, 1, 1, 7.85%, 0, 0, 1, 0.96, 826, 181
469, 0, 0, 1, 1, 1, 7.85%, 0, 0, 1, 0.83, 839, 181
474, 0, 0, 1, 1, 1, 7.85%, 0, 0, 1, 1.18, 851, 181
480, 0, 0, 1, 1, 1, 7.85%, 0, 0, 1, 1.43, 864, 181
486, 0, 0, 1, 1, 1, 7.85%, 0, 0, 1, 1.72, 877, 181
491, 0, 0, 1, 1, 1, 7.85%, 0, 0, 1, 2.31, 891, 181
515, 0, 0, 1, 1, 1, 7.85%, 0, 0, 1, 0.04, 895, 181
521, 0, 0, 1, 1, 1, 7.85%, 0, 0, 1, 3.05, 908, 181
526, 0, 0, 1, 1, 1, 7.85%, 0, 0, 1, 3.06, 918, 181
558, 0, 0, 1, 1, 1, 7.85%, 0, 0, 1, 0.06, 922, 181
563, 0, 0, 1, 1, 1, 7.85%, 0, 0, 1, 2.02, 931, 181
568, 0, 0, 1, 1, 1, 7.85%, 0, 0, 1, 2.79, 942, 181
573, 0, 0, 1, 1, 1, 7.85%, 0, 0, 1, 2.89, 952, 181
578, 0, 0, 1, 1, 1, 7.85%, 0, 0, 1, 2.63, 961, 181
584, 0, 0, 1, 1, 1, 7.85%, 0, 0, 1, 2.52, 972, 181
589, 0, 0, 1, 1, 1, 7.85%, 0, 0, 1, 2.40, 982, 181
594, 0, 0, 1, 1, 1, 7.85%, 0, 0, 1, 2.27, 991, 181
599, 0, 0, 1, 1, 1, 7.85%, 0, 0, 1, 2.24, 999, 181
604, 0, 0, 1, 1, 1, 7.85%, 0, 0, 1, 2.19, 1010, 181
609, 0, 0, 1, 1, 1, 7.85%, 0, 0, 1, 2.18, 1021, 181
614, 0, 0, 1, 1, 1, 7.85%, 0, 0, 1, 2.13, 1031, 181
619, 0, 0, 1, 1, 1, 7.85%, 0, 0, 1, 2.19, 1043, 181
645, 0, 0, 1, 1, 1, 7.85%, 0, 0, 1, 0.08, 1045, 181
650, 0, 0, 1, 1, 1, 7.85%, 0, 0, 1, 2.76, 1056, 181
655, 0, 0, 1, 1, 1, 7.85%, 0, 0, 1, 2.56, 1066, 181
660, 0, 0, 1, 1, 1, 7.85%, 0, 0, 1, 2.38, 1075, 181
665, 0, 0, 1, 1, 1, 7.85%, 0, 0, 1, 2.25, 1084, 181
670, 0, 0, 1, 1, 1, 7.85%, 0, 0, 1, 2.28, 1096, 181
685, 0, 0, 1, 1, 1, 7.85%, 0, 0, 1, 0.07, 1097, 181
691, 0, 0, 1, 1, 1, 7.85%, 0, 0, 1, 1.26, 1106, 181
696, 0, 0, 1, 1, 1, 7.85%, 0, 0, 1, 1.19, 1118, 181
703, 0, 0, 1, 1, 1, 7.85%, 0, 0, 1, 1.32, 1129, 181
708, 0, 0, 1, 1, 1, 7.85%, 0, 0, 1, 1.42, 1138, 181
713, 0, 0, 1, 1, 1, 7.85%, 0, 0, 1, 1.59, 1149, 181
718, 0, 0, 1, 1, 1, 7.85%, 0, 0, 1, 1.62, 1158, 181
723, 0, 0, 1, 1, 1, 7.85%, 0, 0, 1, 1.70, 1168, 181
728, 0, 0, 1, 1, 1, 7.85%, 0, 0, 1, 1.68, 1176, 181
733, 0, 0, 1, 1, 1, 7.85%, 0, 0, 1, 1.83, 1188, 181
739, 0, 0, 1, 1, 1, 7.85%, 0, 0, 1, 1.94, 1200, 181
744, 0, 0, 1, 1, 1, 7.85%, 0, 0, 1, 2.00, 1211, 181
749, 0, 0, 1, 1, 1, 7.85%, 0, 0, 1, 2.03, 1222, 181
754, 0, 0, 1, 1, 1, 7.85%, 0, 0, 1, 2.11, 1234, 181
759, 0, 0, 1, 1, 1, 7.85%, 0, 0, 1, 2.02, 1243, 181
764, 0, 0, 1, 1, 1, 7.85%, 0, 0, 1, 2.06, 1254, 181
769, 0, 0, 1, 1, 1, 7.85%, 0, 0, 1, 2.00, 1263, 181
774, 0, 0, 1, 1, 1, 7.85%, 0, 0, 1, 1.93, 1272, 181
2128, 0, 0, 2, 2, 1, 8.20%, 0, 0, 2, 0.01, 1288, 189
2517, 0, 0, 3, 3, 1, 8.37%, 0, 0, 2, 0.01, 1296, 193
3848, 0, 0, 4, 4, 1, 8.42%, 0, 0, 2, 0.01, 1309, 194
5138, 0, 0, 5, 5, 1, 8.46%, 0, 0, 2, 0.01, 1322, 195
7754, 0, 0, 6, 6, 1, 8.46%, 0, 0, 2, 0.01, 1335, 195
7760, 0, 0, 6, 6, 1, 8.46%, 0, 0, 2, 0.60, 1342, 195
8336, 0, 0, 7, 7, 1, 8.46%, 0, 0, 2, 0.01, 1353, 195
9522, 0, 0, 8, 8, 1, 8.72%, 0, 0, 2, 0.01, 1367, 201
11008, 0, 0, 9, 9, 1, 8.72%, 0, 0, 2, 0.01, 1372, 201
11013, 0, 0, 9, 9, 1, 8.72%, 0, 0, 2, 4.20, 1381, 201
11019, 0, 0, 9, 9, 1, 8.72%, 0, 0, 2, 0.62, 1391, 201
11024, 0, 0, 9, 9, 1, 8.72%, 0, 0, 2, 0.62, 1394, 201
11030, 0, 0, 9, 9, 1, 8.72%, 0, 0, 2, 0.70, 1399, 201
13907, 0, 0, 10, 10, 1, 8.72%, 1, 0, 2, 0.00, 1417, 201
16290, 0, 0, 11, 11, 1, 8.76%, 1, 0, 2, 0.00, 1431, 202
17494, 0, 0, 12, 12, 1, 8.76%, 1, 0, 2, 0.01, 1445, 202
17500, 0, 0, 12, 12, 1, 8.76%, 1, 0, 2, 1.18, 1450, 202
17506, 0, 0, 12, 12, 1, 8.76%, 1, 0, 2, 1.13, 1455, 202
17511, 0, 0, 12, 12, 1, 8.76%, 1, 0, 2, 0.63, 1462, 202
17516, 0, 0, 12, 12, 1, 8.76%, 1, 0, 2, 0.65, 1466, 202
18036, 0, 0, 13, 13, 1, 8.76%, 1, 0, 2, 0.02, 1474, 202
18041, 0, 0, 13, 13, 1, 8.76%, 1, 0, 2, 1.30, 1480, 202
24343, 0, 0, 14, 14, 1, 8.81%, 1, 0, 2, 0.00, 1495, 203
24349, 0, 0, 14, 14, 1, 8.81%, 1, 0, 2, 0.95, 1504, 203
35087, 0, 0, 15, 15, 1, 8.85%, 1, 0, 2, 0.00, 1523, 204
37572, 0, 0, 16, 16, 1, 8.85%, 1, 0, 2, 0.00, 1538, 204
37579, 0, 0, 16, 16, 1, 8.85%, 1, 0, 2, 0.15, 1539, 204
37589, 0, 0, 16, 16, 1, 8.85%, 1, 1, 2, 0.15, 1541, 204
37599, 0, 0, 16, 16, 1, 8.85%, 1, 1, 2, 0.16, 1543, 204
37610, 0, 0, 16, 16, 1, 8.85%, 1, 1, 2, 0.15, 1544, 204
37620, 0, 0, 16, 16, 1, 8.85%, 1, 1, 2, 0.15, 1545, 204
37631, 0, 0, 16, 16, 1, 8.85%, 1, 1, 2, 0.15, 1546, 204
37642, 0, 0, 16, 16, 1, 8.85%, 1, 2, 2, 0.14, 1547, 204
37657, 0, 0, 16, 16, 1, 8.85%, 1, 2, 2, 0.15, 1549, 204
37667, 0, 0, 16, 16, 1, 8.85%, 1, 2, 2, 0.14, 1550, 204
37678, 0, 0, 16, 16, 1, 8.85%, 1, 2, 2, 0.14, 1551, 204
37688, 0, 0, 16, 16, 1, 8.85%, 1, 2, 2, 0.14, 1552, 204
37696, 0, 0, 16, 16, 1, 8.85%, 1, 2, 2, 0.16, 1554, 204
37706, 0, 0, 16, 16, 1, 8.85%, 1, 2, 2, 0.15, 1555, 204
37717, 0, 0, 16, 16, 1, 8.85%, 1, 2, 2, 0.15, 1556, 204
37727, 0, 0, 16, 16, 1, 8.85%, 1, 2, 2, 0.15, 1557, 204
37737, 0, 0, 16, 16, 1, 8.85%, 1, 2, 2, 0.14, 1558, 204
37747, 0, 0, 16, 16, 1, 8.85%, 1, 2, 2, 0.14, 1559, 204
37758, 0, 0, 16, 16, 1, 8.85%, 1, 2, 2, 0.14, 1560, 204
37769, 0, 0, 16, 16, 1, 8.85%, 1, 2, 2, 0.13, 1561, 204
37775, 0, 0, 16, 16, 1, 8.85%, 1, 2, 2, 0.14, 1562, 204
37788, 0, 0, 16, 16, 1, 8.85%, 1, 2, 2, 0.14, 1564, 204
37799, 0, 0, 16, 16, 1, 8.85%, 1, 2, 2, 0.14, 1565, 204
37809, 0, 0, 16, 16, 1, 8.85%, 1, 2, 2, 0.14, 1566, 204
37817, 0, 0, 16, 16, 1, 8.85%, 1, 2, 2, 0.14, 1567, 204
37829, 0, 0, 16, 16, 1, 8.85%, 1, 2, 2, 0.13, 1568, 204
37840, 0, 0, 16, 16, 1, 8.85%, 1, 2, 2, 0.13, 1569, 204
37853, 0, 0, 16, 16, 1, 8.85%, 1, 2, 2, 0.14, 1571, 204
37864, 0, 0, 16, 16, 1, 8.85%, 1, 2, 2, 0.14, 1572, 204
37874, 0, 0, 16, 16, 1, 8.85%, 1, 2, 2, 0.14, 1573, 204
37885, 0, 0, 16, 16, 1, 8.85%, 1, 2, 2, 0.13, 1574, 204
37896, 0, 0, 16, 16, 1, 8.85%, 1, 2, 2, 0.13, 1575, 204
37907, 0, 0, 16, 16, 1, 8.85%, 1, 3, 2, 0.10, 1578, 204
37920, 0, 0, 16, 16, 1, 8.85%, 1, 4, 2, 0.12, 1580, 204
37930, 0, 0, 16, 16, 1, 8.85%, 1, 4, 2, 0.12, 1581, 204
37937, 0, 0, 16, 16, 1, 8.85%, 1, 4, 2, 0.12, 1582, 204
37947, 0, 0, 16, 16, 1, 8.85%, 1, 4, 2, 0.12, 1584, 204
37959, 0, 0, 16, 16, 1, 8.85%, 1, 4, 2, 0.12, 1585, 204
37969, 0, 0, 16, 16, 1, 8.85%, 1, 4, 2, 0.12, 1586, 204
37980, 0, 0, 16, 16, 1, 8.85%, 1, 4, 2, 0.12, 1587, 204
37991, 0, 0, 16, 16, 1, 8.85%, 1, 4, 2, 0.12, 1588, 204
37999, 0, 0, 16, 16, 1, 8.85%, 1, 4, 2, 0.12, 1589, 204
38009, 0, 0, 16, 16, 1, 8.85%, 1, 4, 2, 0.12, 1590, 204
38020, 0, 0, 16, 16, 1, 8.85%, 1, 4, 2, 0.11, 1591, 204
38031, 0, 0, 16, 16, 1, 8.85%, 1, 4, 2, 0.11, 1592, 204
38041, 0, 0, 16, 16, 1, 8.85%, 1, 4, 2, 0.11, 1593, 204
38052, 0, 0, 16, 16, 1, 8.85%, 1, 4, 2, 0.11, 1594, 204
38064, 0, 0, 16, 16, 1, 8.85%, 1, 4, 2, 0.14, 1596, 204
38076, 0, 0, 16, 16, 1, 8.85%, 1, 4, 2, 0.10, 1598, 204
38088, 0, 0, 16, 16, 1, 8.85%, 1, 4, 2, 0.10, 1599, 204
38092, 0, 0, 16, 16, 1, 8.85%, 1, 4, 2, 0.95, 1601, 204
38102, 0, 0, 16, 16, 1, 8.85%, 1, 4, 2, 0.09, 1602, 204
38113, 0, 0, 16, 16, 1, 8.85%, 1, 5, 2, 0.09, 1603, 204
38124, 0, 0, 16, 16, 1, 8.85%, 1, 5, 2, 0.09, 1604, 204
38135, 0, 0, 16, 16, 1, 8.85%, 1, 5, 2, 0.09, 1605, 204
38145, 0, 0, 16, 16, 1, 8.85%, 1, 5, 2, 0.09, 1606, 204
38157, 0, 0, 16, 16, 1, 8.85%, 1, 5, 2, 0.09, 1607, 204
38167, 0, 0, 16, 16, 1, 8.85%, 1, 5, 2, 0.09, 1608, 204
38180, 0, 0, 16, 16, 1, 8.85%, 1, 5, 2, 0.11, 1610, 204
38191, 0, 0, 16, 16, 1, 8.85%, 1, 5, 2, 0.11, 1611, 204
38203, 0, 0, 16, 16, 1, 8.85%, 1, 5, 2, 0.13, 1613, 204
38213, 0, 0, 16, 16, 1, 8.85%, 1, 5, 2, 0.13, 1614, 204
38224, 0, 0, 16, 16, 1, 8.85%, 1, 5, 2, 0.12, 1615, 204
38234, 0, 0, 16, 16, 1, 8.85%, 1, 5, 2, 0.13, 1617, 204
38244, 0, 0, 16, 16, 1, 8.85%, 1, 5, 2, 0.13, 1618, 204
38255, 0, 0, 16, 16, 1, 8.85%, 1, 5, 2, 0.13, 1619, 204
38265, 0, 0, 16, 16, 1, 8.85%, 1, 5, 2, 0.12, 1620, 204
38275, 0, 0, 16, 16, 1, 8.85%, 1, 5, 2, 0.12, 1621, 204
38287, 0, 0, 16, 16, 1, 8.85%, 1, 5, 2, 0.12, 1622, 204
38298, 0, 0, 16, 16, 1, 8.85%, 1, 5, 2, 0.12, 1623, 204
38309, 0, 0, 16, 16, 1, 8.85%, 1, 6, 2, 0.12, 1624, 204
38320, 0, 0, 16, 16, 1, 8.85%, 1, 6, 2, 0.11, 1625, 204
38329, 0, 0, 16, 16, 1, 8.85%, 1, 6, 2, 0.11, 1626, 204
38340, 0, 0, 16, 16, 1, 8.85%, 1, 6, 2, 0.11, 1627, 204
38347, 0, 0, 16, 16, 1, 8.85%, 1, 6, 2, 0.59, 1629, 204
39173, 0, 0, 17, 17, 1, 8.85%, 1, 6, 2, 0.01, 1637, 204
39179, 0, 0, 17, 17, 1, 8.85%, 1, 6, 2, 1.92, 1647, 204
39184, 0, 0, 17, 17, 1, 8.85%, 1, 6, 2, 1.90, 1657, 204
39190, 0, 0, 17, 17, 1, 8.85%, 1, 6, 2, 1.97, 1665, 204
39195, 0, 0, 17, 17, 1, 8.85%, 1, 6, 2, 2.76, 1674, 204
39200, 0, 0, 17, 17, 1, 8.85%, 1, 6, 2, 2.48, 1683, 204
39206, 0, 0, 17, 17, 1, 8.85%, 1, 6, 2, 2.44, 1690, 204
39211, 0, 0, 17, 17, 1, 8.85%, 1, 6, 2, 2.49, 1702, 204
39217, 0, 0, 17, 17, 1, 8.85%, 1, 6, 2, 2.29, 1712, 204
39223, 0, 0, 17, 17, 1, 8.85%, 1, 6, 2, 2.14, 1723, 204
39228, 0, 0, 17, 17, 1, 8.85%, 1, 6, 2, 2.08, 1732, 204
39234, 0, 0, 17, 17, 1, 8.85%, 1, 6, 2, 1.91, 1741, 204
39240, 0, 0, 17, 17, 1, 8.85%, 1, 6, 2, 1.75, 1747, 204
39247, 0, 0, 17, 17, 1, 8.85%, 1, 6, 2, 1.80, 1758, 204
39252, 0, 0, 17, 17, 1, 8.85%, 1, 6, 2, 2.12, 1768, 204
39257, 0, 0, 17, 17, 1, 8.85%, 1, 6, 2, 2.48, 1779, 204
41199, 0, 0, 18, 18, 1, 8.85%, 1, 6, 2, 0.00, 1788, 204
41206, 0, 0, 18, 18, 1, 8.85%, 1, 6, 2, 0.52, 1796, 204
41211, 0, 0, 18, 18, 1, 8.85%, 1, 6, 2, 0.71, 1802, 204
41217, 0, 0, 18, 18, 1, 8.85%, 1, 6, 2, 4.10, 1811, 204
41223, 0, 0, 18, 18, 1, 8.85%, 1, 6, 2, 0.72, 1818, 204
41229, 0, 0, 18, 18, 1, 8.85%, 1, 6, 2, 0.99, 1825, 204
41234, 0, 0, 18, 18, 1, 8.85%, 1, 6, 2, 1.12, 1831, 204
41239, 0, 0, 18, 18, 1, 8.85%, 1, 6, 2, 1.18, 1839, 204
41246, 0, 0, 18, 18, 1, 8.85%, 1, 6, 2, 1.14, 1846, 204
41253, 0, 0, 18, 18, 1, 8.85%, 1, 6, 2, 1.12, 1853, 204
41260, 0, 0, 18, 18, 1, 8.85%, 1, 6, 2, 0.85, 1863, 204
41265, 0, 0, 18, 18, 1, 8.85%, 1, 6, 2, 1.13, 1870, 204
41271, 0, 0, 18, 18, 1, 8.85%, 1, 6, 2, 1.36, 1878, 204
41276, 0, 0, 18, 18, 1, 8.85%, 1, 6, 2, 1.69, 1885, 204
41282, 0, 0, 18, 18, 1, 8.85%, 1, 6, 2, 1.81, 1893, 204
41288, 0, 0, 18, 18, 1, 8.85%, 1, 6, 2, 1.87, 1900, 204
41293, 0, 0, 18, 18, 1, 8.85%, 1, 6, 2, 1.81, 1905, 204
41299, 0, 0, 18, 18, 1, 8.85%, 1, 6, 2, 1.91, 1915, 204
41305, 0, 0, 18, 18, 1, 8.85%, 1, 6, 2, 1.74, 1919, 204
41311, 0, 0, 18, 18, 1, 8.85%, 2, 6, 2, 1.57, 1926, 204
41317, 0, 0, 18, 18, 1, 8.85%, 2, 6, 2, 1.41, 1929, 204
41323, 0, 0, 18, 18, 1, 8.85%, 2, 6, 2, 0.30, 1932, 204
41329, 0, 0, 18, 18, 1, 8.85%, 2, 6, 2, 0.36, 1935, 204
41335, 0, 0, 18, 18, 1, 8.85%, 2, 6, 2, 3.71, 1941, 204
41340, 0, 0, 18, 18, 1, 8.85%, 2, 6, 2, 0.92, 1949, 204
42017, 0, 0, 19, 19, 1, 8.85%, 2, 6, 2, 0.01, 1961, 204
42022, 0, 0, 19, 19, 1, 8.85%, 2, 6, 2, 3.83, 1968, 204
42027, 0, 0, 19, 19, 1, 8.85%, 2, 6, 2, 0.67, 1974, 204
42033, 0, 0, 19, 19, 1, 8.85%, 2, 6, 2, 1.05, 1984, 204
42039, 0, 0, 19, 19, 1, 8.85%, 3, 6, 2, 0.85, 1994, 204
42044, 0, 0, 19, 19, 1, 8.85%, 3, 6, 2, 0.95, 2000, 204
42050, 0, 0, 19, 19, 1, 8.85%, 3, 6, 2, 1.15, 2007, 204
42055, 0, 0, 19, 19, 1, 8.85%, 3, 6, 2, 1.40, 2016, 204
42061, 0, 0, 19, 19, 1, 8.85%, 3, 6, 2, 1.56, 2025, 204
42066, 0, 0, 19, 19, 1, 8.85%, 3, 6, 2, 1.51, 2031, 204
42073, 0, 0, 19, 19, 1, 8.85%, 3, 6, 2, 1.40, 2037, 204
42078, 0, 0, 19, 19, 1, 8.85%, 3, 6, 2, 1.71, 2044, 204
42085, 0, 0, 19, 19, 1, 8.85%, 3, 6, 2, 1.89, 2051, 204
42091, 0, 0, 19, 19, 1, 8.85%, 3, 6, 2, 1.78, 2057, 204
42099, 0, 0, 19, 19, 1, 8.85%, 3, 6, 2, 0.34, 2061, 204
42106, 0, 0, 19, 19, 1, 8.85%, 3, 6, 2, 0.83, 2068, 204
42111, 0, 0, 19, 19, 1, 8.85%, 3, 6, 2, 0.87, 2074, 204
42116, 0, 0, 19, 19, 1, 8.85%, 3, 6, 2, 0.36, 2080, 204
42122, 0, 0, 19, 19, 1, 8.85%, 3, 6, 2, 0.51, 2084, 204
42128, 0, 0, 19, 19, 1, 8.85%, 3, 6, 2, 0.79, 2092, 204
42133, 0, 0, 19, 19, 1, 8.85%, 3, 6, 2, 0.89, 2097, 204
42139, 0, 0, 19, 19, 1, 8.85%, 3, 6, 2, 1.25, 2109, 204
47529, 0, 0, 20, 20, 1, 8.89%, 3, 6, 2, 0.00, 2126, 205
47535, 0, 0, 20, 20, 1, 8.89%, 4, 6, 2, 2.01, 2137, 205
47540, 0, 0, 20, 20, 1, 8.89%, 4, 6, 2, 2.18, 2146, 205
48059, 0, 0, 21, 21, 1, 8.89%, 4, 6, 2, 0.02, 2155, 205
48065, 0, 0, 21, 21, 1, 8.89%, 4, 6, 2, 0.65, 2165, 205
48070, 0, 0, 21, 21, 1, 8.89%, 4, 6, 2, 4.52, 2175, 205
49662, 0, 0, 22, 22, 1, 8.89%, 4, 6, 2, 0.01, 2192, 205
49668, 0, 0, 22, 22, 1, 8.89%, 4, 6, 2, 0.72, 2202, 205
49673, 0, 0, 22, 22, 1, 8.89%, 4, 6, 2, 0.95, 2210, 205
49678, 0, 0, 22, 22, 1, 8.89%, 4, 6, 2, 1.01, 2219, 205
49685, 0, 0, 22, 22, 1, 8.89%, 4, 6, 2, 0.94, 2223, 205
49691, 0, 0, 22, 22, 1, 8.89%, 4, 6, 2, 1.12, 2230, 205
49698, 0, 0, 22, 22, 1, 8.89%, 4, 6, 2, 0.57, 2239, 205
49703, 0, 0, 22, 22, 1, 8.89%, 4, 6, 2, 0.96, 2248, 205
49710, 0, 0, 22, 22, 1, 8.89%, 4, 6, 2, 0.64, 2257, 205
49716, 0, 0, 22, 22, 1, 8.89%, 4, 6, 2, 1.03, 2266, 205
49721, 0, 0, 22, 22, 1, 8.89%, 4, 6, 2, 1.07, 2272, 205
49727, 0, 0, 22, 22, 1, 8.89%, 4, 6, 2, 0.74, 2280, 205
49732, 0, 0, 22, 22, 1, 8.89%, 4, 6, 2, 1.35, 2289, 205
49737, 0, 0, 22, 22, 1, 8.89%, 4, 6, 2, 1.40, 2295, 205
49743, 0, 0, 22, 22, 1, 8.89%, 4, 6, 2, 1.63, 2304, 205
49748, 0, 0, 22, 22, 1, 8.89%, 4, 6, 2, 1.98, 2313, 205
49757, 0, 0, 22, 22, 1, 8.89%, 4, 6, 2, 1.89, 2321, 205
49763, 0, 0, 22, 22, 1, 8.89%, 4, 6, 2, 1.68, 2325, 205
49768, 0, 0, 22, 22, 1, 8.89%, 5, 6, 2, 0.30, 2329, 205
49774, 0, 0, 22, 22, 1, 8.89%, 5, 6, 2, 1.96, 2338, 205
49779, 0, 0, 22, 22, 1, 8.89%, 5, 6, 2, 5.28, 2347, 205
49785, 0, 0, 22, 22, 1, 8.89%, 5, 6, 2, 0.86, 2356, 205
49791, 0, 0, 22, 22, 1, 8.89%, 5, 6, 2, 1.46, 2366, 205
49797, 0, 0, 22, 22, 1, 8.89%, 5, 6, 2, 1.46, 2372, 205
49802, 0, 0, 22, 22, 1, 8.89%, 5, 6, 2, 0.92, 2378, 205
49809, 0, 0, 22, 22, 1, 8.89%, 5, 6, 2, 1.18, 2387, 205
49815, 0, 0, 22, 22, 1, 8.89%, 5, 6, 2, 1.22, 2395, 205
49821, 0, 0, 22, 22, 1, 8.89%, 5, 6, 2, 1.23, 2402, 205
49827, 0, 0, 22, 22, 1, 8.89%, 5, 6, 2, 1.33, 2410, 205
49832, 0, 0, 22, 22, 1, 8.89%, 5, 6, 2, 1.36, 2417, 205
49837, 0, 0, 22, 22, 1, 8.89%, 5, 6, 2, 1.43, 2423, 205
49842, 0, 0, 22, 22, 1, 8.89%, 5, 6, 2, 1.62, 2430, 205
49847, 0, 0, 22, 22, 1, 8.89%, 5, 6, 2, 1.53, 2434, 205
49853, 0, 0, 22, 22, 1, 8.89%, 5, 6, 2, 0.55, 2443, 205
49860, 0, 0, 22, 22, 1, 8.89%, 5, 6, 2, 0.57, 2447, 205
49867, 0, 0, 22, 22, 1, 8.89%, 5, 6, 2, 0.55, 2449, 205
49873, 0, 0, 22, 22, 1, 8.89%, 5, 6, 2, 0.50, 2456, 205
49878, 0, 0, 22, 22, 1, 8.89%, 5, 6, 2, 0.48, 2458, 205
49889, 0, 0, 22, 22, 1, 8.89%, 5, 7, 2, 0.46, 2460, 205
49901, 0, 0, 22, 22, 1, 8.89%, 5, 7, 2, 0.44, 2462, 205
49909, 0, 0, 22, 22, 1, 8.89%, 5, 7, 2, 0.42, 2464, 205
49915, 0, 0, 22, 22, 1, 8.89%, 5, 7, 2, 2.42, 2475, 205
49922, 0, 0, 22, 22, 1, 8.89%, 5, 7, 2, 0.72, 2484, 205
49927, 0, 0, 22, 22, 1, 8.89%, 5, 7, 2, 0.91, 2492, 205
51263, 0, 0, 23, 23, 1, 8.89%, 5, 7, 2, 0.01, 2505, 205
51269, 0, 0, 23, 23, 1, 8.89%, 5, 7, 2, 1.76, 2515, 205
51274, 0, 0, 23, 23, 1, 8.89%, 5, 7, 2, 2.05, 2523, 205
51280, 0, 0, 23, 23, 1, 8.89%, 5, 7, 2, 1.98, 2529, 205
51285, 0, 0, 23, 23, 1, 8.89%, 5, 7, 2, 2.17, 2536, 205
51290, 0, 0, 23, 23, 1, 8.89%, 5, 7, 2, 2.05, 2543, 205
51296, 0, 0, 23, 23, 1, 8.89%, 5, 7, 2, 1.92, 2550, 205
51301, 0, 0, 23, 23, 1, 8.89%, 5, 7, 2, 1.77, 2557, 205
51307, 0, 0, 23, 23, 1, 8.89%, 5, 7, 2, 1.72, 2565, 205
51313, 0, 0, 23, 23, 1, 8.89%, 5, 7, 2, 1.12, 2573, 205
51319, 0, 0, 23, 23, 1, 8.89%, 5, 7, 2, 1.59, 2584, 205
51324, 0, 0, 23, 23, 1, 8.89%, 5, 7, 2, 1.53, 2591, 205
51330, 0, 0, 23, 23, 1, 8.89%, 5, 7, 2, 1.47, 2598, 205
51335, 0, 0, 23, 23, 1, 8.89%, 5, 7, 2, 1.68, 2607, 205
51340, 0, 0, 23, 23, 1, 8.89%, 5, 7, 2, 1.81, 2615, 205
51354, 0, 0, 23, 23, 1, 8.89%, 5, 7, 2, 0.20, 2624, 205
51365, 0, 0, 23, 23, 1, 8.89%, 5, 7, 2, 0.19, 2625, 205
51372, 0, 0, 23, 23, 1, 8.89%, 5, 7, 2, 0.19, 2626, 205
51382, 0, 0, 23, 23, 1, 8.89%, 5, 7, 2, 0.18, 2627, 205
51392, 0, 0, 23, 23, 1, 8.89%, 5, 7, 2, 0.18, 2628, 205
51402, 0, 0, 23, 23, 1, 8.89%, 5, 7, 2, 0.17, 2629, 205
51412, 0, 0, 23, 23, 1, 8.89%, 5, 7, 2, 0.17, 2630, 205
51425, 0, 0, 23, 23, 1, 8.89%, 5, 7, 2, 0.17, 2632, 205
51436, 0, 0, 23, 23, 1, 8.89%, 5, 7, 2, 0.17, 2633, 205
51445, 0, 0, 23, 23, 1, 8.89%, 5, 7, 2, 0.18, 2635, 205
51458, 0, 0, 23, 23, 1, 8.89%, 5, 7, 2, 0.17, 2636, 205
51468, 0, 0, 23, 23, 1, 8.89%, 5, 7, 2, 0.17, 2637, 205
51479, 0, 0, 23, 23, 1, 8.89%, 5, 7, 2, 0.16, 2638, 205
51489, 0, 0, 23, 23, 1, 8.89%, 5, 7, 2, 0.16, 2639, 205
51500, 0, 0, 23, 23, 1, 8.89%, 5, 7, 2, 0.15, 2640, 205
51510, 0, 0, 23, 23, 1, 8.89%, 5, 7, 2, 0.15, 2641, 205
51523, 0, 0, 23, 23, 1, 8.89%, 5, 7, 2, 0.15, 2642, 205
51535, 0, 0, 23, 23, 1, 8.89%, 5, 7, 2, 0.15, 2644, 205
51546, 0, 0, 23, 23, 1, 8.89%, 5, 7, 2, 0.14, 2645, 205
51557, 0, 0, 23, 23, 1, 8.89%, 5, 7, 2, 0.14, 2646, 205
51568, 0, 0, 23, 23, 1, 8.89%, 5, 7, 2, 0.14, 2647, 205
51579, 0, 0, 23, 23, 1, 8.89%, 5, 7, 2, 0.13, 2648, 205
51592, 0, 0, 23, 23, 1, 8.89%, 5, 7, 2, 0.13, 2649, 205
51602, 0, 0, 23, 23, 1, 8.89%, 5, 7, 2, 0.13, 2650, 205
51613, 0, 0, 23, 23, 1, 8.89%, 5, 7, 2, 0.13, 2651, 205
51624, 0, 0, 23, 23, 1, 8.89%, 5, 7, 2, 0.12, 2652, 205
51635, 0, 0, 23, 23, 1, 8.89%, 5, 7, 2, 0.12, 2653, 205
51646, 0, 0, 23, 23, 1, 8.89%, 5, 7, 2, 0.12, 2654, 205
51659, 0, 0, 23, 23, 1, 8.89%, 5, 7, 2, 0.12, 2655, 205
51670, 0, 0, 23, 23, 1, 8.89%, 5, 7, 2, 0.12, 2656, 205
51681, 0, 0, 23, 23, 1, 8.89%, 5, 7, 2, 0.11, 2657, 205
51691, 0, 0, 23, 23, 1, 8.89%, 5, 7, 2, 0.11, 2658, 205
51703, 0, 0, 23, 23, 1, 8.89%, 5, 7, 2, 0.11, 2659, 205
51714, 0, 0, 23, 23, 1, 8.89%, 5, 7, 2, 0.11, 2660, 205
51725, 0, 0, 23, 23, 1, 8.89%, 5, 7, 2, 0.11, 2661, 205
51736, 0, 0, 23, 23, 1, 8.89%, 5, 7, 2, 0.11, 2662, 205
51750, 0, 0, 23, 23, 1, 8.89%, 5, 7, 2, 0.15, 2666, 205
51761, 0, 0, 23, 23, 1, 8.89%, 5, 7, 2, 0.15, 2667, 205
51771, 0, 0, 23, 23, 1, 8.89%, 5, 7, 2, 0.15, 2668, 205
51782, 0, 0, 23, 23, 1, 8.89%, 5, 7, 2, 0.14, 2669, 205
51794, 0, 0, 23, 23, 1, 8.89%, 5, 7, 2, 0.14, 2670, 205
51805, 0, 0, 23, 23, 1, 8.89%, 5, 7, 2, 0.14, 2671, 205
51815, 0, 0, 23, 23, 1, 8.89%, 5, 7, 2, 0.13, 2672, 205
51822, 0, 0, 23, 23, 1, 8.89%, 5, 7, 2, 0.15, 2674, 205
51833, 0, 0, 23, 23, 1, 8.89%, 5, 7, 2, 0.15, 2675, 205
51838, 0, 0, 23, 23, 1, 8.89%, 5, 7, 2, 0.20, 2678, 205
51845, 0, 0, 23, 23, 1, 8.89%, 5, 7, 2, 0.52, 2684, 205
51850, 0, 0, 23, 23, 1, 8.89%, 5, 7, 2, 2.82, 2693, 205
51855, 0, 0, 23, 23, 1, 8.89%, 5, 7, 2, 2.52, 2702, 205
51860, 0, 0, 23, 23, 1, 8.89%, 5, 7, 2, 2.37, 2710, 205
51866, 0, 0, 23, 23, 1, 8.89%, 5, 7, 2, 2.46, 2720, 205
51871, 0, 0, 23, 23, 1, 8.89%, 5, 7, 2, 2.37, 2729, 205
51876, 0, 0, 23, 23, 1, 8.89%, 5, 7, 2, 2.22, 2736, 205
51881, 0, 0, 23, 23, 1, 8.89%, 5, 7, 2, 2.16, 2746, 205
51887, 0, 0, 23, 23, 1, 8.89%, 5, 7, 2, 2.11, 2757, 205
51893, 0, 0, 23, 23, 1, 8.89%, 5, 7, 2, 0.34, 2759, 205
51900, 0, 0, 23, 23, 1, 8.89%, 5, 7, 2, 1.96, 2767, 205
51905, 0, 0, 23, 23, 1, 8.89%, 5, 7, 2, 2.00, 2774, 205
51919, 0, 0, 23, 23, 1, 8.89%, 5, 7, 2, 0.21, 2777, 205
51926, 0, 0, 23, 23, 1, 8.89%, 5, 7, 2, 0.34, 2789, 205
51932, 0, 0, 23, 23, 1, 8.89%, 5, 7, 2, 0.66, 2796, 205
51937, 0, 0, 23, 23, 1, 8.89%, 5, 7, 2, 0.60, 2802, 205
51943, 0, 0, 23, 23, 1, 8.89%, 5, 7, 2, 0.62, 2807, 205
51952, 0, 0, 23, 23, 1, 8.89%, 5, 7, 2, 0.29, 2812, 205
51959, 0, 0, 23, 23, 1, 8.89%, 5, 7, 2, 0.29, 2814, 205
51966, 0, 0, 23, 23, 1, 8.89%, 5, 7, 2, 1.65, 2821, 205
51972, 0, 0, 23, 23, 1, 8.89%, 5, 7, 2, 1.56, 2827, 205
51977, 0, 0, 23, 23, 1, 8.89%, 5, 7, 2, 1.69, 2834, 205
51989, 0, 0, 23, 23, 1, 8.89%, 5, 7, 2, 0.20, 2838, 205
51994, 0, 0, 23, 23, 1, 8.89%, 5, 7, 2, 3.17, 2842, 205
52008, 0, 0, 23, 23, 1, 8.89%, 5, 7, 2, 0.20, 2848, 205
52018, 0, 0, 23, 23, 1, 8.89%, 5, 7, 2, 0.19, 2849, 205
52029, 0, 0, 23, 23, 1, 8.89%, 5, 7, 2, 0.19, 2850, 205
52040, 0, 0, 23, 23, 1, 8.89%, 5, 7, 2, 0.18, 2851, 205
52051, 0, 0, 23, 23, 1, 8.89%, 5, 7, 2, 0.17, 2852, 205
52055, 0, 0, 23, 23, 1, 8.89%, 5, 7, 2, 3.12, 2855, 205
52062, 0, 0, 23, 23, 1, 8.89%, 5, 7, 2, 0.70, 2861, 205
52069, 0, 0, 23, 23, 1, 8.89%, 5, 7, 2, 0.54, 2865, 205
52076, 0, 0, 23, 23, 1, 8.89%, 5, 7, 2, 0.78, 2874, 205
52082, 0, 0, 23, 23, 1, 8.89%, 5, 7, 2, 0.71, 2883, 205
52088, 0, 0, 23, 23, 1, 8.89%, 5, 7, 2, 0.44, 2890, 205
52094, 0, 0, 23, 23, 1, 8.89%, 5, 7, 2, 0.70, 2899, 205
52100, 0, 0, 23, 23, 1, 8.89%, 5, 7, 2, 3.06, 2906, 205
52106, 0, 0, 23, 23, 1, 8.89%, 5, 7, 2, 0.59, 2913, 205
52112, 0, 0, 23, 23, 1, 8.89%, 5, 7, 2, 0.88, 2921, 205
52118, 0, 0, 23, 23, 1, 8.89%, 5, 7, 2, 1.11, 2929, 205
52128, 0, 0, 23, 23, 1, 8.89%, 5, 7, 2, 0.16, 2936, 205
52138, 0, 0, 23, 23, 1, 8.89%, 5, 7, 2, 0.17, 2938, 205
52149, 0, 0, 23, 23, 1, 8.89%, 5, 7, 2, 0.16, 2939, 205
52160, 0, 0, 23, 23, 1, 8.89%, 5, 7, 2, 0.16, 2940, 205
52172, 0, 0, 23, 23, 1, 8.89%, 5, 7, 2, 0.15, 2941, 205
52178, 0, 0, 23, 23, 1, 8.89%, 5, 7, 2, 0.15, 2942, 205
52188, 0, 0, 23, 23, 1, 8.89%, 5, 7, 2, 0.15, 2943, 205
52193, 0, 0, 23, 23, 1, 8.89%, 5, 7, 2, 0.15, 2944, 205
52200, 0, 0, 23, 23, 1, 8.89%, 5, 7, 2, 0.87, 2950, 205
52206, 0, 0, 23, 23, 1, 8.89%, 5, 7, 2, 0.89, 2957, 205
52211, 0, 0, 23, 23, 1, 8.89%, 5, 7, 2, 1.23, 2965, 205
52218, 0, 0, 23, 23, 1, 8.89%, 5, 7, 2, 1.14, 2968, 205
52226, 0, 0, 23, 23, 1, 8.89%, 5, 7, 2, 0.19, 2973, 205
52232, 0, 0, 23, 23, 1, 8.89%, 5, 7, 2, 1.87, 2981, 205
52238, 0, 0, 23, 23, 1, 8.89%, 5, 7, 2, 1.77, 2988, 205
52243, 0, 0, 23, 23, 1, 8.89%, 5, 7, 2, 1.81, 2995, 205
52250, 0, 0, 23, 23, 1, 8.89%, 5, 7, 2, 1.73, 3001, 205
52256, 0, 0, 23, 23, 1, 8.89%, 5, 7, 2, 1.98, 3006, 205
52261, 0, 0, 23, 23, 1, 8.89%, 5, 7, 2, 2.09, 3015, 205
52266, 0, 0, 23, 23, 1, 8.89%, 5, 7, 2, 2.03, 3023, 205
52272, 0, 0, 23, 23, 1, 8.89%, 5, 7, 2, 2.12, 3034, 205
52278, 0, 0, 23, 23, 1, 8.89%, 5, 7, 2, 0.47, 3043, 205
52284, 0, 0, 23, 23, 1, 8.89%, 5, 7, 2, 0.83, 3052, 205
52290, 0, 0, 23, 23, 1, 8.89%, 5, 7, 2, 4.47, 3062, 205
52295, 0, 0, 23, 23, 1, 8.89%, 5, 7, 2, 1.08, 3071, 205
52302, 0, 0, 23, 23, 1, 8.89%, 5, 7, 2, 1.30, 3080, 205
52308, 0, 0, 23, 23, 1, 8.89%, 5, 7, 2, 1.64, 3089, 205
52313, 0, 0, 23, 23, 1, 8.89%, 5, 7, 2, 2.09, 3099, 205
52318, 0, 0, 23, 23, 1, 8.89%, 5, 7, 2, 1.89, 3105, 205
52323, 0, 0, 23, 23, 1, 8.89%, 5, 7, 2, 1.75, 3111, 205
52329, 0, 0, 23, 23, 1, 8.89%, 5, 7, 2, 1.79, 3119, 205
52335, 0, 0, 23, 23, 1, 8.89%, 5, 7, 2, 1.81, 3128, 205
52340, 0, 0, 23, 23, 1, 8.89%, 5, 7, 2, 1.68, 3134, 205
52346, 0, 0, 23, 23, 1, 8.89%, 5, 7, 2, 1.72, 3142, 205
52351, 0, 0, 23, 23, 1, 8.89%, 5, 7, 2, 9.13, 3148, 205
52357, 0, 0, 23, 23, 1, 8.89%, 5, 7, 2, 0.67, 3154, 205
52364, 0, 0, 23, 23, 1, 8.89%, 5, 7, 2, 3.81, 3164, 205
52370, 0, 0, 23, 23, 1, 8.89%, 5, 7, 2, 0.54, 3172, 205
52377, 0, 0, 23, 23, 1, 8.89%, 5, 7, 2, 0.47, 3176, 205
52384, 0, 0, 23, 23, 1, 8.89%, 5, 7, 2, 0.56, 3180, 205
52389, 0, 0, 23, 23, 1, 8.89%, 5, 7, 2, 0.56, 3185, 205
52395, 0, 0, 23, 23, 1, 8.89%, 5, 7, 2, 0.40, 3190, 205
52400, 0, 0, 23, 23, 1, 8.89%, 5, 7, 2, 2.86, 3199, 205
52407, 0, 0, 23, 23, 1, 8.89%, 5, 7, 2, 0.61, 3206, 205
52413, 0, 0, 23, 23, 1, 8.89%, 5, 7, 2, 0.59, 3208, 205
52419, 0, 0, 23, 23, 1, 8.89%, 5, 7, 2, 1.03, 3218, 205
52424, 0, 0, 23, 23, 1, 8.89%, 5, 7, 2, 0.99, 3222, 205
52430, 0, 0, 23, 23, 1, 8.89%, 5, 7, 2, 1.01, 3226, 205
52436, 0, 0, 23, 23, 1, 8.89%, 5, 7, 2, 0.93, 3230, 205
52441, 0, 0, 23, 23, 1, 8.89%, 5, 7, 2, 1.14, 3236, 205
52447, 0, 0, 23, 23, 1, 8.89%, 5, 7, 2, 1.15, 3243, 205
52453, 0, 0, 23, 23, 1, 8.89%, 5, 7, 2, 1.08, 3247, 205
52460, 0, 0, 23, 23, 1, 8.89%, 5, 7, 2, 0.38, 3252, 205
52467, 0, 0, 23, 23, 1, 8.89%, 5, 7, 2, 0.39, 3255, 205
52473, 0, 0, 23, 23, 1, 8.89%, 5, 7, 2, 3.00, 3261, 205
52478, 0, 0, 23, 23, 1, 8.89%, 5, 7, 2, 2.67, 3267, 205
57692, 0, 0, 24, 24, 1, 9.15%, 5, 7, 2, 0.00, 3281, 211
57697, 0, 0, 24, 24, 1, 9.15%, 5, 7, 2, 0.81, 3286, 211
57703, 0, 0, 24, 24, 1, 9.15%, 5, 7, 2, 0.50, 3293, 211
57710, 0, 0, 24, 24, 1, 9.15%, 5, 7, 2, 0.57, 3298, 211
57716, 0, 0, 24, 24, 1, 9.15%, 5, 7, 2, 0.61, 3303, 211
59473, 0, 0, 25, 25, 1, 9.24%, 5, 7, 2, 0.00, 3314, 213
59483, 0, 0, 25, 25, 1, 9.24%, 5, 7, 2, 0.17, 3319, 213
59489, 0, 0, 25, 25, 1, 9.24%, 5, 7, 2, 0.22, 3322, 213
59500, 0, 0, 25, 25, 1, 9.24%, 5, 7, 2, 0.16, 3327, 213
59510, 0, 0, 25, 25, 1, 9.24%, 5, 7, 2, 0.34, 3333, 213
59516, 0, 0, 25, 25, 1, 9.24%, 5, 7, 2, 0.94, 3337, 213
59526, 0, 0, 25, 25, 1, 9.24%, 5, 7, 2, 0.89, 3339, 213
59539, 0, 0, 25, 25, 1, 9.24%, 5, 7, 2, 0.09, 3340, 213
59549, 0, 0, 25, 25, 1, 9.24%, 5, 7, 2, 0.09, 3341, 213
59560, 0, 0, 25, 25, 1, 9.24%, 5, 7, 2, 0.09, 3342, 213
59565, 0, 0, 25, 25, 1, 9.24%, 5, 7, 2, 1.71, 3347, 213
59570, 0, 0, 25, 25, 1, 9.24%, 5, 7, 2, 1.36, 3359, 213
59576, 0, 0, 25, 25, 1, 9.24%, 5, 7, 2, 1.37, 3366, 213
59582, 0, 0, 25, 25, 1, 9.24%, 5, 7, 2, 1.54, 3375, 213
59587, 0, 0, 25, 25, 1, 9.24%, 5, 7, 2, 1.50, 3382, 213
59592, 0, 0, 25, 25, 1, 9.24%, 5, 7, 2, 1.53, 3391, 213
59599, 0, 0, 25, 25, 1, 9.24%, 5, 7, 2, 1.38, 3397, 213
59609, 0, 0, 25, 25, 1, 9.24%, 5, 7, 2, 0.20, 3399, 213
59619, 0, 0, 25, 25, 1, 9.24%, 5, 7, 2, 0.19, 3400, 213
59630, 0, 0, 25, 25, 1, 9.24%, 5, 7, 2, 0.19, 3401, 213
59643, 0, 0, 25, 25, 1, 9.24%, 6, 7, 2, 0.19, 3403, 213
59648, 0, 0, 25, 25, 1, 9.24%, 6, 7, 2, 0.99, 3412, 213
59654, 0, 0, 25, 25, 1, 9.24%, 6, 7, 2, 1.57, 3423, 213
59663, 0, 0, 25, 25, 1, 9.24%, 6, 7, 2, 0.18, 3432, 213
59669, 0, 0, 25, 25, 1, 9.24%, 6, 7, 2, 1.26, 3441, 213
59674, 0, 0, 25, 25, 1, 9.24%, 6, 7, 2, 1.25, 3448, 213
59680, 0, 0, 25, 25, 1, 9.24%, 6, 7, 2, 0.89, 3456, 213
59686, 0, 0, 25, 25, 1, 9.24%, 6, 7, 2, 1.07, 3466, 213
59692, 0, 0, 25, 25, 1, 9.24%, 6, 7, 2, 1.24, 3477, 213
59698, 0, 0, 25, 25, 1, 9.24%, 6, 7, 2, 1.50, 3486, 213
60225, 0, 0, 26, 26, 1, 9.24%, 6, 7, 2, 0.02, 3503, 213
60230, 0, 0, 26, 26, 1, 9.24%, 6, 7, 2, 1.79, 3512, 213
64315, 0, 0, 27, 27, 1, 9.28%, 6, 7, 2, 0.00, 3527, 214
64320, 0, 0, 27, 27, 1, 9.28%, 6, 7, 2, 1.27, 3533, 214
64325, 0, 0, 27, 27, 1, 9.28%, 6, 7, 2, 1.23, 3539, 214
64331, 0, 0, 27, 27, 1, 9.28%, 6, 7, 2, 1.24, 3544, 214
64338, 0, 0, 27, 27, 1, 9.28%, 6, 7, 2, 1.22, 3551, 214
64344, 0, 0, 27, 27, 1, 9.28%, 6, 7, 2, 1.34, 3554, 214
64351, 0, 0, 27, 27, 1, 9.28%, 6, 7, 2, 0.14, 3556, 214
64357, 0, 0, 27, 27, 1, 9.28%, 6, 7, 2, 0.17, 3558, 214
64363, 0, 0, 27, 27, 1, 9.28%, 6, 7, 2, 0.22, 3561, 214
64370, 0, 0, 27, 27, 1, 9.28%, 6, 7, 2, 0.26, 3564, 214
64375, 0, 0, 27, 27, 1, 9.28%, 6, 7, 2, 3.94, 3569, 214
64380, 0, 0, 27, 27, 1, 9.28%, 6, 7, 2, 3.23, 3578, 214
64386, 0, 0, 27, 27, 1, 9.28%, 7, 7, 2, 2.95, 3592, 214
64391, 0, 0, 27, 27, 1, 9.28%, 7, 7, 2, 2.95, 3601, 214
64397, 0, 0, 27, 27, 1, 9.28%, 7, 7, 2, 3.06, 3611, 214
64402, 0, 0, 27, 27, 1, 9.28%, 7, 7, 2, 2.66, 3620, 214
64407, 0, 0, 27, 27, 1, 9.28%, 7, 7, 2, 2.30, 3627, 214
64415, 0, 0, 27, 27, 1, 9.28%, 7, 7, 2, 0.22, 3631, 214
64423, 0, 0, 27, 27, 1, 9.28%, 7, 7, 2, 1.60, 3634, 214
64434, 0, 0, 27, 27, 1, 9.28%, 7, 7, 2, 0.10, 3637, 214
64445, 0, 0, 27, 27, 1, 9.28%, 7, 7, 2, 0.14, 3642, 214
64458, 0, 0, 27, 27, 1, 9.28%, 7, 7, 2, 0.17, 3647, 214
64470, 0, 0, 27, 27, 1, 9.28%, 7, 7, 2, 0.16, 3648, 214
64481, 0, 0, 27, 27, 1, 9.28%, 7, 7, 2, 0.16, 3649, 214
64492, 0, 0, 27, 27, 1, 9.28%, 7, 7, 2, 0.15, 3650, 214
64507, 0, 0, 27, 27, 1, 9.28%, 7, 7, 2, 0.15, 3651, 214
64518, 0, 0, 27, 27, 1, 9.28%, 7, 7, 2, 0.14, 3652, 214
64529, 0, 0, 27, 27, 1, 9.28%, 7, 7, 2, 0.14, 3653, 214
64540, 0, 0, 27, 27, 1, 9.28%, 7, 7, 2, 0.14, 3654, 214
64552, 0, 0, 27, 27, 1, 9.28%, 7, 7, 2, 0.14, 3655, 214
64558, 0, 0, 27, 27, 1, 9.28%, 7, 7, 2, 0.14, 3656, 214
64573, 0, 0, 27, 27, 1, 9.28%, 7, 7, 2, 0.13, 3657, 214
64585, 0, 0, 27, 27, 1, 9.28%, 7, 7, 2, 0.13, 3658, 214
64596, 0, 0, 27, 27, 1, 9.28%, 7, 7, 2, 0.13, 3659, 214
64607, 0, 0, 27, 27, 1, 9.28%, 7, 7, 2, 0.12, 3660, 214
64618, 0, 0, 27, 27, 1, 9.28%, 7, 7, 2, 0.12, 3661, 214
64629, 0, 0, 27, 27, 1, 9.28%, 7, 7, 2, 0.12, 3662, 214
64643, 0, 0, 27, 27, 1, 9.28%, 7, 7, 2, 0.12, 3663, 214
64654, 0, 0, 27, 27, 1, 9.28%, 7, 7, 2, 0.12, 3664, 214
64665, 0, 0, 27, 27, 1, 9.28%, 7, 7, 2, 0.11, 3665, 214
64676, 0, 0, 27, 27, 1, 9.28%, 7, 7, 2, 0.11, 3666, 214
64688, 0, 0, 27, 27, 1, 9.28%, 7, 7, 2, 0.11, 3667, 214
64705, 0, 0, 27, 27, 1, 9.28%, 7, 7, 2, 0.12, 3669, 214
64717, 0, 0, 27, 27, 1, 9.28%, 7, 7, 2, 0.11, 3670, 214
64728, 0, 0, 27, 27, 1, 9.28%, 7, 7, 2, 0.11, 3671, 214
64743, 0, 0, 27, 27, 1, 9.28%, 7, 7, 2, 0.12, 3673, 214
64758, 0, 0, 27, 27, 1, 9.28%, 7, 7, 2, 0.12, 3675, 214
64773, 0, 0, 27, 27, 1, 9.28%, 7, 7, 2, 0.12, 3676, 214
64784, 0, 0, 27, 27, 1, 9.28%, 7, 7, 2, 0.12, 3677, 214
64796, 0, 0, 27, 27, 1, 9.28%, 7, 7, 2, 0.11, 3678, 214
64807, 0, 0, 27, 27, 1, 9.28%, 7, 7, 2, 0.11, 3679, 214
64818, 0, 0, 27, 27, 1, 9.28%, 7, 7, 2, 0.11, 3680, 214
64829, 0, 0, 27, 27, 1, 9.28%, 7, 7, 2, 0.11, 3681, 214
64843, 0, 0, 27, 27, 1, 9.28%, 7, 7, 2, 0.11, 3682, 214
64855, 0, 0, 27, 27, 1, 9.28%, 7, 7, 2, 0.11, 3683, 214
64865, 0, 0, 27, 27, 1, 9.28%, 7, 7, 2, 0.11, 3684, 214
64876, 0, 0, 27, 27, 1, 9.28%, 7, 7, 2, 0.10, 3685, 214
64887, 0, 0, 27, 27, 1, 9.28%, 7, 7, 2, 0.10, 3686, 214
64897, 0, 0, 27, 27, 1, 9.28%, 7, 7, 2, 0.10, 3687, 214
64911, 0, 0, 27, 27, 1, 9.28%, 7, 7, 2, 0.10, 3688, 214
64922, 0, 0, 27, 27, 1, 9.28%, 7, 7, 2, 0.10, 3689, 214
64933, 0, 0, 27, 27, 1, 9.28%, 7, 7, 2, 0.10, 3690, 214
64944, 0, 0, 27, 27, 1, 9.28%, 7, 7, 2, 0.10, 3691, 214
64955, 0, 0, 27, 27, 1, 9.28%, 7, 7, 2, 0.10, 3692, 214
64971, 0, 0, 27, 27, 1, 9.28%, 7, 7, 2, 0.11, 3694, 214
64982, 0, 0, 27, 27, 1, 9.28%, 7, 7, 2, 0.11, 3695, 214
64993, 0, 0, 27, 27, 1, 9.28%, 7, 7, 2, 0.11, 3696, 214
65004, 0, 0, 27, 27, 1, 9.28%, 7, 7, 2, 0.10, 3697, 214
65016, 0, 0, 27, 27, 1, 9.28%, 7, 8, 2, 0.10, 3698, 214
65027, 0, 0, 27, 27, 1, 9.28%, 7, 8, 2, 0.10, 3699, 214
65041, 0, 0, 27, 27, 1, 9.28%, 7, 8, 2, 0.10, 3700, 214
65052, 0, 0, 27, 27, 1, 9.28%, 7, 8, 2, 0.10, 3701, 214
65062, 0, 0, 27, 27, 1, 9.28%, 7, 8, 2, 0.10, 3702, 214
65073, 0, 0, 27, 27, 1, 9.28%, 7, 8, 2, 0.10, 3703, 214
65084, 0, 0, 27, 27, 1, 9.28%, 7, 8, 2, 0.10, 3704, 214
65095, 0, 0, 27, 27, 1, 9.28%, 7, 8, 2, 0.10, 3705, 214
65109, 0, 0, 27, 27, 1, 9.28%, 7, 8, 2, 0.10, 3706, 214
65120, 0, 0, 27, 27, 1, 9.28%, 7, 8, 2, 0.10, 3707, 214
65131, 0, 0, 27, 27, 1, 9.28%, 7, 8, 2, 0.10, 3708, 214
65142, 0, 0, 27, 27, 1, 9.28%, 7, 8, 2, 0.10, 3709, 214
65153, 0, 0, 27, 27, 1, 9.28%, 7, 8, 2, 0.10, 3710, 214
65164, 0, 0, 27, 27, 1, 9.28%, 7, 8, 2, 0.09, 3711, 214
65177, 0, 0, 27, 27, 1, 9.28%, 7, 8, 2, 0.09, 3712, 214
65188, 0, 0, 27, 27, 1, 9.28%, 7, 8, 2, 0.09, 3713, 214
65199, 0, 0, 27, 27, 1, 9.28%, 7, 8, 2, 0.09, 3714, 214
65210, 0, 0, 27, 27, 1, 9.28%, 7, 8, 2, 0.09, 3715, 214
65221, 0, 0, 27, 27, 1, 9.28%, 7, 8, 2, 0.09, 3716, 214
65233, 0, 0, 27, 27, 1, 9.28%, 7, 8, 2, 0.09, 3717, 214
65247, 0, 0, 27, 27, 1, 9.28%, 7, 8, 2, 0.09, 3718, 214
65257, 0, 0, 27, 27, 1, 9.28%, 7, 8, 2, 0.09, 3719, 214
65267, 0, 0, 27, 27, 1, 9.28%, 7, 8, 2, 0.09, 3720, 214
65278, 0, 0, 27, 27, 1, 9.28%, 7, 8, 2, 0.09, 3721, 214
65289, 0, 0, 27, 27, 1, 9.28%, 7, 8, 2, 0.09, 3722, 214
65294, 0, 0, 27, 27, 1, 9.28%, 7, 8, 2, 0.10, 3723, 214
65308, 0, 0, 27, 27, 1, 9.28%, 7, 8, 2, 0.10, 3724, 214
65319, 0, 0, 27, 27, 1, 9.28%, 7, 8, 2, 0.10, 3725, 214
65330, 0, 0, 27, 27, 1, 9.28%, 7, 8, 2, 0.10, 3726, 214
65341, 0, 0, 27, 27, 1, 9.28%, 7, 8, 2, 0.10, 3727, 214
65352, 0, 0, 27, 27, 1, 9.28%, 7, 8, 2, 0.09, 3728, 214
65363, 0, 0, 27, 27, 1, 9.28%, 7, 8, 2, 0.09, 3729, 214
65377, 0, 0, 27, 27, 1, 9.28%, 7, 8, 2, 0.09, 3730, 214
65388, 0, 0, 27, 27, 1, 9.28%, 7, 8, 2, 0.09, 3731, 214
65400, 0, 0, 27, 27, 1, 9.28%, 7, 8, 2, 0.09, 3732, 214
65411, 0, 0, 27, 27, 1, 9.28%, 7, 8, 2, 0.09, 3733, 214
65422, 0, 0, 27, 27, 1, 9.28%, 7, 8, 2, 0.09, 3734, 214
65433, 0, 0, 27, 27, 1, 9.28%, 7, 8, 2, 0.09, 3735, 214
65446, 0, 0, 27, 27, 1, 9.28%, 7, 8, 2, 0.09, 3736, 214
65457, 0, 0, 27, 27, 1, 9.28%, 7, 8, 2, 0.09, 3737, 214
65468, 0, 0, 27, 27, 1, 9.28%, 7, 8, 2, 0.09, 3738, 214
65478, 0, 0, 27, 27, 1, 9.28%, 7, 8, 2, 0.09, 3739, 214
65489, 0, 0, 27, 27, 1, 9.28%, 7, 8, 2, 0.09, 3740, 214
65500, 0, 0, 27, 27, 1, 9.28%, 7, 8, 2, 0.09, 3741, 214
65513, 0, 0, 27, 27, 1, 9.28%, 7, 8, 2, 0.09, 3742, 214
65524, 0, 0, 27, 27, 1, 9.28%, 7, 8, 2, 0.09, 3743, 214
65535, 0, 0, 27, 27, 1, 9.28%, 7, 8, 2, 0.09, 3744, 214
65546, 0, 0, 27, 27, 1, 9.28%, 7, 8, 2, 0.09, 3745, 214
65556, 0, 0, 27, 27, 1, 9.28%, 7, 8, 2, 0.09, 3746, 214
65567, 0, 0, 27, 27, 1, 9.28%, 7, 8, 2, 0.09, 3747, 214
65580, 0, 0, 27, 27, 1, 9.28%, 7, 8, 2, 0.09, 3748, 214
65590, 0, 0, 27, 27, 1, 9.28%, 7, 8, 2, 0.09, 3749, 214
65602, 0, 0, 27, 27, 1, 9.28%, 7, 8, 2, 0.09, 3750, 214
65610, 0, 0, 27, 27, 1, 9.28%, 7, 8, 2, 0.11, 3752, 214
65622, 0, 0, 27, 27, 1, 9.28%, 7, 8, 2, 0.11, 3753, 214
65633, 0, 0, 27, 27, 1, 9.28%, 7, 8, 2, 0.11, 3754, 214
65648, 0, 0, 27, 27, 1, 9.28%, 7, 8, 2, 0.10, 3755, 214
65659, 0, 0, 27, 27, 1, 9.28%, 7, 8, 2, 0.10, 3756, 214
65671, 0, 0, 27, 27, 1, 9.28%, 7, 8, 2, 0.10, 3757, 214
65682, 0, 0, 27, 27, 1, 9.28%, 7, 8, 2, 0.10, 3758, 214
65693, 0, 0, 27, 27, 1, 9.28%, 7, 8, 2, 0.10, 3759, 214
65712, 0, 0, 27, 27, 1, 9.28%, 7, 8, 2, 0.11, 3761, 214
65723, 0, 0, 27, 27, 1, 9.28%, 7, 8, 2, 0.10, 3762, 214
65734, 0, 0, 27, 27, 1, 9.28%, 7, 8, 2, 0.10, 3763, 214
65745, 0, 0, 27, 27, 1, 9.28%, 7, 8, 2, 0.10, 3764, 214
65756, 0, 0, 27, 27, 1, 9.28%, 7, 8, 2, 0.10, 3765, 214
65767, 0, 0, 27, 27, 1, 9.28%, 7, 8, 2, 0.10, 3766, 214
65780, 0, 0, 27, 27, 1, 9.28%, 7, 8, 2, 0.10, 3767, 214
65791, 0, 0, 27, 27, 1, 9.28%, 7, 8, 2, 0.10, 3768, 214
65802, 0, 0, 27, 27, 1, 9.28%, 7, 8, 2, 0.10, 3769, 214
65813, 0, 0, 27, 27, 1, 9.28%, 7, 8, 2, 0.10, 3770, 214
65824, 0, 0, 27, 27, 1, 9.28%, 7, 8, 2, 0.10, 3771, 214
65835, 0, 0, 27, 27, 1, 9.28%, 7, 8, 2, 0.10, 3772, 214
65849, 0, 0, 27, 27, 1, 9.28%, 7, 8, 2, 0.10, 3773, 214
65860, 0, 0, 27, 27, 1, 9.28%, 7, 8, 2, 0.10, 3774, 214
65871, 0, 0, 27, 27, 1, 9.28%, 7, 8, 2, 0.09, 3775, 214
65882, 0, 0, 27, 27, 1, 9.28%, 7, 8, 2, 0.09, 3776, 214
65894, 0, 0, 27, 27, 1, 9.28%, 7, 8, 2, 0.09, 3777, 214
65905, 0, 0, 27, 27, 1, 9.28%, 7, 8, 2, 0.09, 3778, 214
65919, 0, 0, 27, 27, 1, 9.28%, 7, 8, 2, 0.09, 3779, 214
65930, 0, 0, 27, 27, 1, 9.28%, 7, 8, 2, 0.09, 3780, 214
65942, 0, 0, 27, 27, 1, 9.28%, 7, 8, 2, 0.09, 3781, 214
65953, 0, 0, 27, 27, 1, 9.28%, 7, 8, 2, 0.09, 3782, 214
65964, 0, 0, 27, 27, 1, 9.28%, 7, 8, 2, 0.09, 3783, 214
65980, 0, 0, 27, 27, 1, 9.28%, 7, 8, 2, 0.10, 3785, 214
65992, 0, 0, 27, 27, 1, 9.28%, 7, 8, 2, 0.10, 3786, 214
66003, 0, 0, 27, 27, 1, 9.28%, 7, 8, 2, 0.10, 3787, 214
66014, 0, 0, 27, 27, 1, 9.28%, 7, 8, 2, 0.10, 3788, 214
66025, 0, 0, 27, 27, 1, 9.28%, 7, 8, 2, 0.10, 3789, 214
66036, 0, 0, 27, 27, 1, 9.28%, 7, 8, 2, 0.10, 3790, 214
66049, 0, 0, 27, 27, 1, 9.28%, 7, 8, 2, 0.10, 3791, 214
66060, 0, 0, 27, 27, 1, 9.28%, 7, 8, 2, 0.10, 3792, 214
66071, 0, 0, 27, 27, 1, 9.28%, 7, 8, 2, 0.10, 3793, 214
66082, 0, 0, 27, 27, 1, 9.28%, 7, 8, 2, 0.10, 3794, 214
66094, 0, 0, 27, 27, 1, 9.28%, 7, 8, 2, 0.10, 3795, 214
66105, 0, 0, 27, 27, 1, 9.28%, 7, 8, 2, 0.10, 3796, 214
66118, 0, 0, 27, 27, 1, 9.28%, 7, 8, 2, 0.10, 3797, 214
66129, 0, 0, 27, 27, 1, 9.28%, 7, 8, 2, 0.09, 3798, 214
66140, 0, 0, 27, 27, 1, 9.28%, 7, 8, 2, 0.09, 3799, 214
66151, 0, 0, 27, 27, 1, 9.28%, 7, 8, 2, 0.09, 3800, 214
66162, 0, 0, 27, 27, 1, 9.28%, 7, 8, 2, 0.09, 3801, 214
66173, 0, 0, 27, 27, 1, 9.28%, 7, 8, 2, 0.09, 3802, 214
66188, 0, 0, 27, 27, 1, 9.28%, 7, 8, 2, 0.09, 3803, 214
66198, 0, 0, 27, 27, 1, 9.28%, 7, 8, 2, 0.09, 3804, 214
66210, 0, 0, 27, 27, 1, 9.28%, 7, 8, 2, 0.09, 3805, 214
66221, 0, 0, 27, 27, 1, 9.28%, 7, 8, 2, 0.09, 3806, 214
66232, 0, 0, 27, 27, 1, 9.28%, 7, 8, 2, 0.09, 3807, 214
66243, 0, 0, 27, 27, 1, 9.28%, 7, 8, 2, 0.09, 3808, 214
66256, 0, 0, 27, 27, 1, 9.28%, 7, 8, 2, 0.09, 3809, 214
66266, 0, 0, 27, 27, 1, 9.28%, 7, 8, 2, 0.09, 3810, 214
66277, 0, 0, 27, 27, 1, 9.28%, 7, 8, 2, 0.09, 3811, 214
66288, 0, 0, 27, 27, 1, 9.28%, 7, 8, 2, 0.09, 3812, 214
66299, 0, 0, 27, 27, 1, 9.28%, 7, 8, 2, 0.09, 3813, 214
66310, 0, 0, 27, 27, 1, 9.28%, 7, 8, 2, 0.09, 3814, 214
66324, 0, 0, 27, 27, 1, 9.28%, 7, 8, 2, 0.09, 3815, 214
66335, 0, 0, 27, 27, 1, 9.28%, 7, 8, 2, 0.09, 3816, 214
66346, 0, 0, 27, 27, 1, 9.28%, 7, 8, 2, 0.09, 3817, 214
66357, 0, 0, 27, 27, 1, 9.28%, 7, 8, 2, 0.09, 3818, 214
66368, 0, 0, 27, 27, 1, 9.28%, 7, 8, 2, 0.09, 3819, 214
66376, 0, 0, 27, 27, 1, 9.28%, 7, 8, 2, 0.11, 3821, 214
66389, 0, 0, 27, 27, 1, 9.28%, 7, 8, 2, 0.11, 3822, 214
66400, 0, 0, 27, 27, 1, 9.28%, 7, 8, 2, 0.11, 3823, 214
66411, 0, 0, 27, 27, 1, 9.28%, 7, 8, 2, 0.11, 3824, 214
66422, 0, 0, 27, 27, 1, 9.28%, 7, 8, 2, 0.11, 3825, 214
66434, 0, 0, 27, 27, 1, 9.28%, 7, 8, 2, 0.11, 3826, 214
66451, 0, 0, 27, 27, 1, 9.28%, 7, 8, 2, 0.12, 3828, 214
66462, 0, 0, 27, 27, 1, 9.28%, 7, 8, 2, 0.11, 3829, 214
66473, 0, 0, 27, 27, 1, 9.28%, 7, 8, 2, 0.11, 3830, 214
66484, 0, 0, 27, 27, 1, 9.28%, 7, 8, 2, 0.11, 3831, 214
66495, 0, 0, 27, 27, 1, 9.28%, 7, 8, 2, 0.11, 3832, 214
66506, 0, 0, 27, 27, 1, 9.28%, 7, 8, 2, 0.11, 3833, 214
66519, 0, 0, 27, 27, 1, 9.28%, 7, 8, 2, 0.11, 3834, 214
66530, 0, 0, 27, 27, 1, 9.28%, 7, 8, 2, 0.10, 3835, 214
66541, 0, 0, 27, 27, 1, 9.28%, 7, 8, 2, 0.10, 3836, 214
66552, 0, 0, 27, 27, 1, 9.28%, 7, 8, 2, 0.10, 3837, 214
66566, 0, 0, 27, 27, 1, 9.28%, 7, 8, 2, 0.11, 3839, 214
66580, 0, 0, 27, 27, 1, 9.28%, 7, 8, 2, 0.11, 3840, 214
66591, 0, 0, 27, 27, 1, 9.28%, 7, 8, 2, 0.11, 3841, 214
66602, 0, 0, 27, 27, 1, 9.28%, 7, 8, 2, 0.11, 3842, 214
66613, 0, 0, 27, 27, 1, 9.28%, 7, 8, 2, 0.11, 3843, 214
66624, 0, 0, 27, 27, 1, 9.28%, 7, 8, 2, 0.11, 3844, 214
66635, 0, 0, 27, 27, 1, 9.28%, 7, 8, 2, 0.10, 3845, 214
66649, 0, 0, 27, 27, 1, 9.28%, 7, 8, 2, 0.10, 3846, 214
66660, 0, 0, 27, 27, 1, 9.28%, 7, 8, 2, 0.10, 3847, 214
66671, 0, 0, 27, 27, 1, 9.28%, 7, 8, 2, 0.10, 3848, 214
66682, 0, 0, 27, 27, 1, 9.28%, 7, 8, 2, 0.10, 3849, 214
66693, 0, 0, 27, 27, 1, 9.28%, 7, 8, 2, 0.10, 3850, 214
66705, 0, 0, 27, 27, 1, 9.28%, 7, 8, 2, 0.10, 3851, 214
66719, 0, 0, 27, 27, 1, 9.28%, 7, 8, 2, 0.10, 3852, 214
66730, 0, 0, 27, 27, 1, 9.28%, 7, 8, 2, 0.10, 3853, 214
66736, 0, 0, 27, 27, 1, 9.28%, 7, 8, 2, 0.10, 3854, 214
66751, 0, 0, 27, 27, 1, 9.28%, 7, 8, 2, 0.11, 3856, 214
66762, 0, 0, 27, 27, 1, 9.28%, 7, 8, 2, 0.11, 3857, 214
66773, 0, 0, 27, 27, 1, 9.28%, 7, 8, 2, 0.10, 3858, 214
66787, 0, 0, 27, 27, 1, 9.28%, 7, 8, 2, 0.10, 3859, 214
66798, 0, 0, 27, 27, 1, 9.28%, 7, 8, 2, 0.10, 3860, 214
66805, 0, 0, 27, 27, 1, 9.28%, 7, 8, 2, 0.10, 3861, 214
66816, 0, 0, 27, 27, 1, 9.28%, 7, 8, 2, 0.10, 3862, 214
66827, 0, 0, 27, 27, 1, 9.28%, 7, 8, 2, 0.10, 3863, 214
66838, 0, 0, 27, 27, 1, 9.28%, 7, 8, 2, 0.10, 3864, 214
66853, 0, 0, 27, 27, 1, 9.28%, 7, 8, 2, 0.10, 3865, 214
66863, 0, 0, 27, 27, 1, 9.28%, 7, 8, 2, 0.10, 3866, 214
66874, 0, 0, 27, 27, 1, 9.28%, 7, 8, 2, 0.10, 3867, 214
66884, 0, 0, 27, 27, 1, 9.28%, 7, 8, 2, 0.10, 3868, 214
66895, 0, 0, 27, 27, 1, 9.28%, 7, 8, 2, 0.10, 3869, 214
66906, 0, 0, 27, 27, 1, 9.28%, 7, 8, 2, 0.10, 3870, 214
66921, 0, 0, 27, 27, 1, 9.28%, 7, 8, 2, 0.10, 3871, 214
66933, 0, 0, 27, 27, 1, 9.28%, 7, 8, 2, 0.10, 3872, 214
66944, 0, 0, 27, 27, 1, 9.28%, 7, 8, 2, 0.09, 3873, 214
66955, 0, 0, 27, 27, 1, 9.28%, 7, 8, 2, 0.09, 3874, 214
66966, 0, 0, 27, 27, 1, 9.28%, 7, 8, 2, 0.09, 3875, 214
66978, 0, 0, 27, 27, 1, 9.28%, 7, 8, 2, 0.09, 3876, 214
66995, 0, 0, 27, 27, 1, 9.28%, 7, 8, 2, 0.10, 3878, 214
67006, 0, 0, 27, 27, 1, 9.28%, 7, 8, 2, 0.10, 3879, 214
67017, 0, 0, 27, 27, 1, 9.28%, 7, 8, 2, 0.10, 3880, 214
67028, 0, 0, 27, 27, 1, 9.28%, 7, 8, 2, 0.10, 3881, 214
67039, 0, 0, 27, 27, 1, 9.28%, 7, 8, 2, 0.10, 3882, 214
67054, 0, 0, 27, 27, 1, 9.28%, 7, 8, 2, 0.10, 3883, 214
67065, 0, 0, 27, 27, 1, 9.28%, 7, 8, 2, 0.10, 3884, 214
67077, 0, 0, 27, 27, 1, 9.28%, 7, 8, 2, 0.10, 3885, 214
67088, 0, 0, 27, 27, 1, 9.28%, 7, 8, 2, 0.10, 3886, 214
67100, 0, 0, 27, 27, 1, 9.28%, 7, 8, 2, 0.09, 3887, 214
67115, 0, 0, 27, 27, 1, 9.28%, 7, 8, 2, 0.09, 3888, 214
67126, 0, 0, 27, 27, 1, 9.28%, 7, 8, 2, 0.09, 3889, 214
67137, 0, 0, 27, 27, 1, 9.28%, 7, 8, 2, 0.09, 3890, 214
67148, 0, 0, 27, 27, 1, 9.28%, 7, 8, 2, 0.09, 3891, 214
67163, 0, 0, 27, 27, 1, 9.28%, 7, 8, 2, 0.10, 3893, 214
67177, 0, 0, 27, 27, 1, 9.28%, 7, 8, 2, 0.10, 3894, 214
67188, 0, 0, 27, 27, 1, 9.28%, 7, 8, 2, 0.10, 3895, 214
67199, 0, 0, 27, 27, 1, 9.28%, 7, 8, 2, 0.10, 3896, 214
67207, 0, 0, 27, 27, 1, 9.28%, 7, 8, 2, 0.10, 3897, 214
83490, 0, 0, 28, 28, 1, 9.28%, 7, 8, 2, 0.00, 3915, 214
83504, 0, 0, 28, 28, 1, 9.28%, 7, 8, 2, 0.10, 3922, 214
83517, 0, 0, 28, 28, 1, 9.28%, 7, 8, 2, 0.10, 3923, 214
83528, 0, 0, 28, 28, 1, 9.28%, 7, 8, 2, 0.10, 3924, 214
83541, 0, 0, 28, 28, 1, 9.28%, 7, 8, 2, 0.10, 3925, 214
83558, 0, 0, 28, 28, 1, 9.28%, 7, 8, 2, 0.10, 3926, 214
83572, 0, 0, 28, 28, 1, 9.28%, 7, 9, 2, 0.09, 3927, 214
83582, 0, 0, 28, 28, 1, 9.28%, 7, 9, 2, 0.09, 3928, 214
83594, 0, 0, 28, 28, 1, 9.28%, 7, 9, 2, 0.09, 3929, 214
83607, 0, 0, 28, 28, 1, 9.28%, 7, 9, 2, 0.09, 3930, 214
83626, 0, 0, 28, 28, 1, 9.28%, 7, 9, 2, 0.09, 3931, 214
83639, 0, 0, 28, 28, 1, 9.28%, 7, 9, 2, 0.09, 3932, 214
83651, 0, 0, 28, 28, 1, 9.28%, 7, 9, 2, 0.09, 3933, 214
83661, 0, 0, 28, 28, 1, 9.28%, 7, 9, 2, 0.09, 3934, 214
83674, 0, 0, 28, 28, 1, 9.28%, 7, 9, 2, 0.09, 3935, 214
83693, 0, 0, 28, 28, 1, 9.28%, 7, 9, 2, 0.09, 3936, 214
83705, 0, 0, 28, 28, 1, 9.28%, 7, 9, 2, 0.09, 3937, 214
83718, 0, 0, 28, 28, 1, 9.28%, 7, 10, 2, 0.08, 3938, 214
83732, 0, 0, 28, 28, 1, 9.28%, 7, 11, 2, 0.08, 3939, 214
83744, 0, 0, 28, 28, 1, 9.28%, 7, 11, 2, 0.08, 3940, 214
83762, 0, 0, 28, 28, 1, 9.28%, 7, 11, 2, 0.08, 3941, 214
83774, 0, 0, 28, 28, 1, 9.28%, 7, 11, 2, 0.08, 3942, 214
83786, 0, 0, 28, 28, 1, 9.28%, 7, 11, 2, 0.08, 3943, 214
83798, 0, 0, 28, 28, 1, 9.28%, 7, 11, 2, 0.08, 3944, 214
83810, 0, 0, 28, 28, 1, 9.28%, 7, 11, 2, 0.08, 3945, 214
83827, 0, 0, 28, 28, 1, 9.28%, 7, 11, 2, 0.08, 3946, 214
83838, 0, 0, 28, 28, 1, 9.28%, 7, 11, 2, 0.08, 3947, 214
83850, 0, 0, 28, 28, 1, 9.28%, 7, 11, 2, 0.08, 3948, 214
83862, 0, 0, 28, 28, 1, 9.28%, 7, 11, 2, 0.08, 3949, 214
83874, 0, 0, 28, 28, 1, 9.28%, 7, 11, 2, 0.08, 3950, 214
83891, 0, 0, 28, 28, 1, 9.28%, 7, 11, 2, 0.08, 3951, 214
83903, 0, 0, 28, 28, 1, 9.28%, 7, 11, 2, 0.08, 3952, 214
83915, 0, 0, 28, 28, 1, 9.28%, 7, 11, 2, 0.08, 3953, 214
83926, 0, 0, 28, 28, 1, 9.28%, 7, 11, 2, 0.08, 3954, 214
83939, 0, 0, 28, 28, 1, 9.28%, 7, 11, 2, 0.08, 3955, 214
83956, 0, 0, 28, 28, 1, 9.28%, 7, 11, 2, 0.08, 3956, 214
83963, 0, 0, 28, 28, 1, 9.28%, 7, 11, 2, 0.08, 3957, 214
83975, 0, 0, 28, 28, 1, 9.28%, 7, 11, 2, 0.08, 3958, 214
83987, 0, 0, 28, 28, 1, 9.28%, 7, 11, 2, 0.08, 3959, 214
83999, 0, 0, 28, 28, 1, 9.28%, 7, 11, 2, 0.08, 3960, 214
84017, 0, 0, 28, 28, 1, 9.28%, 7, 11, 2, 0.08, 3961, 214
84025, 0, 0, 28, 28, 1, 9.28%, 7, 11, 2, 0.08, 3962, 214
84037, 0, 0, 28, 28, 1, 9.28%, 7, 11, 2, 0.08, 3963, 214
84049, 0, 0, 28, 28, 1, 9.28%, 7, 11, 2, 0.08, 3964, 214
84061, 0, 0, 28, 28, 1, 9.28%, 7, 11, 2, 0.08, 3965, 214
84079, 0, 0, 28, 28, 1, 9.28%, 7, 11, 2, 0.08, 3966, 214
84091, 0, 0, 28, 28, 1, 9.28%, 7, 11, 2, 0.08, 3967, 214
84103, 0, 0, 28, 28, 1, 9.28%, 7, 11, 2, 0.08, 3968, 214
84115, 0, 0, 28, 28, 1, 9.28%, 7, 11, 2, 0.08, 3969, 214
84127, 0, 0, 28, 28, 1, 9.28%, 7, 11, 2, 0.08, 3970, 214
84147, 0, 0, 28, 28, 1, 9.28%, 7, 11, 2, 0.08, 3971, 214
84159, 0, 0, 28, 28, 1, 9.28%, 7, 11, 2, 0.08, 3972, 214
84172, 0, 0, 28, 28, 1, 9.28%, 7, 11, 2, 0.08, 3973, 214
84184, 0, 0, 28, 28, 1, 9.28%, 7, 11, 2, 0.08, 3974, 214
84197, 0, 0, 28, 28, 1, 9.28%, 7, 11, 2, 0.08, 3975, 214
84215, 0, 0, 28, 28, 1, 9.28%, 7, 11, 2, 0.08, 3976, 214
84226, 0, 0, 28, 28, 1, 9.28%, 7, 11, 2, 0.08, 3977, 214
84238, 0, 0, 28, 28, 1, 9.28%, 7, 11, 2, 0.08, 3978, 214
84249, 0, 0, 28, 28, 1, 9.28%, 7, 11, 2, 0.08, 3979, 214
84261, 0, 0, 28, 28, 1, 9.28%, 7, 11, 2, 0.08, 3980, 214
84275, 0, 0, 28, 28, 1, 9.28%, 7, 11, 2, 0.08, 3981, 214
84284, 0, 0, 28, 28, 1, 9.28%, 7, 11, 2, 0.08, 3982, 214
84290, 0, 0, 28, 28, 1, 9.28%, 7, 11, 2, 0.45, 3985, 214
84296, 0, 0, 28, 28, 1, 9.28%, 7, 11, 2, 2.08, 3997, 214
84301, 0, 0, 28, 28, 1, 9.28%, 7, 11, 2, 2.29, 4003, 214
84306, 0, 0, 28, 28, 1, 9.28%, 7, 11, 2, 2.37, 4009, 214
84313, 0, 0, 28, 28, 1, 9.28%, 7, 11, 2, 0.52, 4019, 214
84318, 0, 0, 28, 28, 1, 9.28%, 7, 11, 2, 0.43, 4024, 214
84323, 0, 0, 28, 28, 1, 9.28%, 7, 11, 2, 0.60, 4029, 214
84330, 0, 0, 28, 28, 1, 9.28%, 7, 11, 2, 0.26, 4032, 214
84335, 0, 0, 28, 28, 1, 9.28%, 7, 11, 2, 0.30, 4034, 214
84341, 0, 0, 28, 28, 1, 9.28%, 7, 11, 2, 0.62, 4040, 214
84346, 0, 0, 28, 28, 1, 9.28%, 7, 11, 2, 0.66, 4044, 214
84351, 0, 0, 28, 28, 1, 9.28%, 7, 11, 2, 0.78, 4050, 214
84357, 0, 0, 28, 28, 1, 9.28%, 7, 11, 2, 0.82, 4055, 214
84363, 0, 0, 28, 28, 1, 9.28%, 7, 11, 2, 1.13, 4063, 214
84370, 0, 0, 28, 28, 1, 9.28%, 7, 11, 2, 1.08, 4069, 214
84375, 0, 0, 28, 28, 1, 9.28%, 7, 11, 2, 1.23, 4073, 214
84380, 0, 0, 28, 28, 1, 9.28%, 7, 11, 2, 1.43, 4080, 214
84387, 0, 0, 28, 28, 1, 9.28%, 7, 11, 2, 0.42, 4086, 214
84392, 0, 0, 28, 28, 1, 9.28%, 7, 11, 2, 0.79, 4093, 214
84399, 0, 0, 28, 28, 1, 9.28%, 7, 11, 2, 0.88, 4102, 214
84405, 0, 0, 28, 28, 1, 9.28%, 7, 11, 2, 1.07, 4114, 214
84412, 0, 0, 28, 28, 1, 9.28%, 7, 11, 2, 1.06, 4120, 214
84418, 0, 0, 28, 28, 1, 9.28%, 7, 11, 2, 1.22, 4130, 214
84423, 0, 0, 28, 28, 1, 9.28%, 7, 11, 2, 1.59, 4140, 214
84428, 0, 0, 28, 28, 1, 9.28%, 7, 11, 2, 1.61, 4148, 214
84434, 0, 0, 28, 28, 1, 9.28%, 7, 11, 2, 1.56, 4153, 214
84439, 0, 0, 28, 28, 1, 9.28%, 7, 11, 2, 1.75, 4163, 214
84444, 0, 0, 28, 28, 1, 9.28%, 7, 11, 2, 1.72, 4169, 214
84450, 0, 0, 28, 28, 1, 9.28%, 7, 11, 2, 1.64, 4172, 214
84456, 0, 0, 28, 28, 1, 9.28%, 7, 11, 2, 0.26, 4175, 214
84462, 0, 0, 28, 28, 1, 9.28%, 7, 11, 2, 1.92, 4184, 214
84467, 0, 0, 28, 28, 1, 9.28%, 7, 11, 2, 1.74, 4189, 214
84481, 0, 0, 28, 28, 1, 9.28%, 7, 11, 2, 0.21, 4199, 214
84488, 0, 0, 28, 28, 1, 9.28%, 7, 11, 2, 0.23, 4201, 214
84493, 0, 0, 28, 28, 1, 9.28%, 7, 11, 2, 1.21, 4207, 214
84498, 0, 0, 28, 28, 1, 9.28%, 7, 11, 2, 1.48, 4216, 214
84504, 0, 0, 28, 28, 1, 9.28%, 7, 11, 2, 1.39, 4221, 214
84511, 0, 0, 28, 28, 1, 9.28%, 7, 11, 2, 0.66, 4229, 214
84517, 0, 0, 28, 28, 1, 9.28%, 7, 11, 2, 0.41, 4238, 214
84525, 0, 0, 28, 28, 1, 9.28%, 7, 11, 2, 0.44, 4246, 214
84530, 0, 0, 28, 28, 1, 9.28%, 7, 11, 2, 0.45, 4249, 214
84535, 0, 0, 28, 28, 1, 9.28%, 7, 11, 2, 3.80, 4255, 214
84541, 0, 0, 28, 28, 1, 9.28%, 7, 11, 2, 3.18, 4263, 214
