# relative_time, cycles_done, cur_item, corpus_count, pending_total, pending_favs, map_size, saved_crashes, saved_hangs, max_depth, execs_per_sec, total_execs, edges_found
61, 0, 0, 25, 25, 1, 36.02%, 0, 0, 2, 3.98, 215, 595
68, 0, 0, 28, 28, 1, 36.44%, 0, 0, 2, 3.93, 240, 602
76, 0, 0, 30, 30, 1, 36.44%, 0, 0, 2, 3.71, 257, 602
84, 0, 0, 34, 34, 1, 36.80%, 0, 0, 2, 2.45, 293, 608
90, 0, 0, 36, 36, 1, 36.80%, 0, 0, 2, 2.58, 314, 608
97, 0, 0, 38, 38, 1, 36.80%, 0, 0, 2, 2.59, 331, 608
102, 0, 0, 39, 39, 1, 36.80%, 0, 0, 2, 2.55, 342, 608
110, 0, 0, 41, 41, 1, 36.99%, 0, 0, 2, 2.54, 361, 611
116, 0, 0, 43, 43, 1, 36.99%, 0, 0, 2, 2.58, 378, 611
124, 0, 0, 46, 46, 1, 39.53%, 0, 0, 2, 2.75, 406, 653
131, 0, 0, 48, 48, 1, 39.83%, 0, 0, 2, 2.71, 423, 658
137, 0, 0, 50, 50, 1, 39.89%, 0, 0, 2, 2.71, 439, 659
144, 0, 0, 52, 52, 1, 39.89%, 0, 0, 2, 3.43, 470, 659
151, 0, 0, 54, 54, 1, 40.07%, 0, 0, 2, 3.32, 487, 662
156, 0, 0, 56, 56, 1, 40.07%, 0, 0, 2, 3.31, 504, 662
170, 0, 0, 58, 58, 1, 40.07%, 0, 0, 2, 0.59, 524, 662
178, 0, 0, 60, 60, 1, 40.13%, 0, 0, 2, 3.40, 545, 663
183, 0, 0, 61, 61, 1, 40.13%, 0, 0, 2, 3.29, 554, 663
189, 0, 0, 62, 62, 1, 40.13%, 0, 0, 2, 3.19, 563, 663
200, 0, 0, 64, 64, 1, 40.25%, 0, 0, 2, 2.99, 579, 665
205, 0, 0, 65, 65, 1, 40.25%, 0, 0, 2, 2.90, 587, 665
214, 0, 0, 67, 67, 1, 40.44%, 0, 0, 2, 2.85, 609, 668
222, 0, 0, 69, 69, 1, 40.50%, 0, 0, 2, 2.79, 629, 669
232, 0, 0, 71, 71, 1, 40.50%, 0, 0, 2, 1.50, 667, 669
238, 0, 0, 73, 73, 1, 40.56%, 0, 0, 2, 3.61, 690, 670
246, 0, 0, 75, 75, 1, 40.56%, 0, 0, 2, 3.46, 708, 670
255, 0, 0, 78, 78, 1, 40.68%, 0, 0, 2, 1.01, 733, 672
265, 0, 0, 79, 79, 1, 40.74%, 0, 0, 2, 1.00, 741, 673
271, 0, 0, 80, 80, 1, 40.74%, 0, 0, 2, 1.04, 751, 673
278, 0, 0, 82, 82, 1, 40.74%, 0, 0, 2, 1.23, 769, 673
284, 0, 0, 83, 83, 1, 40.74%, 0, 0, 2, 1.27, 780, 673
289, 0, 0, 84, 84, 1, 40.74%, 0, 0, 2, 1.28, 788, 673
297, 0, 0, 85, 85, 1, 40.74%, 0, 0, 2, 1.28, 798, 673
318, 0, 0, 86, 86, 1, 40.74%, 0, 0, 2, 1.23, 807, 673
331, 0, 0, 87, 87, 1, 40.74%, 0, 0, 2, 1.23, 822, 673
336, 0, 0, 88, 88, 1, 40.74%, 0, 0, 2, 1.26, 831, 673
345, 0, 0, 90, 90, 1, 40.74%, 0, 0, 2, 1.33, 848, 673
352, 0, 0, 92, 92, 1, 40.86%, 0, 0, 2, 1.51, 866, 675
358, 0, 0, 95, 95, 1, 40.92%, 0, 0, 2, 1.65, 899, 676
363, 0, 0, 96, 96, 1, 40.92%, 0, 0, 2, 1.63, 907, 676
375, 0, 0, 97, 97, 1, 40.92%, 0, 0, 2, 1.60, 919, 676
386, 0, 0, 98, 98, 1, 40.98%, 0, 0, 2, 1.56, 931, 677
401, 0, 0, 100, 100, 1, 41.04%, 0, 0, 2, 1.83, 969, 678
411, 0, 0, 102, 102, 1, 41.16%, 0, 0, 2, 1.87, 992, 680
417, 0, 0, 104, 104, 1, 41.16%, 0, 0, 2, 2.01, 1017, 680
430, 0, 0, 105, 105, 1, 41.16%, 0, 0, 2, 1.92, 1025, 680
444, 0, 0, 106, 106, 1, 41.16%, 0, 0, 2, 0.64, 1038, 680
461, 0, 0, 108, 108, 1, 41.16%, 0, 0, 2, 0.75, 1059, 680
470, 0, 0, 109, 109, 1, 41.16%, 0, 0, 2, 0.84, 1071, 680
480, 0, 0, 110, 110, 1, 41.16%, 0, 0, 2, 0.84, 1079, 680
487, 0, 0, 111, 111, 1, 41.22%, 0, 0, 2, 0.87, 1087, 681
492, 0, 0, 112, 112, 1, 41.28%, 0, 0, 2, 0.90, 1095, 682
506, 0, 0, 113, 113, 1, 41.28%, 0, 0, 2, 0.89, 1105, 682
519, 0, 0, 114, 114, 1, 41.28%, 0, 0, 2, 0.61, 1120, 682
530, 0, 0, 115, 115, 1, 41.28%, 0, 0, 2, 0.95, 1136, 682
541, 0, 0, 116, 116, 1, 41.34%, 0, 0, 2, 0.95, 1145, 683
546, 0, 0, 117, 117, 1, 41.46%, 0, 0, 2, 1.43, 1156, 685
552, 0, 0, 119, 119, 1, 41.46%, 0, 0, 2, 12.66, 1175, 685
567, 0, 0, 121, 121, 1, 41.46%, 0, 0, 2, 0.61, 1194, 685
581, 0, 0, 122, 122, 1, 41.53%, 0, 0, 2, 0.60, 1205, 686
597, 0, 0, 123, 123, 1, 41.53%, 0, 0, 2, 0.51, 1222, 686
605, 0, 0, 124, 124, 1, 41.59%, 0, 1, 2, 2.49, 1240, 687
612, 0, 0, 126, 126, 1, 41.71%, 0, 1, 2, 11.48, 1263, 689
622, 0, 0, 127, 127, 1, 41.77%, 0, 1, 2, 0.83, 1274, 690
632, 0, 0, 128, 128, 1, 42.07%, 0, 1, 2, 0.92, 1286, 695
643, 0, 0, 130, 130, 1, 42.80%, 0, 2, 2, 1.63, 1325, 707
649, 0, 0, 131, 131, 1, 42.80%, 0, 2, 2, 1.71, 1337, 707
661, 0, 0, 132, 132, 1, 42.80%, 0, 2, 2, 0.74, 1349, 707
670, 0, 0, 133, 133, 1, 42.80%, 0, 2, 2, 0.76, 1359, 707
678, 0, 0, 134, 134, 1, 42.80%, 0, 2, 2, 0.80, 1369, 707
688, 0, 0, 136, 136, 1, 42.80%, 0, 2, 2, 1.41, 1414, 707
698, 0, 0, 137, 137, 1, 42.86%, 0, 2, 2, 1.09, 1447, 708
705, 0, 0, 138, 138, 1, 42.86%, 0, 2, 2, 1.10, 1457, 708
720, 0, 0, 140, 140, 1, 42.86%, 0, 2, 2, 0.98, 1478, 708
728, 0, 0, 141, 141, 1, 42.92%, 0, 2, 2, 0.98, 1486, 709
735, 0, 0, 142, 142, 1, 42.92%, 0, 2, 2, 1.34, 1500, 709
744, 0, 0, 144, 144, 1, 43.04%, 0, 2, 2, 1.43, 1517, 711
756, 0, 0, 146, 146, 1, 43.04%, 0, 2, 2, 0.98, 1544, 711
762, 0, 0, 148, 148, 1, 43.04%, 0, 2, 2, 1.29, 1562, 711
767, 0, 0, 150, 150, 1, 43.10%, 0, 2, 2, 9.91, 1585, 712
775, 0, 0, 151, 151, 1, 43.16%, 0, 2, 2, 1.60, 1605, 713
781, 0, 0, 152, 152, 1, 43.22%, 0, 2, 2, 1.58, 1613, 714
789, 0, 0, 154, 154, 1, 43.22%, 0, 3, 2, 1.97, 1644, 714
801, 0, 0, 155, 155, 1, 43.22%, 0, 4, 2, 0.91, 1665, 714
808, 0, 0, 157, 157, 1, 43.22%, 0, 4, 2, 9.04, 1683, 714
814, 0, 0, 159, 159, 1, 43.22%, 0, 4, 2, 8.30, 1700, 714
822, 0, 0, 161, 161, 1, 43.28%, 0, 4, 2, 7.55, 1717, 715
830, 0, 0, 163, 163, 1, 43.28%, 0, 4, 2, 7.46, 1743, 715
835, 0, 0, 164, 164, 1, 43.28%, 0, 4, 2, 7.65, 1760, 715
841, 0, 0, 165, 165, 1, 43.34%, 0, 4, 2, 1.46, 1776, 716
850, 0, 0, 167, 167, 1, 43.46%, 0, 4, 2, 1.52, 1792, 718
857, 0, 0, 168, 168, 1, 43.46%, 0, 5, 2, 1.46, 1807, 718
867, 0, 0, 170, 170, 1, 43.46%, 0, 6, 2, 1.68, 1827, 718
876, 0, 0, 171, 171, 1, 43.46%, 0, 6, 2, 0.94, 1841, 718
884, 0, 0, 172, 172, 1, 43.64%, 0, 6, 2, 0.94, 1849, 721
889, 0, 0, 173, 173, 1, 43.64%, 0, 6, 2, 8.59, 1865, 721
896, 0, 0, 175, 175, 1, 43.64%, 0, 6, 2, 7.95, 1883, 721
904, 0, 0, 176, 176, 1, 43.64%, 0, 6, 2, 1.20, 1896, 721
914, 0, 0, 178, 178, 1, 43.70%, 0, 6, 2, 1.01, 1922, 722
920, 0, 0, 179, 179, 1, 43.70%, 0, 6, 2, 1.03, 1930, 722
926, 0, 0, 180, 180, 1, 43.70%, 0, 6, 2, 7.60, 1945, 722
932, 0, 0, 181, 181, 1, 43.70%, 0, 6, 2, 7.23, 1954, 722
937, 0, 0, 182, 182, 1, 43.70%, 0, 6, 2, 6.87, 1962, 722
942, 0, 0, 183, 183, 1, 43.70%, 0, 6, 2, 6.55, 1971, 722
947, 0, 0, 184, 184, 1, 43.70%, 0, 6, 2, 6.24, 1979, 722
953, 0, 0, 185, 185, 1, 43.70%, 0, 6, 2, 5.95, 1988, 722
958, 0, 0, 186, 186, 1, 43.70%, 0, 6, 2, 6.28, 2005, 722
963, 0, 0, 187, 187, 1, 43.70%, 0, 6, 2, 6.67, 2024, 722
968, 0, 0, 188, 188, 1, 43.70%, 0, 6, 2, 7.33, 2057, 722
977, 0, 0, 189, 189, 1, 43.95%, 0, 6, 2, 0.99, 2071, 726
983, 0, 0, 190, 190, 1, 43.95%, 0, 6, 2, 7.86, 2100, 726
990, 0, 0, 192, 192, 1, 43.95%, 0, 6, 2, 7.38, 2127, 726
996, 0, 0, 193, 193, 1, 43.95%, 0, 7, 2, 6.92, 2153, 726
1001, 0, 0, 195, 195, 1, 44.01%, 0, 7, 2, 7.10, 2183, 727
1010, 0, 0, 196, 196, 1, 44.25%, 0, 7, 2, 1.12, 2199, 731
1017, 0, 0, 197, 197, 1, 44.25%, 0, 7, 2, 1.12, 2207, 731
1025, 0, 0, 199, 199, 1, 44.25%, 0, 7, 2, 7.28, 2239, 731
1030, 0, 0, 200, 200, 1, 44.25%, 0, 7, 2, 7.31, 2269, 731
1039, 0, 0, 203, 203, 1, 44.25%, 0, 7, 2, 6.68, 2299, 731
1049, 0, 0, 205, 205, 1, 44.25%, 0, 7, 2, 6.23, 2321, 731
1054, 0, 0, 208, 208, 1, 44.37%, 0, 7, 2, 6.23, 2349, 733
1059, 0, 0, 210, 210, 1, 44.37%, 0, 7, 2, 6.50, 2379, 733
1071, 0, 0, 211, 211, 1, 44.43%, 0, 7, 2, 1.09, 2416, 734
1079, 0, 0, 212, 212, 1, 44.43%, 0, 7, 2, 1.00, 2428, 734
1088, 0, 0, 214, 214, 1, 44.43%, 0, 7, 2, 6.86, 2458, 734
1095, 0, 0, 215, 215, 1, 44.43%, 0, 8, 2, 6.62, 2490, 734
1100, 0, 0, 216, 216, 1, 44.43%, 0, 8, 2, 6.63, 2516, 734
1115, 0, 0, 217, 217, 1, 44.43%, 0, 8, 2, 0.90, 2559, 734
1124, 0, 0, 219, 219, 1, 44.49%, 0, 8, 2, 6.68, 2590, 735
1133, 0, 0, 221, 221, 1, 44.55%, 0, 8, 2, 6.18, 2607, 736
1139, 0, 0, 223, 223, 1, 44.55%, 0, 8, 2, 6.24, 2637, 736
1144, 0, 0, 225, 225, 1, 44.55%, 0, 8, 2, 6.11, 2660, 736
1150, 0, 0, 228, 228, 1, 45.04%, 0, 8, 2, 5.96, 2691, 744
1155, 0, 0, 230, 230, 1, 45.04%, 0, 8, 2, 5.85, 2713, 744
1167, 0, 0, 232, 232, 1, 45.16%, 0, 8, 2, 0.78, 2729, 746
1174, 0, 0, 234, 234, 1, 45.16%, 1, 8, 2, 6.51, 2751, 746
1180, 0, 0, 236, 236, 1, 45.16%, 1, 8, 2, 6.16, 2776, 746
1483, 0, 0, 238, 238, 1, 45.52%, 1, 8, 2, 0.01, 2786, 752
1488, 0, 0, 240, 240, 1, 45.58%, 1, 8, 2, 3.60, 2808, 753
1502, 0, 0, 242, 242, 1, 45.70%, 1, 8, 2, 0.76, 2834, 755
1507, 0, 0, 243, 243, 1, 45.70%, 1, 8, 2, 6.52, 2861, 755
1514, 0, 0, 244, 244, 1, 45.70%, 1, 8, 2, 6.30, 2892, 755
1519, 0, 0, 245, 245, 1, 45.70%, 1, 9, 2, 5.99, 2916, 755
1524, 0, 0, 247, 247, 1, 45.70%, 1, 9, 2, 6.01, 2943, 755
1531, 0, 0, 248, 248, 1, 45.70%, 1, 9, 2, 6.09, 2975, 755
1537, 0, 0, 250, 250, 1, 45.70%, 1, 9, 2, 5.76, 2995, 755
1542, 0, 0, 252, 252, 1, 45.70%, 1, 9, 2, 5.47, 3013, 755
1547, 0, 0, 253, 253, 1, 45.70%, 1, 9, 2, 5.63, 3036, 755
1552, 0, 0, 254, 254, 1, 45.70%, 1, 9, 2, 5.47, 3048, 755
1561, 0, 0, 255, 255, 1, 45.70%, 1, 9, 2, 1.12, 3064, 755
1566, 0, 0, 256, 256, 1, 45.82%, 1, 9, 2, 6.31, 3095, 757
1573, 0, 0, 257, 257, 1, 45.82%, 1, 9, 2, 6.04, 3125, 757
1581, 0, 0, 259, 259, 1, 45.82%, 1, 9, 2, 5.65, 3148, 757
1589, 0, 0, 261, 261, 1, 45.82%, 1, 9, 2, 5.35, 3169, 757
1595, 0, 0, 263, 263, 1, 45.82%, 1, 9, 2, 5.08, 3187, 757
1607, 0, 0, 264, 264, 1, 45.82%, 1, 9, 2, 0.77, 3202, 757
1615, 0, 0, 265, 265, 1, 45.82%, 1, 9, 2, 0.78, 3210, 757
1626, 0, 0, 267, 267, 1, 46.00%, 1, 9, 2, 0.89, 3230, 760
1633, 0, 0, 269, 269, 1, 46.00%, 1, 9, 2, 5.68, 3253, 760
1642, 0, 0, 270, 270, 1, 46.00%, 2, 9, 2, 5.51, 3272, 760
1648, 0, 0, 272, 272, 1, 46.00%, 2, 9, 2, 5.93, 3300, 760
1655, 0, 0, 273, 273, 1, 46.00%, 2, 9, 2, 5.78, 3333, 760
1661, 0, 0, 274, 274, 1, 46.00%, 2, 9, 2, 5.57, 3345, 760
1669, 0, 0, 276, 276, 1, 46.00%, 2, 9, 2, 5.18, 3364, 760
1674, 0, 0, 276, 276, 1, 46.00%, 2, 9, 2, 5.59, 3394, 760
1681, 0, 0, 278, 278, 1, 46.00%, 2, 9, 2, 5.36, 3422, 760
1688, 0, 0, 279, 279, 1, 46.00%, 2, 10, 2, 5.34, 3451, 760
1693, 0, 0, 280, 280, 1, 46.00%, 2, 10, 2, 5.34, 3474, 760
1698, 0, 0, 281, 281, 1, 46.07%, 2, 10, 2, 5.49, 3500, 761
1706, 0, 0, 282, 282, 1, 46.07%, 2, 10, 2, 1.02, 3508, 761
1713, 0, 0, 283, 283, 1, 46.07%, 2, 10, 2, 1.03, 3517, 761
1721, 0, 0, 284, 284, 1, 46.07%, 2, 10, 2, 5.64, 3531, 761
1728, 0, 0, 285, 285, 1, 46.07%, 2, 10, 2, 5.35, 3539, 761
1738, 0, 0, 286, 286, 1, 46.07%, 2, 10, 2, 0.96, 3550, 761
1745, 0, 0, 287, 287, 1, 46.07%, 2, 10, 2, 5.13, 3560, 761
1753, 0, 0, 288, 288, 1, 46.07%, 2, 10, 2, 4.94, 3574, 761
1761, 0, 0, 289, 289, 1, 46.07%, 2, 10, 2, 4.70, 3585, 761
1771, 0, 0, 290, 290, 1, 46.13%, 2, 10, 2, 4.82, 3608, 762
1778, 0, 0, 291, 291, 1, 46.13%, 2, 10, 2, 4.59, 3616, 762
1785, 0, 0, 292, 292, 1, 46.19%, 2, 10, 2, 4.37, 3624, 763
1792, 0, 0, 293, 293, 1, 46.19%, 2, 10, 2, 4.17, 3632, 763
1805, 0, 0, 294, 294, 1, 46.25%, 2, 10, 2, 0.69, 3643, 764
1812, 0, 0, 295, 295, 1, 46.25%, 2, 10, 2, 5.18, 3655, 764
1818, 0, 0, 296, 296, 1, 46.31%, 2, 10, 2, 4.99, 3667, 765
1825, 0, 0, 297, 297, 1, 46.31%, 2, 11, 2, 4.56, 3684, 765
1834, 0, 0, 298, 298, 1, 46.31%, 2, 12, 2, 4.26, 3701, 765
1841, 0, 0, 299, 299, 1, 46.31%, 2, 12, 2, 4.08, 3710, 765
1849, 0, 0, 300, 300, 1, 46.37%, 2, 12, 2, 3.96, 3720, 766
1857, 0, 0, 301, 301, 1, 46.37%, 2, 12, 2, 3.86, 3730, 766
1867, 0, 0, 302, 302, 1, 46.37%, 2, 13, 2, 3.69, 3743, 766
1872, 0, 0, 302, 302, 1, 46.37%, 2, 14, 2, 4.12, 3762, 766
1879, 0, 0, 303, 303, 1, 46.37%, 2, 14, 2, 3.93, 3770, 766
1888, 0, 0, 304, 304, 1, 46.37%, 2, 14, 2, 4.02, 3788, 766
1893, 0, 0, 304, 304, 1, 46.37%, 2, 15, 2, 4.29, 3807, 766
1900, 0, 0, 305, 305, 1, 46.37%, 2, 15, 2, 4.11, 3817, 766
1909, 0, 0, 306, 306, 1, 46.37%, 2, 15, 2, 4.02, 3832, 766
1917, 0, 0, 307, 307, 1, 46.37%, 2, 15, 2, 3.88, 3841, 766
1926, 0, 0, 308, 308, 1, 46.37%, 2, 15, 2, 3.97, 3859, 766
1934, 0, 0, 309, 309, 1, 46.37%, 2, 15, 2, 3.85, 3869, 766
1941, 0, 0, 310, 310, 1, 46.43%, 2, 15, 2, 3.71, 3878, 767
1949, 0, 0, 311, 311, 1, 46.43%, 2, 15, 2, 3.69, 3889, 767
1955, 0, 0, 312, 312, 1, 46.43%, 2, 15, 2, 3.54, 3897, 767
1962, 0, 0, 313, 313, 1, 46.43%, 2, 15, 2, 3.51, 3907, 767
1972, 0, 0, 314, 314, 1, 46.43%, 2, 15, 2, 3.76, 3926, 767
1981, 0, 0, 315, 315, 1, 46.67%, 2, 15, 2, 3.80, 3942, 771
1988, 0, 0, 316, 316, 1, 46.67%, 2, 15, 2, 3.63, 3950, 771
1995, 0, 0, 317, 317, 1, 46.67%, 2, 15, 2, 3.57, 3961, 771
2004, 0, 0, 318, 318, 1, 46.67%, 2, 16, 2, 3.40, 3974, 771
2017, 0, 0, 319, 319, 1, 46.67%, 2, 16, 2, 3.67, 3994, 771
2025, 0, 0, 320, 320, 1, 46.67%, 2, 16, 2, 3.67, 4009, 771
2032, 0, 0, 321, 321, 1, 46.73%, 2, 16, 2, 3.58, 4019, 772
2038, 0, 0, 322, 322, 1, 46.73%, 2, 16, 2, 3.50, 4028, 772
2046, 0, 0, 323, 323, 1, 46.73%, 2, 16, 2, 3.50, 4040, 772
2052, 0, 0, 324, 324, 1, 46.79%, 2, 16, 2, 3.36, 4048, 773
2057, 0, 0, 325, 325, 1, 46.79%, 2, 16, 2, 3.25, 4056, 773
2065, 0, 0, 326, 326, 1, 46.79%, 2, 17, 2, 3.33, 4073, 773
2071, 0, 0, 327, 327, 1, 46.79%, 2, 17, 2, 3.26, 4082, 773
2079, 0, 0, 328, 328, 1, 46.79%, 2, 17, 2, 3.52, 4099, 773
2084, 0, 0, 329, 329, 1, 46.79%, 2, 17, 2, 3.46, 4108, 773
2090, 0, 0, 330, 330, 1, 46.79%, 2, 17, 2, 3.43, 4119, 773
2097, 0, 0, 331, 331, 1, 46.79%, 2, 17, 2, 3.43, 4130, 773
2102, 0, 0, 332, 332, 1, 46.79%, 2, 17, 2, 3.31, 4138, 773
2112, 0, 0, 334, 334, 1, 47.03%, 2, 17, 2, 3.23, 4158, 777
2117, 0, 0, 336, 336, 1, 47.15%, 2, 18, 2, 3.76, 4182, 779
2123, 0, 0, 337, 337, 1, 47.15%, 2, 18, 2, 3.61, 4192, 779
2130, 0, 0, 338, 338, 1, 47.15%, 2, 18, 2, 3.55, 4205, 779
2136, 0, 0, 339, 339, 1, 47.15%, 2, 18, 2, 3.66, 4221, 779
2145, 0, 0, 340, 340, 1, 47.15%, 2, 18, 2, 3.61, 4241, 779
2153, 0, 0, 341, 341, 1, 47.15%, 2, 18, 2, 3.58, 4259, 779
2164, 0, 0, 342, 342, 1, 47.15%, 2, 18, 2, 3.55, 4284, 779
2169, 0, 0, 342, 342, 1, 47.15%, 2, 18, 2, 3.72, 4303, 779
2178, 0, 0, 343, 343, 1, 47.15%, 2, 18, 2, 3.64, 4325, 779
2188, 0, 0, 344, 344, 1, 47.15%, 2, 18, 2, 3.57, 4342, 779
2198, 0, 0, 345, 345, 1, 47.15%, 2, 18, 2, 3.42, 4351, 779
2203, 0, 0, 345, 345, 1, 47.15%, 2, 18, 2, 3.64, 4370, 779
2208, 0, 0, 345, 345, 1, 47.15%, 2, 19, 2, 3.60, 4386, 779
2215, 0, 0, 346, 346, 1, 47.46%, 2, 19, 2, 3.45, 4394, 784
2222, 0, 0, 347, 347, 1, 47.52%, 2, 19, 2, 3.34, 4403, 785
2228, 0, 0, 348, 348, 1, 47.52%, 2, 19, 2, 3.26, 4413, 785
2236, 0, 0, 349, 349, 1, 47.52%, 2, 19, 2, 3.23, 4425, 785
2242, 0, 0, 351, 351, 1, 47.58%, 2, 19, 2, 3.22, 4443, 786
2251, 0, 0, 352, 352, 1, 47.58%, 2, 20, 2, 3.24, 4461, 786
2257, 0, 0, 353, 353, 1, 47.58%, 2, 20, 2, 3.15, 4470, 786
2264, 0, 0, 354, 354, 1, 47.58%, 2, 21, 2, 3.04, 4483, 786
2273, 0, 0, 355, 355, 1, 47.58%, 2, 21, 2, 3.31, 4503, 786
2282, 0, 0, 357, 357, 1, 47.64%, 2, 21, 2, 3.19, 4521, 787
2287, 0, 0, 358, 358, 1, 47.64%, 2, 21, 2, 3.21, 4534, 787
2297, 0, 0, 359, 359, 1, 47.64%, 2, 21, 2, 3.26, 4552, 787
2304, 0, 0, 360, 360, 1, 47.76%, 2, 21, 2, 3.24, 4568, 789
2311, 0, 0, 361, 361, 1, 47.76%, 2, 21, 2, 3.15, 4577, 789
2318, 0, 0, 362, 362, 1, 47.76%, 2, 21, 2, 3.23, 4593, 789
2323, 0, 0, 363, 363, 1, 47.76%, 3, 21, 2, 3.39, 4611, 789
2328, 0, 0, 364, 364, 1, 47.76%, 3, 21, 2, 3.31, 4621, 789
2336, 0, 0, 365, 365, 1, 47.76%, 3, 21, 2, 3.17, 4629, 789
2344, 0, 0, 366, 366, 1, 47.88%, 3, 21, 2, 3.16, 4642, 791
2350, 0, 0, 367, 367, 1, 47.88%, 3, 21, 2, 3.10, 4652, 791
2357, 0, 0, 368, 368, 1, 47.88%, 3, 21, 2, 3.08, 4663, 791
2364, 0, 0, 369, 369, 1, 47.88%, 3, 21, 2, 3.10, 4677, 791
2372, 0, 0, 370, 370, 1, 47.88%, 3, 21, 2, 3.14, 4693, 791
2378, 0, 0, 371, 371, 1, 47.88%, 3, 21, 2, 3.02, 4701, 791
2384, 0, 0, 371, 371, 1, 47.88%, 3, 21, 2, 3.30, 4719, 791
2389, 0, 0, 372, 372, 1, 47.88%, 3, 21, 2, 3.23, 4730, 791
2398, 0, 0, 373, 373, 1, 47.88%, 3, 21, 2, 3.21, 4752, 791
2404, 0, 0, 374, 374, 1, 47.88%, 3, 21, 2, 3.34, 4771, 791
2410, 0, 0, 375, 375, 1, 47.88%, 3, 21, 2, 3.22, 4783, 791
2417, 0, 0, 376, 376, 1, 47.88%, 3, 21, 2, 3.18, 4799, 791
2428, 0, 0, 377, 377, 1, 48.00%, 3, 22, 2, 3.02, 4819, 793
2435, 0, 0, 378, 378, 1, 48.00%, 3, 22, 2, 2.98, 4830, 793
2443, 0, 0, 379, 379, 1, 48.00%, 3, 22, 2, 2.94, 4841, 793
2450, 0, 0, 380, 380, 1, 48.00%, 3, 22, 2, 2.87, 4850, 793
2458, 0, 0, 381, 381, 1, 48.06%, 3, 22, 2, 2.90, 4864, 794
2468, 0, 0, 382, 382, 1, 48.06%, 3, 22, 2, 2.91, 4882, 794
2476, 0, 0, 383, 383, 1, 48.12%, 3, 22, 2, 2.84, 4891, 795
2484, 0, 0, 384, 384, 1, 48.12%, 3, 22, 2, 2.83, 4904, 795
2492, 0, 0, 385, 385, 1, 48.12%, 3, 22, 2, 2.84, 4917, 795
2502, 0, 0, 386, 386, 1, 48.12%, 3, 22, 2, 2.95, 4934, 795
2512, 0, 0, 387, 387, 1, 48.12%, 3, 23, 2, 2.85, 4948, 795
2520, 0, 0, 388, 388, 1, 48.12%, 3, 23, 2, 2.88, 4963, 795
2526, 0, 0, 388, 388, 1, 48.12%, 3, 23, 2, 3.05, 4979, 795
2531, 0, 0, 388, 388, 1, 48.12%, 3, 23, 2, 3.15, 4996, 795
2541, 0, 0, 389, 389, 1, 48.12%, 3, 23, 2, 3.06, 5018, 795
2547, 0, 0, 390, 390, 1, 48.12%, 3, 23, 2, 2.96, 5026, 795
2556, 0, 0, 391, 391, 1, 48.12%, 3, 23, 2, 2.97, 5046, 795
2563, 0, 0, 392, 392, 1, 48.12%, 3, 23, 2, 2.93, 5057, 795
2570, 0, 0, 393, 393, 1, 48.12%, 3, 23, 2, 2.97, 5074, 795
2576, 0, 0, 393, 393, 1, 48.12%, 3, 23, 2, 3.05, 5090, 795
2581, 0, 0, 393, 393, 1, 48.12%, 3, 23, 2, 3.07, 5106, 795
2586, 0, 0, 394, 394, 1, 48.12%, 3, 23, 2, 2.99, 5116, 795
2598, 0, 0, 395, 395, 1, 48.12%, 3, 23, 2, 2.87, 5129, 795
2607, 0, 0, 396, 396, 1, 48.12%, 3, 23, 2, 2.93, 5150, 795
2612, 0, 0, 396, 396, 1, 48.12%, 3, 23, 2, 3.01, 5166, 795
2618, 0, 0, 396, 396, 1, 48.12%, 3, 23, 2, 3.07, 5182, 795
2627, 0, 0, 397, 397, 1, 48.12%, 3, 23, 2, 2.96, 5197, 795
2633, 0, 0, 398, 398, 1, 48.18%, 3, 23, 2, 2.85, 5205, 796
2641, 0, 0, 399, 399, 1, 48.18%, 3, 23, 2, 2.79, 5217, 796
2646, 0, 0, 399, 399, 1, 48.18%, 3, 23, 2, 2.98, 5233, 796
2651, 0, 0, 399, 399, 1, 48.18%, 3, 24, 2, 2.97, 5247, 796
2656, 0, 0, 399, 399, 1, 48.18%, 3, 25, 2, 2.95, 5261, 796
2663, 0, 0, 400, 400, 1, 48.18%, 3, 25, 2, 2.90, 5274, 796
2669, 0, 0, 401, 401, 1, 48.18%, 3, 25, 2, 2.85, 5284, 796
2675, 0, 0, 401, 401, 1, 48.18%, 3, 25, 2, 2.99, 5300, 796
2680, 0, 0, 401, 401, 1, 48.18%, 3, 25, 2, 3.00, 5315, 796
2688, 0, 0, 402, 402, 1, 48.18%, 3, 25, 2, 2.91, 5329, 796
2694, 0, 0, 402, 402, 1, 48.18%, 3, 26, 2, 2.88, 5346, 796
2699, 0, 0, 402, 402, 1, 48.18%, 3, 26, 2, 2.97, 5362, 796
2704, 0, 0, 402, 402, 1, 48.18%, 3, 26, 2, 2.97, 5377, 796
2709, 0, 0, 402, 402, 1, 48.18%, 3, 26, 2, 2.99, 5392, 796
2714, 0, 0, 402, 402, 1, 48.18%, 3, 26, 2, 2.99, 5407, 796
2720, 0, 0, 402, 402, 1, 48.18%, 3, 26, 2, 2.98, 5422, 796
2725, 0, 0, 402, 402, 1, 48.18%, 3, 26, 2, 2.98, 5437, 796
2730, 0, 0, 402, 402, 1, 48.18%, 3, 26, 2, 2.97, 5452, 796
2735, 0, 0, 402, 402, 1, 48.18%, 3, 26, 2, 2.99, 5468, 796
2740, 0, 0, 402, 402, 1, 48.18%, 4, 26, 2, 2.97, 5483, 796
2745, 0, 0, 402, 402, 1, 48.18%, 4, 26, 2, 2.96, 5498, 796
2751, 0, 0, 403, 403, 1, 48.18%, 4, 26, 2, 2.95, 5513, 796
2763, 0, 0, 404, 404, 1, 48.18%, 4, 26, 2, 2.88, 5536, 796
2768, 0, 0, 404, 404, 1, 48.18%, 4, 26, 2, 2.94, 5551, 796
2773, 0, 0, 404, 404, 1, 48.18%, 4, 26, 2, 2.94, 5566, 796
2778, 0, 0, 404, 404, 1, 48.18%, 4, 26, 2, 2.95, 5581, 796
2783, 0, 0, 404, 404, 1, 48.18%, 4, 26, 2, 2.92, 5596, 796
2788, 0, 0, 404, 404, 1, 48.18%, 4, 26, 2, 2.96, 5611, 796
2793, 0, 0, 404, 404, 1, 48.18%, 4, 26, 2, 2.94, 5626, 796
2800, 0, 0, 405, 405, 1, 48.18%, 4, 26, 2, 2.85, 5639, 796
2810, 0, 0, 407, 407, 1, 48.18%, 4, 26, 2, 2.78, 5657, 796
2817, 0, 0, 408, 408, 1, 48.18%, 4, 26, 2, 2.77, 5672, 796
2822, 0, 0, 409, 409, 1, 48.18%, 4, 26, 2, 2.71, 5681, 796
2828, 0, 0, 410, 410, 1, 48.18%, 4, 26, 2, 2.66, 5691, 796
2836, 0, 0, 411, 411, 1, 48.18%, 4, 26, 2, 2.75, 5710, 796
2841, 0, 0, 411, 411, 1, 48.18%, 4, 26, 2, 2.85, 5725, 796
2849, 0, 0, 412, 412, 1, 48.49%, 4, 26, 2, 2.77, 5738, 801
2855, 0, 0, 413, 413, 1, 48.49%, 4, 26, 2, 2.68, 5746, 801
2862, 0, 0, 414, 414, 1, 48.55%, 4, 26, 2, 2.64, 5756, 802
2870, 0, 0, 415, 415, 1, 48.55%, 4, 26, 2, 2.57, 5765, 802
2877, 0, 0, 416, 416, 1, 48.61%, 4, 26, 2, 2.54, 5775, 803
2882, 0, 0, 416, 416, 1, 48.61%, 4, 26, 2, 2.75, 5790, 803
2890, 0, 0, 417, 417, 1, 49.70%, 4, 26, 2, 2.68, 5802, 821
2900, 0, 0, 418, 418, 1, 49.70%, 4, 26, 2, 2.74, 5820, 821
2907, 0, 0, 419, 419, 1, 49.70%, 4, 26, 2, 2.64, 5828, 821
2917, 0, 0, 420, 420, 1, 49.76%, 4, 26, 2, 2.70, 5849, 822
2929, 0, 0, 421, 421, 1, 49.82%, 4, 26, 2, 2.72, 5871, 823
2937, 0, 0, 422, 422, 1, 49.82%, 4, 26, 2, 2.65, 5881, 823
2945, 0, 0, 423, 423, 1, 49.82%, 4, 26, 2, 2.56, 5890, 823
2952, 0, 0, 424, 424, 1, 49.82%, 4, 26, 2, 2.47, 5898, 823
2957, 0, 0, 425, 425, 1, 49.82%, 4, 26, 2, 2.48, 5908, 823
2966, 0, 0, 426, 426, 1, 49.82%, 4, 26, 2, 2.48, 5921, 823
2977, 0, 0, 427, 427, 1, 49.82%, 4, 26, 2, 2.53, 5936, 823
2982, 0, 0, 427, 427, 1, 49.82%, 4, 26, 2, 2.66, 5950, 823
2991, 0, 0, 428, 428, 1, 49.88%, 4, 26, 2, 2.56, 5960, 824
2999, 0, 0, 429, 429, 1, 49.88%, 4, 26, 2, 2.57, 5976, 824
3004, 0, 0, 429, 429, 1, 49.88%, 4, 26, 2, 2.69, 5990, 824
3011, 0, 0, 430, 430, 1, 49.94%, 4, 26, 2, 2.61, 6000, 825
3022, 0, 0, 431, 431, 1, 49.94%, 4, 26, 2, 2.54, 6018, 825
3027, 0, 0, 431, 431, 1, 49.94%, 4, 26, 2, 2.65, 6032, 825
3035, 0, 0, 432, 432, 1, 49.94%, 4, 26, 2, 2.57, 6043, 825
3042, 0, 0, 433, 433, 1, 49.94%, 4, 26, 2, 2.50, 6053, 825
3047, 0, 0, 433, 433, 1, 49.94%, 4, 26, 2, 2.63, 6067, 825
3056, 0, 0, 434, 434, 1, 50.06%, 4, 26, 2, 2.54, 6077, 827
3068, 0, 0, 435, 435, 1, 50.06%, 4, 26, 2, 2.53, 6094, 827
3078, 0, 0, 436, 436, 1, 50.18%, 4, 27, 2, 2.39, 6106, 829
3090, 0, 0, 437, 437, 1, 50.30%, 4, 27, 2, 2.46, 6126, 831
3099, 0, 0, 438, 438, 1, 50.36%, 4, 27, 2, 2.44, 6140, 832
3105, 0, 0, 438, 438, 1, 50.36%, 4, 27, 2, 2.60, 6154, 832
3113, 0, 0, 439, 439, 1, 50.36%, 4, 27, 2, 2.51, 6163, 832
3123, 0, 0, 440, 440, 1, 50.36%, 4, 27, 2, 2.43, 6172, 832
3131, 0, 0, 441, 441, 1, 50.42%, 4, 27, 2, 2.34, 6180, 833
3142, 0, 0, 442, 442, 1, 50.42%, 4, 27, 2, 2.33, 6193, 833
3151, 0, 0, 443, 443, 1, 50.48%, 4, 27, 2, 2.24, 6201, 834
3161, 0, 0, 444, 444, 1, 50.48%, 4, 27, 2, 2.23, 6212, 834
3167, 0, 0, 444, 444, 1, 50.48%, 4, 27, 2, 2.46, 6226, 834
3177, 0, 0, 445, 445, 1, 50.48%, 4, 27, 2, 2.38, 6239, 834
3183, 0, 0, 445, 445, 1, 50.48%, 4, 27, 2, 2.54, 6253, 834
3188, 0, 0, 445, 445, 1, 50.48%, 4, 27, 2, 2.58, 6266, 834
3196, 0, 0, 446, 446, 1, 50.54%, 4, 27, 2, 2.48, 6274, 835
3206, 0, 0, 447, 447, 1, 50.54%, 4, 27, 2, 2.38, 6283, 835
3211, 0, 0, 447, 447, 1, 50.54%, 4, 27, 2, 2.48, 6296, 835
3222, 0, 0, 448, 448, 1, 50.54%, 4, 27, 2, 2.41, 6310, 835
3227, 0, 0, 448, 448, 1, 50.54%, 4, 27, 2, 2.50, 6323, 835
3232, 0, 0, 448, 448, 1, 50.54%, 4, 27, 2, 2.56, 6336, 835
3244, 0, 0, 449, 449, 1, 50.54%, 4, 27, 2, 2.46, 6352, 835
3249, 0, 0, 449, 449, 1, 50.54%, 4, 27, 2, 2.58, 6366, 835
3259, 0, 0, 450, 450, 1, 50.91%, 4, 27, 2, 2.49, 6378, 841
3271, 0, 0, 451, 451, 1, 50.91%, 4, 27, 2, 2.43, 6396, 841
3276, 0, 0, 451, 451, 1, 50.91%, 4, 27, 2, 2.51, 6409, 841
3281, 0, 0, 451, 451, 1, 50.91%, 4, 27, 2, 2.55, 6422, 841
3293, 0, 0, 452, 452, 1, 50.91%, 4, 27, 2, 2.46, 6437, 841
3305, 0, 0, 453, 453, 1, 50.91%, 4, 27, 2, 2.40, 6453, 841
3319, 0, 0, 454, 454, 1, 50.91%, 4, 27, 2, 2.42, 6473, 841
3328, 0, 0, 455, 455, 1, 50.91%, 4, 27, 2, 2.34, 6482, 841
3333, 0, 0, 455, 455, 1, 50.91%, 4, 27, 2, 2.45, 6495, 841
3338, 0, 0, 455, 455, 1, 50.91%, 4, 27, 2, 2.50, 6508, 841
3343, 0, 0, 456, 456, 1, 50.91%, 4, 27, 2, 2.53, 6522, 841
3349, 0, 0, 456, 456, 1, 50.91%, 4, 27, 2, 2.49, 6535, 841
3358, 0, 0, 457, 457, 1, 50.97%, 4, 27, 2, 2.41, 6550, 842
3363, 0, 0, 457, 457, 1, 50.97%, 4, 27, 2, 2.45, 6563, 842
3368, 0, 0, 457, 457, 1, 50.97%, 4, 27, 2, 2.48, 6576, 842
3375, 0, 0, 458, 458, 1, 50.97%, 4, 27, 2, 2.40, 6584, 842
3380, 0, 0, 458, 458, 1, 50.97%, 4, 27, 2, 2.44, 6597, 842
3385, 0, 0, 459, 459, 1, 50.97%, 4, 27, 2, 2.50, 6611, 842
3390, 0, 0, 459, 459, 1, 50.97%, 4, 27, 2, 2.48, 6624, 842
3396, 0, 0, 459, 459, 1, 50.97%, 4, 27, 2, 2.47, 6637, 842
3401, 0, 0, 459, 459, 1, 50.97%, 4, 27, 2, 2.46, 6650, 842
3406, 0, 0, 459, 459, 1, 50.97%, 4, 27, 2, 2.49, 6663, 842
3411, 0, 0, 459, 459, 1, 50.97%, 4, 27, 2, 2.50, 6676, 842
3419, 0, 0, 460, 460, 1, 50.97%, 4, 27, 2, 2.53, 6696, 842
3424, 0, 0, 460, 460, 1, 50.97%, 4, 27, 2, 2.53, 6709, 842
3429, 0, 0, 460, 460, 1, 50.97%, 4, 27, 2, 2.52, 6722, 842
3435, 0, 0, 461, 461, 1, 50.97%, 4, 27, 2, 2.51, 6734, 842
3447, 0, 0, 462, 462, 1, 50.97%, 4, 27, 2, 2.39, 6750, 842
3452, 0, 0, 462, 462, 1, 50.97%, 4, 27, 2, 2.45, 6763, 842
3458, 0, 0, 462, 462, 1, 50.97%, 4, 27, 2, 2.47, 6776, 842
3465, 0, 0, 463, 463, 1, 50.97%, 4, 27, 2, 2.42, 6789, 842
3471, 0, 0, 464, 464, 1, 50.97%, 4, 27, 2, 2.39, 6800, 842
3478, 0, 0, 465, 465, 1, 50.97%, 4, 27, 2, 2.39, 6814, 842
3483, 0, 0, 466, 466, 1, 50.97%, 4, 27, 2, 2.35, 6823, 842
3489, 0, 0, 467, 467, 1, 50.97%, 4, 27, 2, 2.33, 6834, 842
3494, 0, 0, 468, 468, 1, 50.97%, 4, 27, 2, 2.35, 6846, 842
3499, 0, 0, 469, 469, 1, 50.97%, 4, 27, 2, 2.34, 6856, 842
3505, 0, 0, 469, 469, 1, 50.97%, 4, 27, 2, 2.44, 6869, 842
3510, 0, 0, 469, 469, 1, 50.97%, 4, 28, 2, 2.42, 6880, 842
3515, 0, 0, 469, 469, 1, 50.97%, 4, 28, 2, 2.46, 6893, 842
3524, 0, 0, 470, 470, 1, 50.97%, 4, 28, 2, 2.36, 6904, 842
3532, 0, 0, 471, 471, 1, 50.97%, 4, 28, 2, 2.41, 6924, 842
3538, 0, 0, 471, 471, 1, 50.97%, 4, 28, 2, 2.42, 6937, 842
3543, 0, 0, 471, 471, 1, 50.97%, 4, 28, 2, 2.44, 6950, 842
3557, 0, 0, 472, 472, 1, 50.97%, 4, 28, 2, 2.33, 6965, 842
3570, 0, 0, 473, 473, 1, 50.97%, 4, 28, 2, 2.22, 6973, 842
3576, 0, 0, 473, 473, 1, 50.97%, 4, 28, 2, 2.35, 6986, 842
3581, 0, 0, 473, 473, 1, 50.97%, 4, 28, 2, 2.40, 6999, 842
3586, 0, 0, 473, 473, 1, 50.97%, 4, 28, 2, 2.43, 7012, 842
3591, 0, 0, 474, 474, 1, 50.97%, 4, 28, 2, 2.48, 7026, 842
3599, 0, 0, 476, 476, 1, 50.97%, 4, 28, 2, 2.52, 7046, 842
3604, 0, 0, 477, 477, 1, 50.97%, 4, 28, 2, 2.53, 7060, 842
3609, 0, 0, 478, 478, 1, 50.97%, 4, 28, 2, 2.54, 7076, 842
3615, 0, 0, 480, 480, 1, 50.97%, 4, 28, 2, 2.63, 7094, 842
3620, 0, 0, 480, 480, 1, 50.97%, 4, 28, 2, 2.51, 7107, 842
3625, 0, 0, 480, 480, 1, 50.97%, 4, 28, 2, 2.44, 7119, 842
3631, 0, 0, 480, 480, 1, 50.97%, 4, 28, 2, 2.42, 7132, 842
3636, 0, 0, 480, 480, 1, 50.97%, 4, 29, 2, 2.38, 7143, 842
3641, 0, 0, 480, 480, 1, 50.97%, 4, 29, 2, 2.39, 7155, 842
3646, 0, 0, 480, 480, 1, 50.97%, 4, 29, 2, 2.38, 7167, 842
3651, 0, 0, 480, 480, 1, 50.97%, 4, 29, 2, 2.35, 7179, 842
3656, 0, 0, 480, 480, 1, 50.97%, 4, 29, 2, 2.34, 7191, 842
3662, 0, 0, 482, 482, 1, 50.97%, 4, 29, 2, 2.72, 7213, 842
3667, 0, 0, 482, 482, 1, 50.97%, 4, 29, 2, 2.53, 7225, 842
3672, 0, 0, 482, 482, 1, 50.97%, 4, 29, 2, 2.44, 7237, 842
3677, 0, 0, 482, 482, 1, 50.97%, 4, 29, 2, 2.42, 7249, 842
3682, 0, 0, 482, 482, 1, 50.97%, 4, 29, 2, 2.40, 7261, 842
3687, 0, 0, 482, 482, 1, 50.97%, 4, 29, 2, 2.38, 7273, 842
3695, 0, 0, 483, 483, 1, 50.97%, 4, 29, 2, 2.32, 7284, 842
3700, 0, 0, 483, 483, 1, 50.97%, 4, 29, 2, 2.34, 7296, 842
3705, 0, 0, 483, 483, 1, 50.97%, 4, 29, 2, 2.34, 7308, 842
3710, 0, 0, 484, 484, 1, 50.97%, 4, 29, 2, 2.31, 7320, 842
3717, 0, 0, 485, 485, 1, 50.97%, 4, 29, 2, 2.39, 7337, 842
3722, 0, 0, 486, 486, 1, 50.97%, 4, 29, 2, 2.42, 7352, 842
3728, 0, 0, 487, 487, 1, 50.97%, 4, 30, 2, 2.42, 7368, 842
3733, 0, 0, 487, 487, 1, 50.97%, 4, 30, 2, 2.39, 7380, 842
3738, 0, 0, 487, 487, 1, 50.97%, 4, 30, 2, 2.37, 7392, 842
3743, 0, 0, 487, 487, 1, 50.97%, 4, 30, 2, 2.37, 7404, 842
3748, 0, 0, 487, 487, 1, 50.97%, 4, 30, 2, 2.37, 7416, 842
3754, 0, 0, 487, 487, 1, 50.97%, 4, 30, 2, 2.31, 7428, 842
3762, 0, 0, 488, 488, 1, 50.97%, 4, 30, 2, 2.31, 7447, 842
3768, 0, 0, 488, 488, 1, 50.97%, 4, 30, 2, 2.33, 7459, 842
3773, 0, 0, 488, 488, 1, 50.97%, 4, 30, 2, 2.34, 7471, 842
3778, 0, 0, 488, 488, 1, 50.97%, 4, 30, 2, 2.35, 7483, 842
3786, 0, 0, 490, 490, 1, 50.97%, 4, 30, 2, 2.51, 7505, 842
3798, 0, 0, 491, 491, 1, 50.97%, 4, 30, 2, 2.37, 7518, 842
3803, 0, 0, 491, 491, 1, 50.97%, 4, 30, 2, 2.36, 7530, 842
3808, 0, 0, 491, 491, 1, 50.97%, 4, 30, 2, 2.37, 7542, 842
3814, 0, 0, 491, 491, 1, 50.97%, 4, 30, 2, 2.36, 7554, 842
3819, 0, 0, 491, 491, 1, 50.97%, 4, 30, 2, 2.33, 7566, 842
3824, 0, 0, 491, 491, 1, 50.97%, 4, 30, 2, 2.33, 7578, 842
3829, 0, 0, 491, 491, 1, 50.97%, 4, 30, 2, 2.32, 7590, 842
3834, 0, 0, 491, 491, 1, 50.97%, 4, 30, 2, 2.32, 7602, 842
3839, 0, 0, 491, 491, 1, 50.97%, 4, 30, 2, 2.33, 7614, 842
3845, 0, 0, 491, 491, 1, 50.97%, 4, 30, 2, 2.31, 7626, 842
3854, 0, 0, 492, 492, 1, 50.97%, 4, 30, 2, 2.26, 7640, 842
3865, 0, 0, 493, 493, 1, 50.97%, 4, 30, 2, 2.22, 7659, 842
3875, 0, 0, 494, 494, 1, 50.97%, 4, 30, 2, 2.20, 7674, 842
3880, 0, 0, 494, 494, 1, 50.97%, 4, 30, 2, 2.28, 7686, 842
3888, 0, 0, 495, 495, 1, 50.97%, 4, 30, 2, 2.20, 7694, 842
3893, 0, 0, 495, 495, 1, 50.97%, 4, 30, 2, 2.28, 7706, 842
3901, 0, 0, 496, 496, 1, 51.03%, 4, 30, 2, 2.20, 7715, 843
3906, 0, 0, 496, 496, 1, 51.03%, 4, 30, 2, 2.27, 7727, 843
3911, 0, 0, 496, 496, 1, 51.03%, 4, 30, 2, 2.29, 7739, 843
3916, 0, 0, 496, 496, 1, 51.03%, 4, 30, 2, 2.30, 7751, 843
3921, 0, 0, 497, 497, 1, 51.03%, 4, 30, 2, 2.33, 7764, 843
3930, 0, 0, 498, 498, 1, 51.03%, 4, 30, 2, 2.24, 7773, 843
3936, 0, 0, 499, 499, 1, 51.03%, 4, 30, 2, 2.30, 7789, 843
3942, 0, 0, 499, 499, 1, 51.03%, 4, 31, 2, 2.28, 7800, 843
3947, 0, 0, 499, 499, 1, 51.03%, 4, 31, 2, 2.29, 7812, 843
3952, 0, 0, 499, 499, 1, 51.03%, 4, 31, 2, 2.31, 7824, 843
3957, 0, 0, 499, 499, 1, 51.03%, 4, 31, 2, 2.32, 7836, 843
3963, 0, 0, 500, 500, 1, 51.03%, 4, 31, 2, 2.37, 7851, 843
3968, 0, 0, 502, 502, 1, 51.03%, 4, 31, 2, 2.51, 7869, 843
3973, 0, 0, 502, 502, 1, 51.03%, 4, 31, 2, 2.39, 7881, 843
3978, 0, 0, 503, 503, 1, 51.03%, 4, 31, 2, 2.42, 7896, 843
3983, 0, 0, 503, 503, 1, 51.03%, 4, 32, 2, 2.29, 7906, 843
3989, 0, 0, 503, 503, 1, 51.03%, 4, 32, 2, 2.28, 7918, 843
3994, 0, 0, 503, 503, 1, 51.03%, 4, 32, 2, 2.28, 7930, 843
3999, 0, 0, 503, 503, 1, 51.03%, 4, 32, 2, 2.26, 7942, 843
4005, 0, 0, 504, 504, 1, 51.03%, 4, 32, 2, 2.31, 7956, 843
4010, 0, 0, 504, 504, 1, 51.03%, 4, 32, 2, 2.34, 7968, 843
4015, 0, 0, 505, 505, 1, 51.03%, 4, 32, 2, 2.39, 7987, 843
4020, 0, 0, 505, 505, 1, 51.03%, 4, 32, 2, 2.37, 7999, 843
4025, 0, 0, 505, 505, 1, 51.03%, 4, 32, 2, 2.38, 8011, 843
4030, 0, 0, 505, 505, 1, 51.03%, 4, 32, 2, 2.37, 8023, 843
4036, 0, 0, 505, 505, 1, 51.03%, 4, 33, 2, 2.32, 8036, 843
4041, 0, 0, 506, 506, 1, 51.03%, 4, 33, 2, 2.58, 8054, 843
4046, 0, 0, 506, 506, 1, 51.03%, 4, 33, 2, 2.48, 8066, 843
4051, 0, 0, 506, 506, 1, 51.03%, 4, 33, 2, 2.43, 8078, 843
4057, 0, 0, 506, 506, 1, 51.03%, 4, 33, 2, 2.39, 8090, 843
4062, 0, 0, 507, 507, 1, 51.15%, 4, 33, 2, 2.31, 8109, 845
4067, 0, 0, 507, 507, 1, 51.15%, 4, 33, 2, 2.34, 8121, 845
4072, 0, 0, 507, 507, 1, 51.15%, 4, 33, 2, 2.35, 8133, 845
4077, 0, 0, 507, 507, 1, 51.15%, 4, 33, 2, 2.36, 8145, 845
4082, 0, 0, 507, 507, 1, 51.15%, 4, 33, 2, 2.37, 8157, 845
4088, 0, 0, 508, 508, 1, 51.15%, 4, 33, 2, 2.53, 8175, 845
4093, 0, 0, 508, 508, 1, 51.15%, 4, 33, 2, 2.46, 8188, 845
4098, 0, 0, 508, 508, 1, 51.15%, 4, 33, 2, 2.39, 8200, 845
4103, 0, 0, 508, 508, 1, 51.15%, 4, 33, 2, 2.38, 8212, 845
4108, 0, 0, 508, 508, 1, 51.15%, 4, 33, 2, 2.38, 8224, 845
4114, 0, 0, 509, 509, 1, 51.15%, 4, 33, 2, 2.55, 8242, 845
4119, 0, 0, 509, 509, 1, 51.15%, 4, 33, 2, 2.45, 8254, 845
4124, 0, 0, 510, 510, 1, 51.15%, 4, 33, 2, 2.40, 8273, 845
4129, 0, 0, 510, 510, 1, 51.15%, 4, 33, 2, 2.39, 8285, 845
4134, 0, 0, 510, 510, 1, 51.15%, 4, 33, 2, 2.38, 8297, 845
4140, 0, 0, 510, 510, 1, 51.15%, 4, 34, 2, 2.30, 8309, 845
4145, 0, 0, 510, 510, 1, 51.15%, 4, 34, 2, 2.34, 8321, 845
4150, 0, 0, 510, 510, 1, 51.15%, 4, 34, 2, 2.36, 8333, 845
4155, 0, 0, 510, 510, 1, 51.15%, 4, 34, 2, 2.35, 8345, 845
4160, 0, 0, 510, 510, 1, 51.15%, 4, 34, 2, 2.37, 8357, 845
4166, 0, 0, 510, 510, 1, 51.15%, 4, 34, 2, 2.40, 8370, 845
4171, 0, 0, 511, 511, 1, 51.15%, 4, 34, 2, 2.50, 8386, 845
4176, 0, 0, 511, 511, 1, 51.15%, 4, 34, 2, 2.44, 8398, 845
4181, 0, 0, 512, 512, 1, 51.15%, 4, 34, 2, 2.44, 8417, 845
4186, 0, 0, 513, 513, 1, 51.15%, 4, 34, 2, 2.32, 8436, 845
4191, 0, 0, 513, 513, 1, 51.15%, 4, 34, 2, 2.34, 8448, 845
4196, 0, 0, 514, 514, 1, 51.15%, 4, 34, 2, 2.43, 8467, 845
4202, 0, 0, 515, 515, 1, 51.15%, 4, 34, 2, 2.34, 8486, 845
4207, 0, 0, 516, 516, 1, 51.15%, 4, 34, 2, 12.72, 8505, 845
4212, 0, 0, 516, 516, 1, 51.15%, 4, 34, 2, 2.45, 8518, 845
4217, 0, 0, 516, 516, 1, 51.15%, 4, 34, 2, 2.42, 8530, 845
4222, 0, 0, 516, 516, 1, 51.15%, 4, 34, 2, 2.40, 8542, 845
4227, 0, 0, 516, 516, 1, 51.15%, 4, 34, 2, 2.39, 8554, 845
4232, 0, 0, 516, 516, 1, 51.15%, 4, 34, 2, 2.39, 8566, 845
4237, 0, 0, 516, 516, 1, 51.15%, 4, 34, 2, 2.40, 8578, 845
4243, 0, 0, 516, 516, 1, 51.15%, 4, 34, 2, 2.37, 8590, 845
4248, 0, 0, 516, 516, 1, 51.15%, 4, 34, 2, 2.38, 8602, 845
4253, 0, 0, 516, 516, 1, 51.15%, 4, 34, 2, 2.40, 8615, 845
4258, 0, 0, 516, 516, 1, 51.15%, 4, 34, 2, 2.40, 8627, 845
4263, 0, 0, 516, 516, 1, 51.15%, 4, 34, 2, 2.39, 8639, 845
4268, 0, 0, 516, 516, 1, 51.15%, 4, 34, 2, 2.40, 8651, 845
4274, 0, 0, 517, 517, 1, 51.15%, 4, 34, 2, 2.45, 8668, 845
4279, 0, 0, 517, 517, 1, 51.15%, 4, 34, 2, 2.40, 8680, 845
4285, 0, 0, 518, 518, 1, 51.15%, 4, 34, 2, 2.11, 8699, 845
4290, 0, 0, 519, 519, 1, 51.21%, 4, 34, 2, 2.47, 8718, 846
4295, 0, 0, 519, 519, 1, 51.21%, 4, 34, 2, 2.45, 8731, 846
4300, 0, 0, 520, 520, 1, 51.21%, 4, 34, 2, 2.37, 8750, 846
4306, 0, 0, 520, 520, 1, 51.21%, 4, 34, 2, 2.40, 8763, 846
