# relative_time, cycles_done, cur_item, corpus_count, pending_total, pending_favs, map_size, saved_crashes, saved_hangs, max_depth, execs_per_sec, total_execs, edges_found
668, 0, 0, 2, 2, 1, 9.43%, 0, 0, 2, 0.03, 1283, 268
1386, 0, 0, 3, 3, 1, 9.43%, 0, 0, 2, 0.03, 1291, 268
2412, 0, 0, 4, 4, 1, 9.43%, 0, 0, 2, 0.03, 1304, 268
3409, 0, 0, 5, 5, 1, 9.43%, 0, 0, 2, 0.02, 1312, 268
4588, 0, 0, 6, 6, 1, 9.43%, 0, 0, 2, 0.02, 1325, 268
5622, 0, 0, 7, 7, 1, 9.46%, 1, 0, 2, 0.02, 1339, 269
6817, 0, 0, 8, 8, 1, 9.46%, 1, 0, 2, 0.02, 1352, 269
8005, 0, 0, 9, 9, 1, 9.53%, 1, 0, 2, 0.02, 1365, 271
8822, 0, 0, 10, 10, 1, 9.53%, 1, 0, 2, 0.02, 1378, 271
10144, 0, 0, 11, 11, 1, 9.57%, 1, 0, 2, 0.02, 1392, 272
11199, 0, 0, 12, 12, 1, 9.60%, 2, 0, 2, 0.02, 1406, 273
12247, 0, 0, 13, 13, 1, 9.60%, 2, 0, 2, 0.02, 1419, 273
13271, 0, 0, 14, 14, 1, 9.64%, 3, 0, 2, 0.02, 1434, 274
13742, 0, 0, 15, 15, 1, 9.67%, 4, 0, 2, 0.02, 1449, 275
14814, 0, 0, 16, 16, 1, 9.67%, 6, 0, 2, 0.02, 1460, 275
16005, 0, 0, 17, 17, 1, 9.85%, 6, 0, 2, 0.02, 1477, 280
17044, 0, 0, 18, 18, 1, 9.85%, 6, 0, 2, 0.02, 1491, 280
18090, 0, 0, 19, 19, 1, 9.85%, 6, 0, 2, 0.02, 1509, 280
19275, 0, 0, 20, 20, 1, 9.85%, 6, 0, 2, 0.02, 1522, 280
20001, 0, 0, 21, 21, 1, 9.85%, 7, 0, 2, 0.02, 1541, 280
21202, 0, 0, 22, 22, 1, 9.85%, 7, 0, 2, 0.02, 1550, 280
22251, 0, 0, 23, 23, 1, 9.85%, 7, 0, 2, 0.02, 1563, 280
23300, 0, 0, 24, 24, 1, 9.85%, 7, 0, 2, 0.02, 1578, 280
24298, 0, 0, 25, 25, 1, 9.85%, 7, 0, 2, 0.02, 1603, 280
25273, 0, 0, 26, 26, 1, 9.88%, 8, 0, 2, 0.01, 1633, 281
25985, 0, 0, 27, 27, 1, 9.88%, 8, 0, 2, 0.01, 1643, 281
26679, 0, 0, 28, 28, 1, 9.88%, 8, 0, 2, 0.01, 1654, 281
27842, 0, 0, 29, 29, 1, 10.09%, 9, 0, 2, 0.01, 1674, 287
28847, 0, 0, 30, 30, 1, 10.09%, 9, 0, 2, 0.01, 1691, 287
29294, 0, 0, 31, 31, 1, 10.09%, 9, 0, 2, 0.01, 1701, 287
29316, 0, 0, 31, 31, 1, 10.09%, 9, 0, 2, 0.01, 1702, 287
29778, 0, 0, 32, 32, 1, 10.09%, 9, 0, 2, 0.01, 1714, 287
30181, 0, 0, 33, 33, 1, 10.09%, 9, 0, 2, 0.02, 1730, 287
30638, 0, 0, 34, 34, 1, 10.24%, 9, 0, 2, 0.02, 1739, 291
31586, 0, 0, 35, 35, 1, 10.24%, 9, 0, 2, 0.02, 1753, 291
32355, 0, 0, 36, 36, 1, 10.24%, 9, 0, 2, 0.02, 1766, 291
33491, 0, 0, 37, 37, 1, 10.24%, 9, 0, 2, 0.02, 1785, 291
33948, 0, 0, 38, 38, 1, 10.24%, 9, 0, 2, 0.03, 1806, 291
34406, 0, 0, 39, 39, 1, 10.24%, 9, 0, 2, 0.03, 1814, 291
34869, 0, 0, 40, 40, 1, 10.24%, 9, 0, 2, 0.03, 1822, 291
35304, 0, 0, 41, 41, 1, 10.24%, 9, 0, 2, 0.02, 1830, 291
35773, 0, 0, 42, 42, 1, 10.31%, 9, 0, 2, 0.02, 1847, 293
36194, 0, 0, 43, 43, 1, 10.31%, 9, 0, 2, 0.02, 1855, 293
36656, 0, 0, 44, 44, 1, 10.38%, 9, 0, 2, 0.02, 1865, 295
37057, 0, 0, 45, 45, 1, 10.38%, 9, 0, 2, 0.03, 1921, 295
37522, 0, 0, 46, 46, 1, 10.41%, 9, 0, 2, 0.03, 1932, 296
37978, 0, 0, 47, 47, 1, 10.41%, 9, 0, 2, 0.03, 1941, 296
38432, 0, 0, 48, 48, 1, 10.45%, 9, 0, 2, 0.03, 1951, 297
38923, 0, 0, 49, 49, 1, 10.45%, 9, 0, 2, 0.03, 1959, 297
39383, 0, 0, 50, 50, 1, 10.45%, 9, 0, 2, 0.03, 1967, 297
39854, 0, 0, 51, 51, 1, 10.45%, 9, 0, 2, 0.03, 1975, 297
40342, 0, 0, 52, 52, 1, 10.45%, 9, 0, 2, 0.03, 2079, 297
41359, 0, 0, 53, 53, 1, 10.48%, 9, 0, 2, 0.01, 2111, 298
42046, 0, 0, 54, 54, 1, 10.48%, 9, 0, 2, 0.02, 2142, 298
42750, 0, 0, 55, 55, 1, 10.48%, 9, 0, 2, 0.02, 2150, 298
43450, 0, 0, 56, 56, 1, 10.48%, 9, 0, 2, 0.02, 2162, 298
43884, 0, 0, 57, 57, 1, 10.48%, 9, 0, 2, 0.03, 2184, 298
44316, 0, 0, 58, 58, 1, 10.48%, 9, 0, 2, 0.03, 2193, 298
44724, 0, 0, 59, 59, 1, 10.48%, 9, 0, 2, 0.03, 2205, 298
45153, 0, 0, 60, 60, 1, 10.48%, 9, 0, 2, 0.03, 2213, 298
45158, 0, 0, 60, 60, 1, 10.48%, 9, 0, 2, 30.50, 2361, 298
45561, 0, 0, 61, 61, 1, 10.48%, 9, 0, 2, 0.03, 2417, 298
46026, 0, 0, 62, 62, 1, 10.48%, 9, 0, 2, 0.02, 2552, 298
46493, 0, 0, 63, 63, 1, 10.48%, 9, 0, 2, 0.02, 2562, 298
46917, 0, 0, 64, 64, 1, 10.48%, 9, 0, 2, 0.02, 2571, 298
47313, 0, 0, 65, 65, 1, 10.48%, 9, 0, 2, 0.02, 2579, 298
47660, 0, 0, 66, 66, 1, 10.48%, 9, 0, 2, 0.02, 2601, 298
48008, 0, 0, 67, 67, 1, 10.48%, 9, 0, 2, 0.03, 2618, 298
48391, 0, 0, 68, 68, 1, 10.48%, 9, 0, 2, 0.03, 2631, 298
48396, 0, 0, 68, 68, 1, 10.48%, 9, 0, 2, 27.62, 2767, 298
48826, 0, 0, 69, 69, 1, 10.48%, 9, 0, 2, 0.02, 2777, 298
48831, 0, 0, 69, 69, 1, 10.48%, 9, 0, 2, 26.12, 2907, 298
48836, 0, 0, 69, 69, 1, 10.48%, 9, 0, 2, 26.03, 3038, 298
49322, 0, 0, 70, 70, 1, 10.48%, 9, 0, 2, 0.02, 3090, 298
49327, 0, 0, 70, 70, 1, 10.48%, 9, 0, 2, 26.17, 3218, 298
49835, 0, 0, 71, 71, 1, 10.48%, 9, 0, 2, 0.02, 3332, 298
50319, 0, 0, 72, 72, 1, 10.48%, 9, 0, 2, 0.02, 3348, 298
50869, 0, 0, 73, 73, 1, 10.48%, 9, 0, 2, 0.02, 3357, 298
51277, 0, 0, 74, 74, 1, 10.48%, 9, 0, 2, 0.03, 3411, 298
51282, 0, 0, 74, 74, 1, 10.48%, 9, 0, 2, 25.76, 3537, 298
51772, 0, 0, 75, 75, 1, 10.48%, 9, 0, 2, 0.02, 3578, 298
51777, 0, 0, 75, 75, 1, 10.48%, 9, 0, 2, 22.80, 3690, 298
51782, 0, 0, 75, 75, 1, 10.48%, 9, 0, 2, 22.12, 3805, 298
51787, 0, 0, 75, 75, 1, 10.48%, 9, 0, 2, 23.91, 3930, 298
51792, 0, 0, 75, 75, 1, 10.48%, 9, 0, 2, 25.67, 4060, 298
51798, 0, 0, 75, 75, 1, 10.48%, 9, 0, 2, 24.23, 4182, 298
51803, 0, 0, 75, 75, 1, 10.48%, 9, 0, 2, 25.49, 4310, 298
51808, 0, 0, 75, 75, 1, 10.48%, 9, 0, 2, 26.76, 4451, 298
52722, 0, 0, 76, 76, 1, 10.48%, 9, 0, 2, 0.01, 4473, 298
53231, 0, 0, 77, 77, 1, 10.48%, 9, 0, 2, 0.02, 4569, 298
53712, 0, 0, 78, 78, 1, 10.48%, 9, 0, 2, 0.03, 4588, 298
53717, 0, 0, 78, 78, 1, 10.48%, 9, 0, 2, 28.12, 4731, 298
53723, 0, 0, 78, 78, 1, 10.48%, 9, 0, 2, 26.54, 4865, 298
54297, 0, 0, 79, 79, 1, 10.73%, 9, 0, 2, 0.02, 4935, 305
54872, 0, 0, 80, 80, 1, 10.73%, 9, 0, 2, 0.02, 4973, 305
54877, 0, 0, 80, 80, 1, 10.73%, 9, 0, 2, 28.26, 5116, 305
54882, 0, 0, 80, 80, 1, 10.73%, 9, 0, 2, 27.62, 5257, 305
54887, 0, 0, 80, 80, 1, 10.73%, 9, 0, 2, 26.58, 5390, 305
54893, 0, 0, 80, 80, 1, 10.73%, 9, 0, 2, 26.95, 5527, 305
54898, 0, 0, 80, 80, 1, 10.73%, 9, 0, 2, 26.11, 5657, 305
54903, 0, 0, 80, 80, 1, 10.73%, 9, 0, 2, 26.78, 5797, 305
54908, 0, 0, 80, 80, 1, 10.73%, 9, 0, 2, 27.43, 5939, 305
54913, 0, 0, 80, 80, 1, 10.73%, 9, 0, 2, 27.91, 6082, 305
54918, 0, 0, 80, 80, 1, 10.73%, 9, 0, 2, 28.24, 6222, 305
54923, 0, 0, 80, 80, 1, 10.73%, 9, 0, 2, 29.36, 6371, 305
54929, 0, 0, 80, 80, 1, 10.73%, 9, 0, 2, 28.70, 6519, 305
54934, 0, 0, 80, 80, 1, 10.73%, 9, 0, 2, 28.61, 6668, 305
55404, 0, 0, 81, 81, 1, 10.73%, 9, 0, 2, 0.02, 6793, 305
56552, 0, 0, 82, 82, 1, 10.73%, 9, 0, 2, 0.01, 6960, 305
57707, 0, 0, 83, 83, 1, 10.73%, 9, 0, 2, 0.01, 6983, 305
58851, 0, 0, 84, 84, 1, 10.73%, 9, 0, 2, 0.01, 7002, 305
59417, 0, 0, 85, 85, 1, 10.73%, 10, 0, 2, 0.01, 7084, 305
60557, 0, 0, 86, 86, 1, 10.73%, 10, 0, 2, 0.02, 7127, 305
61706, 0, 0, 87, 87, 1, 10.73%, 10, 0, 2, 0.01, 7212, 305
63271, 0, 0, 88, 88, 1, 10.73%, 11, 0, 2, 0.01, 7701, 305
64413, 0, 0, 89, 89, 1, 10.80%, 11, 0, 2, 0.01, 7747, 307
65564, 0, 0, 90, 90, 1, 10.83%, 12, 0, 2, 0.02, 8203, 308
65569, 0, 0, 90, 90, 1, 10.83%, 12, 0, 2, 94.99, 8716, 308
66717, 0, 0, 91, 91, 1, 10.87%, 12, 0, 2, 0.01, 9089, 309
67869, 0, 0, 92, 92, 1, 10.87%, 12, 0, 2, 0.02, 9275, 309
69037, 0, 0, 93, 93, 1, 10.94%, 12, 0, 2, 0.03, 9511, 311
70242, 0, 0, 94, 94, 1, 11.01%, 13, 0, 2, 0.02, 9958, 313
70247, 0, 0, 94, 94, 1, 11.01%, 13, 0, 2, 96.83, 10461, 313
70252, 0, 0, 94, 94, 1, 11.01%, 13, 0, 2, 101.16, 10995, 313
71431, 0, 0, 95, 95, 1, 11.12%, 13, 0, 2, 0.02, 11063, 316
72636, 0, 0, 96, 96, 1, 11.12%, 14, 0, 2, 0.02, 11180, 316
72641, 0, 0, 96, 96, 1, 11.12%, 14, 0, 2, 85.75, 11641, 316
72646, 0, 0, 96, 96, 1, 11.12%, 14, 0, 2, 91.34, 12101, 316
73845, 0, 0, 97, 97, 1, 11.26%, 14, 0, 2, 0.02, 12173, 320
73850, 0, 0, 97, 97, 1, 11.26%, 14, 0, 2, 102.98, 12747, 320
75060, 0, 0, 98, 98, 1, 11.36%, 14, 0, 2, 0.03, 13342, 323
75065, 0, 0, 98, 98, 1, 11.36%, 14, 0, 2, 112.00, 13897, 323
75070, 0, 0, 98, 98, 1, 11.36%, 15, 0, 2, 112.92, 14469, 323
75075, 0, 0, 98, 98, 1, 11.36%, 15, 0, 2, 116.27, 15045, 323
75080, 0, 0, 98, 98, 1, 11.36%, 15, 0, 2, 119.51, 15675, 323
76265, 0, 0, 99, 99, 1, 11.36%, 15, 0, 2, 0.03, 16035, 323
76270, 0, 0, 99, 99, 1, 11.36%, 15, 0, 2, 159.62, 16876, 323
77439, 0, 0, 100, 100, 1, 11.40%, 15, 0, 2, 0.03, 17305, 324
78591, 0, 0, 101, 101, 1, 11.40%, 15, 0, 2, 0.02, 17465, 324
78596, 0, 0, 101, 101, 1, 11.40%, 15, 0, 2, 95.61, 17972, 324
78601, 0, 0, 101, 101, 1, 11.40%, 15, 0, 2, 99.75, 18477, 324
78606, 0, 0, 101, 101, 1, 11.40%, 15, 0, 2, 98.70, 18971, 324
78611, 0, 0, 101, 101, 1, 11.40%, 15, 0, 2, 102.40, 19502, 324
78616, 0, 0, 101, 101, 1, 11.40%, 15, 0, 2, 101.74, 20016, 324
78621, 0, 0, 101, 101, 1, 11.40%, 15, 0, 2, 98.47, 20498, 324
78626, 0, 0, 101, 101, 1, 11.40%, 15, 0, 2, 100.21, 20996, 324
78631, 0, 0, 101, 101, 1, 11.40%, 15, 0, 2, 101.27, 21508, 324
78637, 0, 0, 101, 101, 1, 11.40%, 15, 0, 2, 103.20, 22048, 324
78642, 0, 0, 101, 101, 1, 11.40%, 15, 0, 2, 101.49, 22572, 324
78647, 0, 0, 101, 101, 1, 11.40%, 15, 0, 2, 102.49, 23082, 324
78652, 0, 0, 101, 101, 1, 11.40%, 15, 0, 2, 103.86, 23600, 324
78657, 0, 0, 101, 101, 1, 11.40%, 15, 0, 2, 108.06, 24162, 324
78662, 0, 0, 101, 101, 1, 11.40%, 15, 0, 2, 109.17, 24714, 324
78667, 0, 0, 101, 101, 1, 11.40%, 15, 0, 2, 107.98, 25246, 324
78672, 0, 0, 101, 101, 1, 11.40%, 16, 0, 2, 110.33, 25804, 324
78678, 0, 0, 101, 101, 1, 11.40%, 16, 0, 2, 103.79, 26334, 324
78683, 0, 0, 101, 101, 1, 11.40%, 16, 0, 2, 107.89, 26872, 324
78688, 0, 0, 101, 101, 1, 11.40%, 16, 0, 2, 105.83, 27406, 324
78693, 0, 0, 101, 101, 1, 11.40%, 16, 0, 2, 106.75, 27944, 324
79853, 0, 0, 102, 102, 1, 11.47%, 16, 0, 2, 0.02, 28438, 326
79858, 0, 0, 102, 102, 1, 11.47%, 16, 0, 2, 143.22, 29158, 326
79863, 0, 0, 102, 102, 1, 11.47%, 16, 0, 2, 146.34, 29912, 326
79868, 0, 0, 102, 102, 1, 11.47%, 16, 0, 2, 146.05, 30632, 326
79873, 0, 0, 102, 102, 1, 11.47%, 16, 0, 2, 153.14, 31421, 326
79878, 0, 0, 102, 102, 1, 11.47%, 16, 0, 2, 157.77, 32210, 326
81155, 0, 0, 103, 103, 1, 11.54%, 16, 0, 2, 0.03, 32789, 328
81160, 0, 0, 103, 103, 1, 11.54%, 16, 0, 2, 110.11, 33382, 328
81165, 0, 0, 103, 103, 1, 11.54%, 16, 0, 2, 113.10, 33958, 328
81171, 0, 0, 103, 103, 1, 11.54%, 16, 0, 2, 119.79, 34598, 328
81176, 0, 0, 103, 103, 1, 11.54%, 16, 0, 2, 119.98, 35200, 328
81181, 0, 0, 103, 103, 1, 11.54%, 16, 0, 2, 119.50, 35820, 328
81186, 0, 0, 103, 103, 1, 11.54%, 16, 0, 2, 125.57, 36488, 328
81191, 0, 0, 103, 103, 1, 11.54%, 16, 0, 2, 118.84, 37074, 328
81196, 0, 0, 103, 103, 1, 11.54%, 16, 0, 2, 134.06, 37764, 328
81201, 0, 0, 103, 103, 1, 11.54%, 16, 0, 2, 148.45, 38528, 328
81206, 0, 0, 103, 103, 1, 11.54%, 16, 0, 2, 143.28, 39262, 328
81212, 0, 0, 103, 103, 1, 11.54%, 16, 0, 2, 141.41, 39974, 328
81217, 0, 0, 103, 103, 1, 11.54%, 16, 0, 2, 143.37, 40702, 328
81222, 0, 0, 103, 103, 1, 11.54%, 16, 0, 2, 146.93, 41466, 328
81227, 0, 0, 103, 103, 1, 11.54%, 16, 0, 2, 153.24, 42254, 328
81232, 0, 0, 103, 103, 1, 11.54%, 16, 0, 2, 153.74, 43031, 328
82021, 0, 0, 104, 104, 1, 11.57%, 16, 0, 2, 0.01, 43420, 329
82026, 0, 0, 104, 104, 1, 11.57%, 16, 0, 2, 148.52, 44199, 329
82031, 0, 0, 104, 104, 1, 11.57%, 16, 0, 2, 142.11, 44913, 329
82036, 0, 0, 104, 104, 1, 11.57%, 16, 0, 2, 143.26, 45653, 329
82041, 0, 0, 104, 104, 1, 11.57%, 16, 0, 2, 138.95, 46349, 329
82046, 0, 0, 104, 104, 1, 11.57%, 16, 0, 2, 145.00, 47083, 329
82052, 0, 0, 104, 104, 1, 11.57%, 16, 0, 2, 142.83, 47831, 329
82057, 0, 0, 104, 104, 1, 11.57%, 16, 0, 2, 149.80, 48585, 329
82062, 0, 0, 104, 104, 1, 11.57%, 16, 0, 2, 156.76, 49374, 329
82067, 0, 0, 104, 104, 1, 11.57%, 16, 0, 2, 153.55, 50166, 329
82072, 0, 0, 104, 104, 1, 11.57%, 16, 0, 2, 153.71, 50919, 329
82077, 0, 0, 104, 104, 1, 11.57%, 16, 0, 2, 160.33, 51738, 329
82082, 0, 0, 104, 104, 1, 11.57%, 16, 0, 2, 155.65, 52545, 329
83232, 0, 0, 105, 105, 1, 11.61%, 16, 0, 2, 0.04, 53054, 330
83237, 0, 0, 105, 105, 1, 11.61%, 16, 0, 2, 114.76, 53657, 330
83242, 0, 0, 105, 105, 1, 11.61%, 17, 0, 2, 127.06, 54321, 330
83247, 0, 0, 105, 105, 1, 11.61%, 17, 0, 2, 129.13, 54997, 330
83252, 0, 0, 105, 105, 1, 11.61%, 17, 0, 2, 130.98, 55637, 330
83257, 0, 0, 105, 105, 1, 11.61%, 17, 0, 2, 133.38, 56303, 330
83262, 0, 0, 105, 105, 1, 11.61%, 17, 0, 2, 136.75, 57007, 330
83267, 0, 0, 105, 105, 1, 11.61%, 17, 0, 2, 131.94, 57693, 330
83272, 0, 0, 105, 105, 1, 11.61%, 17, 0, 2, 128.75, 58351, 330
84235, 0, 0, 106, 106, 1, 11.64%, 17, 0, 2, 0.03, 58827, 331
84241, 0, 0, 106, 106, 1, 11.64%, 17, 0, 2, 119.74, 59457, 331
84246, 0, 0, 106, 106, 1, 11.64%, 17, 0, 2, 126.41, 60111, 331
84251, 0, 0, 106, 106, 1, 11.64%, 17, 0, 2, 129.67, 60787, 331
84256, 0, 0, 106, 106, 1, 11.64%, 17, 0, 2, 136.84, 61509, 331
84261, 0, 0, 106, 106, 1, 11.64%, 18, 0, 2, 129.17, 62137, 331
84266, 0, 0, 106, 106, 1, 11.64%, 18, 0, 2, 121.33, 62755, 331
84271, 0, 0, 106, 106, 1, 11.64%, 18, 0, 2, 127.55, 63439, 331
84277, 0, 0, 106, 106, 1, 11.64%, 18, 0, 2, 139.42, 64173, 331
84282, 0, 0, 106, 106, 1, 11.64%, 18, 0, 2, 142.80, 64897, 331
84287, 0, 0, 106, 106, 1, 11.64%, 18, 0, 2, 139.82, 65611, 331
84292, 0, 0, 106, 106, 1, 11.64%, 18, 0, 2, 150.60, 66402, 331
84297, 0, 0, 106, 106, 1, 11.64%, 18, 0, 2, 148.65, 67159, 331
84302, 0, 0, 106, 106, 1, 11.64%, 18, 0, 2, 139.68, 67887, 331
84307, 0, 0, 106, 106, 1, 11.64%, 18, 0, 2, 141.70, 68647, 331
84313, 0, 0, 106, 106, 1, 11.64%, 18, 0, 2, 146.54, 69407, 331
84318, 0, 0, 106, 106, 1, 11.64%, 18, 0, 2, 143.87, 70121, 331
84323, 0, 0, 106, 106, 1, 11.64%, 18, 0, 2, 155.28, 70914, 331
84328, 0, 0, 106, 106, 1, 11.64%, 18, 0, 2, 155.46, 71688, 331
84333, 0, 0, 106, 106, 1, 11.64%, 18, 0, 2, 155.73, 72471, 331
85615, 0, 0, 107, 107, 1, 11.71%, 18, 0, 2, 0.03, 73109, 333
85620, 0, 0, 107, 107, 1, 11.71%, 18, 0, 2, 148.07, 73905, 333
85625, 0, 0, 107, 107, 1, 11.71%, 18, 0, 2, 151.29, 74679, 333
85630, 0, 0, 107, 107, 1, 11.71%, 18, 0, 2, 152.55, 75453, 333
85635, 0, 0, 107, 107, 1, 11.71%, 18, 0, 2, 155.32, 76242, 333
85640, 0, 0, 107, 107, 1, 11.71%, 18, 0, 2, 157.00, 77025, 333
85645, 0, 0, 107, 107, 1, 11.71%, 18, 0, 2, 158.76, 77817, 333
85650, 0, 0, 107, 107, 1, 11.71%, 18, 0, 2, 155.29, 78591, 333
85655, 0, 0, 107, 107, 1, 11.71%, 18, 0, 2, 156.17, 79380, 333
85660, 0, 0, 107, 107, 1, 11.71%, 18, 0, 2, 151.37, 80118, 333
85666, 0, 0, 107, 107, 1, 11.71%, 18, 0, 2, 155.83, 80916, 333
85671, 0, 0, 107, 107, 1, 11.71%, 18, 0, 2, 158.19, 81645, 333
85676, 0, 0, 107, 107, 1, 11.71%, 18, 0, 2, 171.77, 82557, 333
85681, 0, 0, 107, 107, 1, 11.71%, 18, 0, 2, 172.59, 83454, 333
85686, 0, 0, 107, 107, 1, 11.71%, 18, 0, 2, 172.50, 84324, 333
85691, 0, 0, 107, 107, 1, 11.71%, 19, 0, 2, 175.65, 85209, 333
85696, 0, 0, 107, 107, 1, 11.71%, 19, 0, 2, 173.69, 86115, 333
85702, 0, 0, 107, 107, 1, 11.71%, 19, 0, 2, 174.70, 87024, 333
85707, 0, 0, 107, 107, 1, 11.71%, 19, 0, 2, 171.27, 87900, 333
85712, 0, 0, 107, 107, 1, 11.71%, 19, 0, 2, 172.47, 88773, 333
85717, 0, 0, 107, 107, 1, 11.71%, 19, 0, 2, 163.08, 89595, 333
85722, 0, 0, 107, 107, 1, 11.71%, 19, 0, 2, 168.42, 90438, 333
85727, 0, 0, 107, 107, 1, 11.71%, 19, 0, 2, 192.23, 91302, 333
85732, 0, 0, 107, 107, 1, 11.71%, 19, 0, 2, 169.64, 92145, 333
85737, 0, 0, 107, 107, 1, 11.71%, 19, 0, 2, 173.08, 93054, 333
85742, 0, 0, 107, 107, 1, 11.71%, 19, 0, 2, 175.21, 93942, 333
85747, 0, 0, 107, 107, 1, 11.71%, 19, 0, 2, 163.01, 94764, 333
85752, 0, 0, 107, 107, 1, 11.71%, 19, 0, 2, 165.38, 95610, 333
85757, 0, 0, 107, 107, 1, 11.71%, 19, 0, 2, 172.80, 96477, 333
85762, 0, 0, 107, 107, 1, 11.71%, 19, 0, 2, 182.98, 97413, 333
85768, 0, 0, 107, 107, 1, 11.71%, 19, 0, 2, 170.02, 98247, 333
85773, 0, 0, 107, 107, 1, 11.71%, 20, 0, 2, 177.14, 99144, 333
85778, 0, 0, 107, 107, 1, 11.71%, 20, 0, 2, 176.50, 100023, 333
85783, 0, 0, 107, 107, 1, 11.71%, 20, 0, 2, 180.14, 100932, 333
85788, 0, 0, 107, 107, 1, 11.71%, 20, 0, 2, 177.82, 101838, 333
85793, 0, 0, 107, 107, 1, 11.71%, 20, 0, 2, 168.23, 102645, 333
85798, 0, 0, 107, 107, 1, 11.71%, 21, 0, 2, 176.80, 103563, 333
85803, 0, 0, 107, 107, 1, 11.71%, 21, 0, 2, 174.70, 104454, 333
85808, 0, 0, 107, 107, 1, 11.71%, 21, 0, 2, 176.63, 105372, 333
85814, 0, 0, 107, 107, 1, 11.71%, 21, 0, 2, 174.02, 106242, 333
85819, 0, 0, 107, 107, 1, 11.71%, 21, 0, 2, 176.95, 107130, 333
85824, 0, 0, 107, 107, 1, 11.71%, 21, 0, 2, 174.99, 108012, 333
85829, 0, 0, 107, 107, 1, 11.71%, 21, 0, 2, 172.62, 108876, 333
85834, 0, 0, 107, 107, 1, 11.71%, 22, 0, 2, 167.47, 109719, 333
85839, 0, 0, 107, 107, 1, 11.71%, 22, 0, 2, 168.41, 110520, 333
85844, 0, 0, 107, 107, 1, 11.71%, 22, 0, 2, 172.47, 111414, 333
85849, 0, 0, 107, 107, 1, 11.71%, 22, 0, 2, 177.83, 112311, 333
85854, 0, 0, 107, 107, 1, 11.71%, 22, 0, 2, 177.76, 113202, 333
85859, 0, 0, 107, 107, 1, 11.71%, 22, 0, 2, 174.44, 114057, 333
85864, 0, 0, 107, 107, 1, 11.71%, 22, 0, 2, 169.66, 114909, 333
85869, 0, 0, 107, 107, 1, 11.71%, 22, 0, 2, 169.43, 115794, 333
85875, 0, 0, 107, 107, 1, 11.71%, 22, 0, 2, 169.12, 116673, 333
86399, 0, 0, 108, 108, 1, 11.75%, 22, 0, 2, 0.00, 117058, 334
