# relative_time, cycles_done, cur_item, corpus_count, pending_total, pending_favs, map_size, saved_crashes, saved_hangs, max_depth, execs_per_sec, total_execs, edges_found
61, 0, 0, 1, 1, 1, 7.85%, 0, 0, 1, 2.00, 111, 181
66, 0, 0, 1, 1, 1, 7.85%, 0, 0, 1, 2.10, 121, 181
71, 0, 0, 1, 1, 1, 7.85%, 0, 0, 1, 2.54, 132, 181
76, 0, 0, 1, 1, 1, 7.85%, 0, 0, 1, 2.91, 144, 181
83, 0, 0, 1, 1, 1, 7.85%, 0, 0, 1, 0.54, 154, 181
89, 0, 0, 1, 1, 1, 7.85%, 0, 0, 1, 2.13, 174, 181
94, 0, 0, 1, 1, 1, 7.85%, 0, 0, 1, 2.54, 186, 181
99, 0, 0, 1, 1, 1, 7.85%, 0, 0, 1, 2.47, 197, 181
105, 0, 0, 1, 1, 1, 7.85%, 0, 0, 1, 2.46, 206, 181
110, 0, 0, 1, 1, 1, 7.85%, 0, 0, 1, 2.26, 214, 181
115, 0, 0, 1, 1, 1, 7.85%, 0, 0, 1, 2.15, 223, 181
120, 0, 0, 1, 1, 1, 7.85%, 0, 0, 1, 2.11, 233, 181
125, 0, 0, 1, 1, 1, 7.85%, 0, 0, 1, 2.08, 243, 181
130, 0, 0, 1, 1, 1, 7.85%, 0, 0, 1, 2.01, 252, 181
135, 0, 0, 1, 1, 1, 7.85%, 0, 0, 1, 2.04, 263, 181
140, 0, 0, 1, 1, 1, 7.85%, 0, 0, 1, 1.98, 272, 181
145, 0, 0, 1, 1, 1, 7.85%, 0, 0, 1, 1.93, 281, 181
150, 0, 0, 1, 1, 1, 7.85%, 0, 0, 1, 2.06, 291, 181
156, 0, 0, 1, 1, 1, 7.85%, 0, 0, 1, 1.91, 298, 181
161, 0, 0, 1, 1, 1, 7.85%, 0, 0, 1, 1.88, 307, 181
166, 0, 0, 1, 1, 1, 7.85%, 0, 0, 1, 1.84, 316, 181
171, 0, 0, 1, 1, 1, 7.85%, 0, 0, 1, 2.37, 342, 181
176, 0, 0, 1, 1, 1, 7.85%, 0, 0, 1, 3.04, 354, 181
213, 0, 0, 1, 1, 1, 7.85%, 0, 0, 1, 0.09, 363, 181
218, 0, 0, 1, 1, 1, 7.85%, 0, 0, 1, 2.66, 376, 181
223, 0, 0, 1, 1, 1, 7.85%, 0, 0, 1, 2.72, 388, 181
228, 0, 0, 1, 1, 1, 7.85%, 0, 0, 1, 2.66, 399, 181
234, 0, 0, 1, 1, 1, 7.85%, 0, 0, 1, 2.70, 409, 181
239, 0, 0, 1, 1, 1, 7.85%, 0, 0, 1, 2.48, 418, 181
244, 0, 0, 1, 1, 1, 7.85%, 0, 0, 1, 2.41, 429, 181
249, 0, 0, 1, 1, 1, 7.85%, 0, 0, 1, 2.26, 438, 181
254, 0, 0, 1, 1, 1, 7.85%, 0, 0, 1, 2.10, 446, 181
259, 0, 0, 1, 1, 1, 7.85%, 0, 0, 1, 2.18, 456, 181
264, 0, 0, 1, 1, 1, 7.85%, 0, 0, 1, 2.23, 465, 181
269, 0, 0, 1, 1, 1, 7.85%, 0, 0, 1, 2.19, 474, 181
275, 0, 0, 1, 1, 1, 7.85%, 0, 0, 1, 2.22, 486, 181
280, 0, 0, 1, 1, 1, 7.85%, 0, 0, 1, 2.74, 497, 181
285, 0, 0, 1, 1, 1, 7.85%, 0, 0, 1, 3.15, 509, 181
290, 0, 0, 1, 1, 1, 7.85%, 0, 0, 1, 2.97, 521, 181
295, 0, 0, 1, 1, 1, 7.85%, 0, 0, 1, 3.13, 533, 181
300, 0, 0, 1, 1, 1, 7.85%, 0, 0, 1, 3.37, 545, 181
305, 0, 0, 1, 1, 1, 7.85%, 0, 0, 1, 3.36, 557, 181
310, 0, 0, 1, 1, 1, 7.85%, 0, 0, 1, 3.73, 569, 181
316, 0, 0, 1, 1, 1, 7.85%, 0, 0, 1, 3.55, 581, 181
321, 0, 0, 1, 1, 1, 7.85%, 0, 0, 1, 3.32, 593, 181
326, 0, 0, 1, 1, 1, 7.85%, 0, 0, 1, 3.43, 605, 181
331, 0, 0, 1, 1, 1, 7.85%, 0, 0, 1, 3.77, 617, 181
336, 0, 0, 1, 1, 1, 7.85%, 0, 0, 1, 3.63, 629, 181
341, 0, 0, 1, 1, 1, 7.85%, 0, 0, 1, 2.40, 672, 181
346, 0, 0, 1, 1, 1, 7.85%, 0, 0, 1, 3.00, 684, 181
351, 0, 0, 1, 1, 1, 7.85%, 0, 0, 1, 3.15, 696, 181
356, 0, 0, 1, 1, 1, 7.85%, 0, 0, 1, 3.27, 708, 181
362, 0, 0, 1, 1, 1, 7.85%, 0, 0, 1, 3.29, 720, 181
367, 0, 0, 1, 1, 1, 7.85%, 0, 0, 1, 3.21, 732, 181
372, 0, 0, 1, 1, 1, 7.85%, 0, 0, 1, 3.21, 744, 181
377, 0, 0, 1, 1, 1, 7.85%, 0, 0, 1, 3.08, 756, 181
383, 0, 0, 1, 1, 1, 7.85%, 0, 0, 1, 2.82, 769, 181
388, 0, 0, 1, 1, 1, 7.85%, 0, 0, 1, 2.79, 781, 181
393, 0, 0, 1, 1, 1, 7.85%, 0, 0, 1, 2.62, 792, 181
398, 0, 0, 1, 1, 1, 7.85%, 0, 0, 1, 2.48, 802, 181
404, 0, 0, 1, 1, 1, 7.85%, 0, 0, 1, 2.31, 811, 181
409, 0, 0, 1, 1, 1, 7.85%, 0, 0, 1, 2.24, 821, 181
414, 0, 0, 1, 1, 1, 7.85%, 0, 0, 1, 2.37, 832, 181
419, 0, 0, 1, 1, 1, 7.85%, 0, 0, 1, 2.29, 842, 181
424, 0, 0, 1, 1, 1, 7.85%, 0, 0, 1, 2.16, 851, 181
429, 0, 0, 1, 1, 1, 7.85%, 0, 0, 1, 2.46, 862, 181
434, 0, 0, 1, 1, 1, 7.85%, 0, 0, 1, 2.68, 874, 181
440, 0, 0, 1, 1, 1, 7.85%, 0, 0, 1, 2.86, 885, 181
445, 0, 0, 1, 1, 1, 7.85%, 0, 0, 1, 3.03, 897, 181
450, 0, 0, 1, 1, 1, 7.85%, 0, 0, 1, 3.22, 909, 181
455, 0, 0, 1, 1, 1, 7.85%, 0, 0, 1, 3.62, 921, 181
460, 0, 0, 1, 1, 1, 7.85%, 0, 0, 1, 3.70, 933, 181
465, 0, 0, 1, 1, 1, 7.85%, 0, 0, 1, 3.72, 945, 181
470, 0, 0, 1, 1, 1, 7.85%, 0, 0, 1, 3.58, 957, 181
475, 0, 0, 1, 1, 1, 7.85%, 0, 0, 1, 3.52, 969, 181
481, 0, 0, 1, 1, 1, 7.85%, 0, 0, 1, 3.28, 981, 181
486, 0, 0, 1, 1, 1, 7.85%, 0, 0, 1, 3.03, 993, 181
491, 0, 0, 1, 1, 1, 7.85%, 0, 0, 1, 2.92, 1005, 181
496, 0, 0, 1, 1, 1, 7.85%, 0, 0, 1, 2.76, 1017, 181
501, 0, 0, 1, 1, 1, 7.85%, 0, 0, 1, 2.68, 1029, 181
506, 0, 0, 1, 1, 1, 7.85%, 0, 0, 1, 2.60, 1041, 181
511, 0, 0, 1, 1, 1, 7.85%, 0, 0, 1, 2.53, 1053, 181
516, 0, 0, 1, 1, 1, 7.85%, 0, 0, 1, 2.47, 1065, 181
522, 0, 0, 1, 1, 1, 7.85%, 0, 0, 1, 2.41, 1077, 181
527, 0, 0, 1, 1, 1, 7.85%, 0, 0, 1, 2.37, 1089, 181
532, 0, 0, 1, 1, 1, 7.85%, 0, 0, 1, 2.34, 1101, 181
537, 0, 0, 1, 1, 1, 7.85%, 0, 0, 1, 2.30, 1113, 181
542, 0, 0, 1, 1, 1, 7.85%, 0, 0, 1, 2.44, 1125, 181
548, 0, 0, 1, 1, 1, 7.85%, 0, 0, 1, 2.46, 1138, 181
553, 0, 0, 1, 1, 1, 7.85%, 0, 0, 1, 2.51, 1149, 181
558, 0, 0, 1, 1, 1, 7.85%, 0, 0, 1, 2.51, 1160, 181
563, 0, 0, 1, 1, 1, 7.85%, 0, 0, 1, 2.47, 1172, 181
568, 0, 0, 1, 1, 1, 7.85%, 0, 0, 1, 2.66, 1184, 181
573, 0, 0, 1, 1, 1, 7.85%, 0, 0, 1, 3.02, 1196, 181
578, 0, 0, 1, 1, 1, 7.85%, 0, 0, 1, 3.45, 1208, 181
584, 0, 0, 1, 1, 1, 7.85%, 0, 0, 1, 3.37, 1220, 181
589, 0, 0, 1, 1, 1, 7.85%, 0, 0, 1, 3.71, 1232, 181
594, 0, 0, 1, 1, 1, 7.85%, 0, 0, 1, 3.65, 1244, 181
599, 0, 0, 1, 1, 1, 7.85%, 0, 0, 1, 3.51, 1256, 181
604, 0, 0, 1, 1, 1, 7.85%, 0, 0, 1, 3.72, 1268, 181
1438, 0, 0, 2, 2, 1, 8.33%, 0, 0, 2, 0.02, 1288, 192
2301, 0, 0, 3, 3, 1, 8.37%, 0, 0, 2, 0.02, 1302, 193
3184, 0, 0, 4, 4, 1, 8.42%, 0, 0, 2, 0.02, 1315, 194
4537, 0, 0, 5, 5, 1, 8.42%, 0, 0, 2, 0.02, 1328, 194
7912, 0, 0, 6, 6, 1, 8.42%, 0, 0, 2, 0.02, 1341, 194
9643, 0, 0, 7, 7, 1, 8.63%, 0, 0, 2, 0.01, 1362, 199
12663, 0, 0, 8, 8, 1, 8.68%, 0, 0, 2, 0.01, 1367, 200
15582, 0, 0, 9, 9, 1, 8.68%, 0, 0, 2, 0.01, 1380, 200
16588, 0, 0, 10, 10, 1, 8.76%, 0, 0, 2, 0.01, 1390, 202
17729, 0, 0, 11, 11, 1, 8.76%, 0, 0, 2, 0.01, 1402, 202
24519, 0, 0, 12, 12, 1, 8.76%, 0, 0, 2, 0.01, 1415, 202
24524, 0, 0, 12, 12, 1, 8.76%, 0, 0, 2, 3.31, 1425, 202
24530, 0, 0, 12, 12, 1, 8.76%, 0, 0, 2, 2.78, 1434, 202
24536, 0, 0, 12, 12, 1, 8.76%, 0, 0, 2, 2.61, 1444, 202
24541, 0, 0, 12, 12, 1, 8.76%, 0, 0, 2, 2.43, 1453, 202
34047, 0, 0, 13, 13, 1, 8.76%, 0, 0, 2, 0.00, 1469, 202
34052, 0, 0, 13, 13, 1, 8.76%, 0, 0, 2, 4.23, 1476, 202
34057, 0, 0, 13, 13, 1, 8.76%, 0, 0, 2, 3.75, 1485, 202
34064, 0, 0, 13, 13, 1, 8.76%, 0, 0, 2, 0.55, 1493, 202
34070, 0, 0, 13, 13, 1, 8.76%, 0, 0, 2, 0.66, 1500, 202
34075, 0, 0, 13, 13, 1, 8.76%, 0, 0, 2, 1.07, 1508, 202
34080, 0, 0, 13, 13, 1, 8.76%, 0, 0, 2, 1.27, 1515, 202
34722, 0, 0, 14, 14, 1, 8.76%, 0, 0, 2, 0.01, 1530, 202
34728, 0, 0, 14, 14, 1, 8.76%, 0, 0, 2, 0.55, 1534, 202
34734, 0, 0, 14, 14, 1, 8.76%, 0, 0, 2, 0.64, 1537, 202
34740, 0, 0, 14, 14, 1, 8.76%, 0, 0, 2, 4.48, 1544, 202
34746, 0, 0, 14, 14, 1, 8.76%, 0, 0, 2, 0.93, 1553, 202
34751, 0, 0, 14, 14, 1, 8.76%, 0, 0, 2, 1.14, 1560, 202
34757, 0, 0, 14, 14, 1, 8.76%, 0, 0, 2, 0.86, 1572, 202
34763, 0, 0, 14, 14, 1, 8.76%, 1, 0, 2, 0.66, 1581, 202
34769, 0, 0, 14, 14, 1, 8.76%, 1, 0, 2, 1.20, 1591, 202
36099, 0, 0, 15, 15, 1, 8.76%, 1, 0, 2, 0.01, 1605, 202
36104, 0, 0, 15, 15, 1, 8.76%, 1, 0, 2, 1.81, 1613, 202
36109, 0, 0, 15, 15, 1, 8.76%, 1, 0, 2, 1.88, 1622, 202
36122, 0, 0, 15, 15, 1, 8.76%, 1, 0, 2, 0.12, 1629, 202
36128, 0, 0, 15, 15, 1, 8.76%, 1, 0, 2, 0.34, 1634, 202
40795, 0, 0, 16, 16, 1, 8.81%, 1, 0, 2, 0.00, 1647, 203
40800, 0, 0, 16, 16, 1, 8.81%, 1, 0, 2, 3.92, 1654, 203
40806, 0, 0, 16, 16, 1, 8.81%, 1, 0, 2, 3.05, 1661, 203
40812, 0, 0, 16, 16, 1, 8.81%, 1, 0, 2, 0.37, 1666, 203
40817, 0, 0, 16, 16, 1, 8.81%, 1, 0, 2, 2.69, 1673, 203
40823, 0, 0, 16, 16, 1, 8.81%, 1, 0, 2, 2.33, 1679, 203
40828, 0, 0, 16, 16, 1, 8.81%, 1, 0, 2, 2.13, 1687, 203
40834, 0, 0, 16, 16, 1, 8.81%, 2, 0, 2, 2.08, 1695, 203
40840, 0, 0, 16, 16, 1, 8.81%, 2, 0, 2, 1.97, 1701, 203
40845, 0, 0, 16, 16, 1, 8.81%, 2, 0, 2, 1.91, 1710, 203
40851, 0, 0, 16, 16, 1, 8.81%, 2, 0, 2, 1.74, 1716, 203
40858, 0, 0, 16, 16, 1, 8.81%, 2, 0, 2, 1.70, 1724, 203
40863, 0, 0, 16, 16, 1, 8.81%, 2, 0, 2, 1.81, 1733, 203
40870, 0, 0, 16, 16, 1, 8.81%, 2, 0, 2, 1.62, 1740, 203
41554, 0, 0, 17, 17, 1, 8.81%, 2, 0, 2, 0.01, 1752, 203
41559, 0, 0, 17, 17, 1, 8.81%, 2, 0, 2, 2.49, 1760, 203
41567, 0, 0, 17, 17, 1, 8.81%, 2, 0, 2, 0.33, 1767, 203
41573, 0, 0, 17, 17, 1, 8.81%, 2, 0, 2, 0.57, 1774, 203
41578, 0, 0, 17, 17, 1, 8.81%, 2, 0, 2, 0.89, 1783, 203
41583, 0, 0, 17, 17, 1, 8.81%, 2, 0, 2, 4.23, 1789, 203
41589, 0, 0, 17, 17, 1, 8.81%, 2, 0, 2, 0.65, 1796, 203
41595, 0, 0, 17, 17, 1, 8.81%, 2, 0, 2, 0.63, 1804, 203
43991, 0, 0, 18, 18, 1, 8.81%, 2, 0, 2, 0.00, 1817, 203
46212, 0, 0, 19, 19, 1, 8.85%, 2, 0, 2, 0.01, 1833, 204
46219, 0, 0, 19, 19, 1, 8.85%, 2, 0, 2, 0.40, 1838, 204
46225, 0, 0, 19, 19, 1, 8.85%, 2, 0, 2, 2.09, 1846, 204
46230, 0, 0, 19, 19, 1, 8.85%, 2, 0, 2, 2.01, 1853, 204
46236, 0, 0, 19, 19, 1, 8.85%, 2, 0, 2, 2.03, 1860, 204
46243, 0, 0, 19, 19, 1, 8.85%, 2, 0, 2, 2.23, 1869, 204
46248, 0, 0, 19, 19, 1, 8.85%, 2, 0, 2, 2.12, 1875, 204
46254, 0, 0, 19, 19, 1, 8.85%, 2, 0, 2, 2.07, 1881, 204
46260, 0, 0, 19, 19, 1, 8.85%, 2, 0, 2, 1.76, 1885, 204
46265, 0, 0, 19, 19, 1, 8.85%, 2, 0, 2, 1.64, 1892, 204
46271, 0, 0, 19, 19, 1, 8.85%, 2, 0, 2, 1.67, 1899, 204
46276, 0, 0, 19, 19, 1, 8.85%, 2, 0, 2, 1.58, 1901, 204
46283, 0, 0, 19, 19, 1, 8.85%, 2, 0, 2, 1.59, 1906, 204
46288, 0, 0, 19, 19, 1, 8.85%, 2, 0, 2, 1.61, 1913, 204
46297, 0, 0, 19, 19, 1, 8.85%, 2, 0, 2, 1.41, 1918, 204
46303, 0, 0, 19, 19, 1, 8.85%, 2, 0, 2, 1.32, 1923, 204
46308, 0, 0, 19, 19, 1, 8.85%, 2, 0, 2, 1.01, 1933, 204
46314, 0, 0, 19, 19, 1, 8.85%, 2, 0, 2, 1.24, 1941, 204
46320, 0, 0, 19, 19, 1, 8.85%, 3, 0, 2, 1.71, 1950, 204
47218, 0, 0, 20, 20, 1, 8.85%, 3, 0, 2, 0.01, 1960, 204
47224, 0, 0, 20, 20, 1, 8.85%, 3, 0, 2, 3.13, 1969, 204
47229, 0, 0, 20, 20, 1, 8.85%, 3, 0, 2, 2.71, 1977, 204
47234, 0, 0, 20, 20, 1, 8.85%, 3, 0, 2, 2.36, 1985, 204
47240, 0, 0, 20, 20, 1, 8.85%, 3, 0, 2, 2.07, 1991, 204
47246, 0, 0, 20, 20, 1, 8.85%, 3, 0, 2, 2.00, 1999, 204
47262, 0, 0, 20, 20, 1, 8.85%, 3, 1, 2, 0.10, 2004, 204
47268, 0, 0, 20, 20, 1, 8.85%, 3, 1, 2, 0.19, 2006, 204
47273, 0, 0, 20, 20, 1, 8.85%, 3, 1, 2, 2.42, 2017, 204
47279, 0, 0, 20, 20, 1, 8.85%, 3, 1, 2, 2.16, 2025, 204
47286, 0, 0, 20, 20, 1, 8.85%, 3, 1, 2, 2.11, 2034, 204
47291, 0, 0, 20, 20, 1, 8.85%, 3, 1, 2, 2.12, 2041, 204
47298, 0, 0, 20, 20, 1, 8.85%, 3, 1, 2, 1.94, 2045, 204
47305, 0, 0, 20, 20, 1, 8.85%, 3, 1, 2, 1.63, 2049, 204
47311, 0, 0, 20, 20, 1, 8.85%, 3, 1, 2, 2.02, 2059, 204
47316, 0, 0, 20, 20, 1, 8.85%, 3, 1, 2, 1.98, 2067, 204
48050, 0, 0, 21, 21, 1, 8.85%, 3, 1, 2, 0.01, 2076, 204
48056, 0, 0, 21, 21, 1, 8.85%, 3, 1, 2, 1.80, 2083, 204
48061, 0, 0, 21, 21, 1, 8.85%, 3, 1, 2, 1.65, 2087, 204
48066, 0, 0, 21, 21, 1, 8.85%, 3, 1, 2, 1.51, 2091, 204
48073, 0, 0, 21, 21, 1, 8.85%, 3, 1, 2, 1.38, 2098, 204
48080, 0, 0, 21, 21, 1, 8.85%, 3, 1, 2, 1.29, 2103, 204
48085, 0, 0, 21, 21, 1, 8.85%, 3, 1, 2, 0.28, 2105, 204
48090, 0, 0, 21, 21, 1, 8.85%, 3, 1, 2, 1.75, 2109, 204
48096, 0, 0, 21, 21, 1, 8.85%, 3, 1, 2, 1.57, 2114, 204
48102, 0, 0, 21, 21, 1, 8.85%, 3, 1, 2, 1.63, 2123, 204
48108, 0, 0, 21, 21, 1, 8.85%, 3, 1, 2, 1.64, 2131, 204
48114, 0, 0, 21, 21, 1, 8.85%, 3, 1, 2, 1.55, 2135, 204
48120, 0, 0, 21, 21, 1, 8.85%, 3, 1, 2, 2.22, 2144, 204
48125, 0, 0, 21, 21, 1, 8.85%, 3, 1, 2, 2.11, 2151, 204
48131, 0, 0, 21, 21, 1, 8.85%, 3, 1, 2, 2.31, 2161, 204
48136, 0, 0, 21, 21, 1, 8.85%, 3, 1, 2, 2.19, 2168, 204
48143, 0, 0, 21, 21, 1, 8.85%, 3, 1, 2, 0.40, 2174, 204
48148, 0, 0, 21, 21, 1, 8.85%, 3, 1, 2, 2.48, 2181, 204
48155, 0, 0, 21, 21, 1, 8.85%, 3, 1, 2, 2.58, 2190, 204
48160, 0, 0, 21, 21, 1, 8.85%, 3, 1, 2, 2.44, 2199, 204
48176, 0, 0, 21, 21, 1, 8.85%, 3, 1, 2, 0.10, 2207, 204
48189, 0, 0, 21, 21, 1, 8.85%, 3, 1, 2, 0.11, 2209, 204
48194, 0, 0, 21, 21, 1, 8.85%, 3, 1, 2, 0.46, 2214, 204
48201, 0, 0, 21, 21, 1, 8.85%, 3, 1, 2, 0.72, 2220, 204
48209, 0, 0, 21, 21, 1, 8.85%, 3, 1, 2, 0.74, 2226, 204
48214, 0, 0, 21, 21, 1, 8.85%, 3, 1, 2, 0.91, 2233, 204
48222, 0, 0, 21, 21, 1, 8.85%, 3, 1, 2, 1.00, 2239, 204
48227, 0, 0, 21, 21, 1, 8.85%, 3, 1, 2, 0.97, 2243, 204
48232, 0, 0, 21, 21, 1, 8.85%, 3, 1, 2, 1.39, 2250, 204
48238, 0, 0, 21, 21, 1, 8.85%, 3, 1, 2, 1.46, 2258, 204
48245, 0, 0, 21, 21, 1, 8.85%, 3, 1, 2, 1.43, 2267, 204
48252, 0, 0, 21, 21, 1, 8.85%, 3, 1, 2, 1.95, 2278, 204
48257, 0, 0, 21, 21, 1, 8.85%, 3, 1, 2, 0.30, 2283, 204
48262, 0, 0, 21, 21, 1, 8.85%, 4, 1, 2, 1.94, 2291, 204
48268, 0, 0, 21, 21, 1, 8.85%, 4, 1, 2, 1.85, 2295, 204
48281, 0, 0, 21, 21, 1, 8.85%, 4, 1, 2, 0.30, 2301, 204
48292, 0, 0, 21, 21, 1, 8.85%, 4, 1, 2, 0.29, 2302, 204
48304, 0, 0, 21, 21, 1, 8.85%, 4, 1, 2, 0.27, 2303, 204
48315, 0, 0, 21, 21, 1, 8.85%, 4, 2, 2, 0.26, 2304, 204
48325, 0, 0, 21, 21, 1, 8.85%, 4, 2, 2, 0.25, 2305, 204
48335, 0, 0, 21, 21, 1, 8.85%, 4, 2, 2, 0.24, 2306, 204
48345, 0, 0, 21, 21, 1, 8.85%, 4, 2, 2, 0.23, 2307, 204
48350, 0, 0, 21, 21, 1, 8.85%, 4, 2, 2, 0.23, 2308, 204
48361, 0, 0, 21, 21, 1, 8.85%, 4, 3, 2, 0.22, 2309, 204
48371, 0, 0, 21, 21, 1, 8.85%, 4, 3, 2, 0.22, 2310, 204
48381, 0, 0, 21, 21, 1, 8.85%, 4, 3, 2, 0.21, 2311, 204
48394, 0, 0, 21, 21, 1, 8.85%, 4, 3, 2, 0.22, 2313, 204
48404, 0, 0, 21, 21, 1, 8.85%, 4, 3, 2, 0.21, 2314, 204
48415, 0, 0, 21, 21, 1, 8.85%, 4, 4, 2, 0.20, 2315, 204
48426, 0, 0, 21, 21, 1, 8.85%, 4, 4, 2, 0.19, 2316, 204
48438, 0, 0, 21, 21, 1, 8.85%, 4, 4, 2, 0.19, 2317, 204
48449, 0, 0, 21, 21, 1, 8.85%, 4, 5, 2, 0.18, 2318, 204
48460, 0, 0, 21, 21, 1, 8.85%, 4, 5, 2, 0.18, 2319, 204
48471, 0, 0, 21, 21, 1, 8.85%, 4, 5, 2, 0.17, 2320, 204
48481, 0, 0, 21, 21, 1, 8.85%, 4, 5, 2, 0.17, 2321, 204
48492, 0, 0, 21, 21, 1, 8.85%, 4, 5, 2, 0.16, 2322, 204
48504, 0, 0, 21, 21, 1, 8.85%, 4, 5, 2, 0.16, 2323, 204
48514, 0, 0, 21, 21, 1, 8.85%, 4, 5, 2, 0.15, 2324, 204
48525, 0, 0, 21, 21, 1, 8.85%, 4, 5, 2, 0.15, 2325, 204
48535, 0, 0, 21, 21, 1, 8.85%, 4, 5, 2, 0.15, 2326, 204
48545, 0, 0, 21, 21, 1, 8.85%, 4, 5, 2, 0.14, 2327, 204
48556, 0, 0, 21, 21, 1, 8.85%, 4, 5, 2, 0.14, 2328, 204
48569, 0, 0, 21, 21, 1, 8.85%, 4, 5, 2, 0.14, 2329, 204
48580, 0, 0, 21, 21, 1, 8.85%, 4, 5, 2, 0.13, 2330, 204
48590, 0, 0, 21, 21, 1, 8.85%, 4, 5, 2, 0.13, 2331, 204
48596, 0, 0, 21, 21, 1, 8.85%, 4, 5, 2, 0.16, 2333, 204
48607, 0, 0, 21, 21, 1, 8.85%, 4, 6, 2, 0.16, 2334, 204
48618, 0, 0, 21, 21, 1, 8.85%, 4, 6, 2, 0.19, 2336, 204
48631, 0, 0, 21, 21, 1, 8.85%, 4, 6, 2, 0.18, 2337, 204
48643, 0, 0, 21, 21, 1, 8.85%, 4, 6, 2, 0.18, 2339, 204
48654, 0, 0, 21, 21, 1, 8.85%, 4, 6, 2, 0.17, 2340, 204
48664, 0, 0, 21, 21, 1, 8.85%, 4, 6, 2, 0.17, 2341, 204
48675, 0, 0, 21, 21, 1, 8.85%, 4, 6, 2, 0.16, 2342, 204
48686, 0, 0, 21, 21, 1, 8.85%, 4, 6, 2, 0.16, 2343, 204
48698, 0, 0, 21, 21, 1, 8.85%, 4, 6, 2, 0.16, 2344, 204
48709, 0, 0, 21, 21, 1, 8.85%, 4, 6, 2, 0.15, 2345, 204
48719, 0, 0, 21, 21, 1, 8.85%, 4, 6, 2, 0.15, 2346, 204
48730, 0, 0, 21, 21, 1, 8.85%, 4, 6, 2, 0.14, 2347, 204
48740, 0, 0, 21, 21, 1, 8.85%, 4, 6, 2, 0.14, 2348, 204
48750, 0, 0, 21, 21, 1, 8.85%, 4, 6, 2, 0.14, 2349, 204
48762, 0, 0, 21, 21, 1, 8.85%, 4, 6, 2, 0.14, 2350, 204
48773, 0, 0, 21, 21, 1, 8.85%, 4, 6, 2, 0.13, 2351, 204
48784, 0, 0, 21, 21, 1, 8.85%, 4, 6, 2, 0.13, 2352, 204
48794, 0, 0, 21, 21, 1, 8.85%, 4, 6, 2, 0.13, 2353, 204
48805, 0, 0, 21, 21, 1, 8.85%, 4, 6, 2, 0.13, 2354, 204
48816, 0, 0, 21, 21, 1, 8.85%, 4, 6, 2, 0.64, 2357, 204
48827, 0, 0, 21, 21, 1, 8.85%, 4, 6, 2, 0.10, 2358, 204
48838, 0, 0, 21, 21, 1, 8.85%, 4, 6, 2, 0.10, 2359, 204
48848, 0, 0, 21, 21, 1, 8.85%, 4, 6, 2, 0.10, 2360, 204
48859, 0, 0, 21, 21, 1, 8.85%, 4, 6, 2, 0.09, 2361, 204
48870, 0, 0, 21, 21, 1, 8.85%, 4, 6, 2, 0.09, 2362, 204
48881, 0, 0, 21, 21, 1, 8.85%, 4, 6, 2, 0.09, 2363, 204
48893, 0, 0, 21, 21, 1, 8.85%, 4, 6, 2, 0.09, 2364, 204
48904, 0, 0, 21, 21, 1, 8.85%, 4, 6, 2, 0.09, 2365, 204
48914, 0, 0, 21, 21, 1, 8.85%, 4, 6, 2, 0.09, 2366, 204
48924, 0, 0, 21, 21, 1, 8.85%, 4, 6, 2, 0.09, 2367, 204
48935, 0, 0, 21, 21, 1, 8.85%, 4, 6, 2, 0.09, 2368, 204
48945, 0, 0, 21, 21, 1, 8.85%, 4, 6, 2, 0.09, 2369, 204
48958, 0, 0, 21, 21, 1, 8.85%, 4, 6, 2, 0.09, 2370, 204
48969, 0, 0, 21, 21, 1, 8.85%, 4, 6, 2, 0.09, 2371, 204
48980, 0, 0, 21, 21, 1, 8.85%, 4, 6, 2, 0.09, 2372, 204
48990, 0, 0, 21, 21, 1, 8.85%, 4, 6, 2, 0.09, 2373, 204
49001, 0, 0, 21, 21, 1, 8.85%, 4, 6, 2, 0.09, 2374, 204
49011, 0, 0, 21, 21, 1, 8.85%, 4, 6, 2, 0.09, 2375, 204
49023, 0, 0, 21, 21, 1, 8.85%, 4, 6, 2, 0.09, 2376, 204
49033, 0, 0, 21, 21, 1, 8.85%, 4, 6, 2, 0.09, 2377, 204
49044, 0, 0, 21, 21, 1, 8.85%, 4, 6, 2, 0.09, 2378, 204
49055, 0, 0, 21, 21, 1, 8.85%, 4, 6, 2, 0.09, 2379, 204
49065, 0, 0, 21, 21, 1, 8.85%, 4, 6, 2, 0.09, 2380, 204
49076, 0, 0, 21, 21, 1, 8.85%, 4, 6, 2, 0.09, 2381, 204
49088, 0, 0, 21, 21, 1, 8.85%, 4, 6, 2, 0.09, 2382, 204
49092, 0, 0, 21, 21, 1, 8.85%, 4, 6, 2, 2.62, 2387, 204
49101, 0, 0, 21, 21, 1, 8.85%, 4, 6, 2, 0.26, 2393, 204
49106, 0, 0, 21, 21, 1, 8.85%, 4, 6, 2, 2.16, 2400, 204
49112, 0, 0, 21, 21, 1, 8.85%, 4, 6, 2, 2.14, 2408, 204
49118, 0, 0, 21, 21, 1, 8.85%, 4, 6, 2, 1.95, 2417, 204
49124, 0, 0, 21, 21, 1, 8.85%, 4, 6, 2, 1.90, 2426, 204
49130, 0, 0, 21, 21, 1, 8.85%, 4, 6, 2, 2.04, 2435, 204
49136, 0, 0, 21, 21, 1, 8.85%, 4, 6, 2, 1.94, 2445, 204
49141, 0, 0, 21, 21, 1, 8.85%, 4, 6, 2, 2.04, 2453, 204
49147, 0, 0, 21, 21, 1, 8.85%, 4, 6, 2, 2.04, 2460, 204
49152, 0, 0, 21, 21, 1, 8.85%, 4, 6, 2, 2.04, 2465, 204
49159, 0, 0, 21, 21, 1, 8.85%, 4, 6, 2, 0.53, 2472, 204
49165, 0, 0, 21, 21, 1, 8.85%, 4, 6, 2, 2.61, 2480, 204
49170, 0, 0, 21, 21, 1, 8.85%, 4, 6, 2, 2.20, 2486, 204
49175, 0, 0, 21, 21, 1, 8.85%, 4, 6, 2, 2.15, 2494, 204
49181, 0, 0, 21, 21, 1, 8.85%, 4, 6, 2, 2.05, 2502, 204
49187, 0, 0, 21, 21, 1, 8.85%, 4, 6, 2, 2.03, 2510, 204
49192, 0, 0, 21, 21, 1, 8.85%, 4, 6, 2, 1.87, 2515, 204
49197, 0, 0, 21, 21, 1, 8.85%, 4, 6, 2, 0.96, 2521, 204
49203, 0, 0, 21, 21, 1, 8.85%, 4, 6, 2, 1.22, 2527, 204
49208, 0, 0, 21, 21, 1, 8.85%, 4, 6, 2, 1.39, 2535, 204
49214, 0, 0, 21, 21, 1, 8.85%, 4, 6, 2, 1.50, 2543, 204
49220, 0, 0, 21, 21, 1, 8.85%, 4, 6, 2, 0.54, 2551, 204
49225, 0, 0, 21, 21, 1, 8.85%, 4, 6, 2, 0.77, 2559, 204
49231, 0, 0, 21, 21, 1, 8.85%, 4, 6, 2, 4.65, 2569, 204
49237, 0, 0, 21, 21, 1, 8.85%, 4, 6, 2, 1.14, 2578, 204
49242, 0, 0, 21, 21, 1, 8.85%, 4, 6, 2, 1.35, 2586, 204
49248, 0, 0, 21, 21, 1, 8.85%, 4, 6, 2, 1.36, 2593, 204
49253, 0, 0, 21, 21, 1, 8.85%, 4, 6, 2, 1.47, 2601, 204
49259, 0, 0, 21, 21, 1, 8.85%, 4, 6, 2, 1.66, 2607, 204
49266, 0, 0, 21, 21, 1, 8.85%, 4, 6, 2, 1.64, 2616, 204
49271, 0, 0, 21, 21, 1, 8.85%, 4, 6, 2, 1.89, 2624, 204
49276, 0, 0, 21, 21, 1, 8.85%, 4, 6, 2, 1.71, 2629, 204
49283, 0, 0, 21, 21, 1, 8.85%, 4, 6, 2, 0.47, 2639, 204
49288, 0, 0, 21, 21, 1, 8.85%, 4, 6, 2, 0.64, 2646, 204
49295, 0, 0, 21, 21, 1, 8.85%, 4, 6, 2, 0.54, 2655, 204
49300, 0, 0, 21, 21, 1, 8.85%, 4, 6, 2, 0.91, 2666, 204
49307, 0, 0, 21, 21, 1, 8.85%, 4, 6, 2, 1.13, 2675, 204
49313, 0, 0, 21, 21, 1, 8.85%, 4, 6, 2, 1.23, 2683, 204
49319, 0, 0, 21, 21, 1, 8.85%, 4, 6, 2, 1.52, 2692, 204
49326, 0, 0, 21, 21, 1, 8.85%, 4, 6, 2, 0.30, 2695, 204
49333, 0, 0, 21, 21, 1, 8.85%, 4, 6, 2, 0.28, 2699, 204
49338, 0, 0, 21, 21, 1, 8.85%, 4, 6, 2, 2.75, 2705, 204
49345, 0, 0, 21, 21, 1, 8.85%, 4, 6, 2, 0.45, 2712, 204
49350, 0, 0, 21, 21, 1, 8.85%, 4, 6, 2, 4.46, 2720, 204
49355, 0, 0, 21, 21, 1, 8.85%, 4, 6, 2, 3.90, 2728, 204
49361, 0, 0, 21, 21, 1, 8.85%, 4, 6, 2, 0.92, 2735, 204
49367, 0, 0, 21, 21, 1, 8.85%, 4, 6, 2, 3.92, 2743, 204
49372, 0, 0, 21, 21, 1, 8.85%, 4, 6, 2, 0.82, 2749, 204
49379, 0, 0, 21, 21, 1, 8.85%, 4, 6, 2, 1.22, 2757, 204
49384, 0, 0, 21, 21, 1, 8.85%, 4, 6, 2, 1.50, 2765, 204
49389, 0, 0, 21, 21, 1, 8.85%, 4, 6, 2, 1.54, 2773, 204
49394, 0, 0, 21, 21, 1, 8.85%, 4, 6, 2, 1.57, 2781, 204
49399, 0, 0, 21, 21, 1, 8.85%, 4, 6, 2, 1.65, 2787, 204
49406, 0, 0, 21, 21, 1, 8.85%, 4, 6, 2, 1.76, 2794, 204
49411, 0, 0, 21, 21, 1, 8.85%, 4, 6, 2, 1.70, 2801, 204
49416, 0, 0, 21, 21, 1, 8.85%, 4, 6, 2, 0.56, 2809, 204
49421, 0, 0, 21, 21, 1, 8.85%, 4, 6, 2, 0.61, 2813, 204
49430, 0, 0, 21, 21, 1, 8.85%, 4, 6, 2, 0.25, 2818, 204
49436, 0, 0, 21, 21, 1, 8.85%, 4, 6, 2, 1.71, 2826, 204
49444, 0, 0, 21, 21, 1, 8.85%, 4, 6, 2, 0.29, 2831, 204
49456, 0, 0, 21, 21, 1, 8.85%, 4, 6, 2, 0.28, 2832, 204
49469, 0, 0, 21, 21, 1, 8.85%, 4, 6, 2, 0.26, 2834, 204
49474, 0, 0, 21, 21, 1, 8.85%, 4, 6, 2, 0.28, 2836, 204
49480, 0, 0, 21, 21, 1, 8.85%, 4, 6, 2, 2.38, 2844, 204
49485, 0, 0, 21, 21, 1, 8.85%, 4, 6, 2, 2.29, 2852, 204
49491, 0, 0, 21, 21, 1, 8.85%, 4, 6, 2, 2.23, 2860, 204
49497, 0, 0, 21, 21, 1, 8.85%, 4, 6, 2, 2.03, 2867, 204
49502, 0, 0, 21, 21, 1, 8.85%, 4, 6, 2, 1.88, 2873, 204
49508, 0, 0, 21, 21, 1, 8.85%, 4, 6, 2, 1.76, 2880, 204
49514, 0, 0, 21, 21, 1, 8.85%, 4, 6, 2, 1.68, 2890, 204
49520, 0, 0, 21, 21, 1, 8.85%, 4, 6, 2, 1.64, 2897, 204
49525, 0, 0, 21, 21, 1, 8.85%, 4, 6, 2, 1.59, 2905, 204
49531, 0, 0, 21, 21, 1, 8.85%, 4, 6, 2, 1.58, 2911, 204
49538, 0, 0, 21, 21, 1, 8.85%, 4, 6, 2, 1.75, 2920, 204
49544, 0, 0, 21, 21, 1, 8.85%, 5, 6, 2, 1.66, 2927, 204
49551, 0, 0, 21, 21, 1, 8.85%, 5, 6, 2, 1.80, 2937, 204
49557, 0, 0, 21, 21, 1, 8.85%, 5, 6, 2, 0.37, 2943, 204
49562, 0, 0, 21, 21, 1, 8.85%, 5, 6, 2, 2.79, 2952, 204
49568, 0, 0, 21, 21, 1, 8.85%, 5, 6, 2, 0.60, 2960, 204
49573, 0, 0, 21, 21, 1, 8.85%, 5, 6, 2, 0.72, 2966, 204
49578, 0, 0, 21, 21, 1, 8.85%, 5, 6, 2, 1.14, 2975, 204
49584, 0, 0, 21, 21, 1, 8.85%, 5, 6, 2, 1.10, 2979, 204
49591, 0, 0, 21, 21, 1, 8.85%, 5, 6, 2, 0.36, 2988, 204
49601, 0, 0, 21, 21, 1, 8.85%, 5, 6, 2, 0.15, 2992, 204
49606, 0, 0, 21, 21, 1, 8.85%, 5, 6, 2, 1.96, 2999, 204
49612, 0, 0, 21, 21, 1, 8.85%, 5, 6, 2, 2.29, 3010, 204
49617, 0, 0, 21, 21, 1, 8.85%, 5, 6, 2, 2.29, 3018, 204
49622, 0, 0, 21, 21, 1, 8.85%, 5, 6, 2, 2.19, 3025, 204
49628, 0, 0, 21, 21, 1, 8.85%, 5, 6, 2, 0.43, 3030, 204
49634, 0, 0, 21, 21, 1, 8.85%, 5, 6, 2, 2.87, 3037, 204
49639, 0, 0, 21, 21, 1, 8.85%, 5, 6, 2, 2.43, 3043, 204
49645, 0, 0, 21, 21, 1, 8.85%, 5, 6, 2, 2.13, 3050, 204
49650, 0, 0, 21, 21, 1, 8.85%, 5, 6, 2, 2.10, 3056, 204
49655, 0, 0, 21, 21, 1, 8.85%, 5, 6, 2, 2.20, 3063, 204
49660, 0, 0, 21, 21, 1, 8.85%, 5, 6, 2, 2.27, 3070, 204
49665, 0, 0, 21, 21, 1, 8.85%, 5, 6, 2, 1.98, 3075, 204
49671, 0, 0, 21, 21, 1, 8.85%, 5, 6, 2, 1.82, 3081, 204
49676, 0, 0, 21, 21, 1, 8.85%, 5, 6, 2, 1.90, 3088, 204
49682, 0, 0, 21, 21, 1, 8.85%, 5, 6, 2, 1.73, 3094, 204
49689, 0, 0, 21, 21, 1, 8.85%, 5, 6, 2, 1.93, 3104, 204
49694, 0, 0, 21, 21, 1, 8.85%, 5, 6, 2, 2.03, 3111, 204
49699, 0, 0, 21, 21, 1, 8.85%, 5, 6, 2, 9.22, 3118, 204
49705, 0, 0, 21, 21, 1, 8.85%, 5, 6, 2, 0.59, 3123, 204
49711, 0, 0, 21, 21, 1, 8.85%, 5, 6, 2, 0.62, 3131, 204
49716, 0, 0, 21, 21, 1, 8.85%, 5, 6, 2, 0.70, 3141, 204
49721, 0, 0, 21, 21, 1, 8.85%, 5, 6, 2, 1.11, 3148, 204
49726, 0, 0, 21, 21, 1, 8.85%, 5, 6, 2, 0.76, 3156, 204
49733, 0, 0, 21, 21, 1, 8.85%, 5, 6, 2, 0.88, 3162, 204
49738, 0, 0, 21, 21, 1, 8.85%, 5, 6, 2, 0.75, 3168, 204
49744, 0, 0, 21, 21, 1, 8.85%, 5, 6, 2, 0.78, 3175, 204
49751, 0, 0, 21, 21, 1, 8.85%, 5, 6, 2, 0.75, 3179, 204
56404, 0, 0, 22, 22, 1, 9.11%, 5, 6, 2, 0.00, 3194, 210
56410, 0, 0, 22, 22, 1, 9.11%, 5, 6, 2, 2.88, 3204, 210
56416, 0, 0, 22, 22, 1, 9.11%, 5, 6, 2, 0.75, 3213, 210
56422, 0, 0, 22, 22, 1, 9.11%, 5, 6, 2, 1.05, 3221, 210
56428, 0, 0, 22, 22, 1, 9.11%, 5, 6, 2, 0.99, 3225, 210
56435, 0, 0, 22, 22, 1, 9.11%, 5, 6, 2, 1.27, 3233, 210
56441, 0, 0, 22, 22, 1, 9.11%, 5, 6, 2, 1.35, 3242, 210
56447, 0, 0, 22, 22, 1, 9.11%, 5, 6, 2, 1.42, 3251, 210
56454, 0, 0, 22, 22, 1, 9.11%, 5, 6, 2, 1.39, 3258, 210
56460, 0, 0, 22, 22, 1, 9.11%, 5, 6, 2, 1.36, 3264, 210
56466, 0, 0, 22, 22, 1, 9.11%, 5, 6, 2, 1.55, 3272, 210
56471, 0, 0, 22, 22, 1, 9.11%, 5, 6, 2, 1.62, 3279, 210
56478, 0, 0, 22, 22, 1, 9.11%, 5, 6, 2, 1.54, 3287, 210
56484, 0, 0, 22, 22, 1, 9.11%, 5, 6, 2, 1.67, 3296, 210
56490, 0, 0, 22, 22, 1, 9.11%, 5, 6, 2, 1.76, 3305, 210
56496, 0, 0, 22, 22, 1, 9.11%, 5, 6, 2, 1.64, 3311, 210
56501, 0, 0, 22, 22, 1, 9.11%, 5, 6, 2, 1.52, 3315, 210
56507, 0, 0, 22, 22, 1, 9.11%, 5, 6, 2, 1.68, 3324, 210
56512, 0, 0, 22, 22, 1, 9.11%, 5, 6, 2, 1.76, 3330, 210
56518, 0, 0, 22, 22, 1, 9.11%, 5, 6, 2, 1.60, 3337, 210
56524, 0, 0, 22, 22, 1, 9.11%, 5, 6, 2, 1.50, 3342, 210
56529, 0, 0, 22, 22, 1, 9.11%, 5, 6, 2, 1.76, 3350, 210
56534, 0, 0, 22, 22, 1, 9.11%, 5, 6, 2, 1.83, 3358, 210
56540, 0, 0, 22, 22, 1, 9.11%, 6, 6, 2, 1.84, 3364, 210
56545, 0, 0, 22, 22, 1, 9.11%, 6, 6, 2, 2.17, 3373, 210
56551, 0, 0, 22, 22, 1, 9.11%, 6, 6, 2, 1.98, 3380, 210
56556, 0, 0, 22, 22, 1, 9.11%, 6, 6, 2, 1.94, 3386, 210
56561, 0, 0, 22, 22, 1, 9.11%, 6, 6, 2, 1.85, 3393, 210
56567, 0, 0, 22, 22, 1, 9.11%, 6, 6, 2, 2.03, 3399, 210
56573, 0, 0, 22, 22, 1, 9.11%, 6, 6, 2, 1.98, 3408, 210
56579, 0, 0, 22, 22, 1, 9.11%, 6, 6, 2, 1.97, 3415, 210
56584, 0, 0, 22, 22, 1, 9.11%, 6, 6, 2, 1.94, 3422, 210
56590, 0, 0, 22, 22, 1, 9.11%, 6, 6, 2, 1.71, 3427, 210
56595, 0, 0, 22, 22, 1, 9.11%, 6, 6, 2, 1.82, 3436, 210
56600, 0, 0, 22, 22, 1, 9.11%, 6, 6, 2, 12.40, 3444, 210
56605, 0, 0, 22, 22, 1, 9.11%, 6, 6, 2, 2.07, 3452, 210
56611, 0, 0, 22, 22, 1, 9.11%, 6, 6, 2, 1.87, 3458, 210
56619, 0, 0, 22, 22, 1, 9.11%, 6, 6, 2, 1.90, 3470, 210
56625, 0, 0, 22, 22, 1, 9.11%, 6, 6, 2, 1.84, 3477, 210
56630, 0, 0, 22, 22, 1, 9.11%, 6, 6, 2, 0.49, 3482, 210
56636, 0, 0, 22, 22, 1, 9.11%, 6, 6, 2, 0.76, 3490, 210
56641, 0, 0, 22, 22, 1, 9.11%, 6, 6, 2, 1.01, 3496, 210
56647, 0, 0, 22, 22, 1, 9.11%, 6, 6, 2, 1.00, 3501, 210
56652, 0, 0, 22, 22, 1, 9.11%, 6, 6, 2, 2.39, 3509, 210
56659, 0, 0, 22, 22, 1, 9.11%, 6, 6, 2, 2.18, 3516, 210
56666, 0, 0, 22, 22, 1, 9.11%, 6, 6, 2, 1.97, 3524, 210
56672, 0, 0, 22, 22, 1, 9.11%, 6, 6, 2, 2.02, 3533, 210
56678, 0, 0, 22, 22, 1, 9.11%, 6, 6, 2, 1.91, 3542, 210
56684, 0, 0, 22, 22, 1, 9.11%, 6, 6, 2, 1.83, 3551, 210
56690, 0, 0, 22, 22, 1, 9.11%, 6, 6, 2, 1.78, 3560, 210
56695, 0, 0, 22, 22, 1, 9.11%, 6, 6, 2, 1.76, 3566, 210
56701, 0, 0, 22, 22, 1, 9.11%, 6, 6, 2, 1.67, 3574, 210
56706, 0, 0, 22, 22, 1, 9.11%, 6, 6, 2, 1.75, 3582, 210
56712, 0, 0, 22, 22, 1, 9.11%, 6, 6, 2, 1.65, 3589, 210
56717, 0, 0, 22, 22, 1, 9.11%, 6, 6, 2, 1.90, 3598, 210
56723, 0, 0, 22, 22, 1, 9.11%, 6, 6, 2, 2.25, 3610, 210
56728, 0, 0, 22, 22, 1, 9.11%, 6, 6, 2, 1.92, 3614, 210
56734, 0, 0, 22, 22, 1, 9.11%, 6, 6, 2, 2.01, 3622, 210
56740, 0, 0, 22, 22, 1, 9.11%, 6, 6, 2, 2.35, 3629, 210
56746, 0, 0, 22, 22, 1, 9.11%, 6, 6, 2, 2.26, 3638, 210
56752, 0, 0, 22, 22, 1, 9.11%, 6, 6, 2, 2.17, 3645, 210
56759, 0, 0, 22, 22, 1, 9.11%, 6, 6, 2, 2.05, 3655, 210
56764, 0, 0, 22, 22, 1, 9.11%, 6, 6, 2, 1.56, 3659, 210
56770, 0, 0, 22, 22, 1, 9.11%, 6, 6, 2, 1.69, 3668, 210
56776, 0, 0, 22, 22, 1, 9.11%, 6, 6, 2, 1.64, 3677, 210
56781, 0, 0, 22, 22, 1, 9.11%, 6, 6, 2, 1.63, 3684, 210
56786, 0, 0, 22, 22, 1, 9.11%, 6, 6, 2, 1.69, 3692, 210
56791, 0, 0, 22, 22, 1, 9.11%, 6, 6, 2, 1.70, 3700, 210
56797, 0, 0, 22, 22, 1, 9.11%, 6, 6, 2, 1.63, 3708, 210
56803, 0, 0, 22, 22, 1, 9.11%, 6, 6, 2, 2.12, 3719, 210
56808, 0, 0, 22, 22, 1, 9.11%, 6, 6, 2, 1.85, 3724, 210
56813, 0, 0, 22, 22, 1, 9.11%, 6, 6, 2, 1.70, 3730, 210
56819, 0, 0, 22, 22, 1, 9.11%, 6, 6, 2, 1.91, 3739, 210
56824, 0, 0, 22, 22, 1, 9.11%, 6, 6, 2, 1.74, 3743, 210
56829, 0, 0, 22, 22, 1, 9.11%, 6, 6, 2, 1.59, 3747, 210
56835, 0, 0, 22, 22, 1, 9.11%, 6, 6, 2, 1.96, 3754, 210
56840, 0, 0, 22, 22, 1, 9.11%, 6, 6, 2, 1.62, 3758, 210
56847, 0, 0, 22, 22, 1, 9.11%, 6, 6, 2, 1.51, 3764, 210
56853, 0, 0, 22, 22, 1, 9.11%, 6, 6, 2, 0.78, 3772, 210
56859, 0, 0, 22, 22, 1, 9.11%, 6, 6, 2, 0.83, 3779, 210
56864, 0, 0, 22, 22, 1, 9.11%, 6, 6, 2, 1.18, 3787, 210
56870, 0, 0, 22, 22, 1, 9.11%, 6, 6, 2, 1.46, 3795, 210
56877, 0, 0, 22, 22, 1, 9.11%, 6, 6, 2, 1.63, 3804, 210
56882, 0, 0, 22, 22, 1, 9.11%, 6, 6, 2, 2.52, 3812, 210
56889, 0, 0, 22, 22, 1, 9.11%, 6, 6, 2, 2.18, 3819, 210
56895, 0, 0, 22, 22, 1, 9.11%, 6, 6, 2, 2.29, 3828, 210
56901, 0, 0, 22, 22, 1, 9.11%, 6, 6, 2, 1.96, 3833, 210
56906, 0, 0, 22, 22, 1, 9.11%, 6, 6, 2, 3.91, 3840, 210
56912, 0, 0, 22, 22, 1, 9.11%, 6, 6, 2, 0.65, 3849, 210
56917, 0, 0, 22, 22, 1, 9.11%, 6, 6, 2, 1.01, 3858, 210
56926, 0, 0, 22, 22, 1, 9.11%, 6, 6, 2, 0.23, 3868, 210
56931, 0, 0, 22, 22, 1, 9.11%, 6, 6, 2, 3.33, 3875, 210
56937, 0, 0, 22, 22, 1, 9.11%, 6, 6, 2, 0.50, 3880, 210
56944, 0, 0, 22, 22, 1, 9.11%, 6, 6, 2, 0.50, 3887, 210
56949, 0, 0, 22, 22, 1, 9.11%, 6, 6, 2, 0.75, 3895, 210
56954, 0, 0, 22, 22, 1, 9.11%, 6, 6, 2, 1.16, 3902, 210
56960, 0, 0, 22, 22, 1, 9.11%, 6, 6, 2, 1.35, 3907, 210
56965, 0, 0, 22, 22, 1, 9.11%, 6, 6, 2, 1.43, 3912, 210
56970, 0, 0, 22, 22, 1, 9.11%, 6, 6, 2, 0.19, 3913, 210
56977, 0, 0, 22, 22, 1, 9.11%, 6, 6, 2, 0.30, 3917, 210
56982, 0, 0, 22, 22, 1, 9.11%, 6, 6, 2, 0.95, 3923, 210
56989, 0, 0, 22, 22, 1, 9.11%, 6, 6, 2, 1.26, 3931, 210
56994, 0, 0, 22, 22, 1, 9.11%, 6, 6, 2, 1.39, 3936, 210
57000, 0, 0, 22, 22, 1, 9.11%, 6, 6, 2, 1.46, 3942, 210
57007, 0, 0, 22, 22, 1, 9.11%, 6, 6, 2, 0.28, 3947, 210
57013, 0, 0, 22, 22, 1, 9.11%, 6, 6, 2, 0.32, 3951, 210
57018, 0, 0, 22, 22, 1, 9.11%, 6, 6, 2, 1.69, 3955, 210
57023, 0, 0, 22, 22, 1, 9.11%, 6, 6, 2, 1.77, 3964, 210
57030, 0, 0, 22, 22, 1, 9.11%, 6, 6, 2, 1.65, 3971, 210
57035, 0, 0, 22, 22, 1, 9.11%, 6, 6, 2, 1.60, 3977, 210
57042, 0, 0, 22, 22, 1, 9.11%, 6, 6, 2, 1.59, 3986, 210
57049, 0, 0, 22, 22, 1, 9.11%, 6, 6, 2, 1.53, 3995, 210
57056, 0, 0, 22, 22, 1, 9.11%, 7, 6, 2, 0.63, 4003, 210
57061, 0, 0, 22, 22, 1, 9.11%, 7, 6, 2, 0.76, 4008, 210
57067, 0, 0, 22, 22, 1, 9.11%, 7, 6, 2, 0.99, 4015, 210
57072, 0, 0, 22, 22, 1, 9.11%, 7, 6, 2, 1.25, 4024, 210
57078, 0, 0, 22, 22, 1, 9.11%, 7, 6, 2, 1.30, 4030, 210
57083, 0, 0, 22, 22, 1, 9.11%, 7, 6, 2, 1.26, 4033, 210
57089, 0, 0, 22, 22, 1, 9.11%, 7, 6, 2, 1.70, 4042, 210
57095, 0, 0, 22, 22, 1, 9.11%, 7, 6, 2, 1.64, 4049, 210
57100, 0, 0, 22, 22, 1, 9.11%, 7, 6, 2, 1.93, 4058, 210
57106, 0, 0, 22, 22, 1, 9.11%, 7, 6, 2, 2.01, 4065, 210
57111, 0, 0, 22, 22, 1, 9.11%, 7, 6, 2, 1.93, 4073, 210
57116, 0, 0, 22, 22, 1, 9.11%, 7, 6, 2, 2.01, 4084, 210
57121, 0, 0, 22, 22, 1, 9.11%, 7, 6, 2, 1.79, 4090, 210
57127, 0, 0, 22, 22, 1, 9.11%, 7, 6, 2, 1.87, 4100, 210
57133, 0, 0, 22, 22, 1, 9.11%, 7, 6, 2, 1.81, 4109, 210
57139, 0, 0, 22, 22, 1, 9.11%, 7, 6, 2, 1.89, 4119, 210
57145, 0, 0, 22, 22, 1, 9.11%, 7, 6, 2, 1.78, 4124, 210
57153, 0, 0, 22, 22, 1, 9.11%, 7, 6, 2, 0.29, 4130, 210
57160, 0, 0, 22, 22, 1, 9.11%, 7, 6, 2, 0.37, 4135, 210
57167, 0, 0, 22, 22, 1, 9.11%, 7, 6, 2, 0.49, 4139, 210
57173, 0, 0, 22, 22, 1, 9.11%, 7, 6, 2, 0.52, 4146, 210
57179, 0, 0, 22, 22, 1, 9.11%, 7, 6, 2, 0.55, 4154, 210
57186, 0, 0, 22, 22, 1, 9.11%, 7, 6, 2, 0.43, 4160, 210
57191, 0, 0, 22, 22, 1, 9.11%, 7, 6, 2, 0.53, 4165, 210
57197, 0, 0, 22, 22, 1, 9.11%, 7, 6, 2, 0.61, 4169, 210
57210, 0, 0, 22, 22, 1, 9.11%, 7, 6, 2, 0.11, 4174, 210
57215, 0, 0, 22, 22, 1, 9.11%, 7, 6, 2, 1.45, 4181, 210
57221, 0, 0, 22, 22, 1, 9.11%, 7, 6, 2, 1.48, 4189, 210
57228, 0, 0, 22, 22, 1, 9.11%, 7, 6, 2, 1.46, 4196, 210
57238, 0, 0, 22, 22, 1, 9.11%, 7, 6, 2, 0.10, 4197, 210
57243, 0, 0, 22, 22, 1, 9.11%, 7, 6, 2, 0.72, 4201, 210
57249, 0, 0, 22, 22, 1, 9.11%, 7, 6, 2, 0.77, 4206, 210
57254, 0, 0, 22, 22, 1, 9.11%, 7, 6, 2, 0.97, 4214, 210
57260, 0, 0, 22, 22, 1, 9.11%, 7, 6, 2, 1.22, 4223, 210
57269, 0, 0, 22, 22, 1, 9.11%, 7, 6, 2, 1.11, 4229, 210
57275, 0, 0, 22, 22, 1, 9.11%, 7, 6, 2, 1.11, 4235, 210
57281, 0, 0, 22, 22, 1, 9.11%, 7, 6, 2, 1.14, 4240, 210
57286, 0, 0, 22, 22, 1, 9.11%, 7, 6, 2, 1.43, 4248, 210
57292, 0, 0, 22, 22, 1, 9.11%, 7, 6, 2, 1.40, 4254, 210
57297, 0, 0, 22, 22, 1, 9.11%, 7, 6, 2, 1.38, 4261, 210
57302, 0, 0, 22, 22, 1, 9.11%, 7, 6, 2, 1.44, 4268, 210
57309, 0, 0, 22, 22, 1, 9.11%, 7, 6, 2, 0.16, 4271, 210
57314, 0, 0, 22, 22, 1, 9.11%, 7, 6, 2, 0.98, 4277, 210
57320, 0, 0, 22, 22, 1, 9.11%, 7, 6, 2, 1.25, 4285, 210
57326, 0, 0, 22, 22, 1, 9.11%, 7, 6, 2, 1.47, 4294, 210
57331, 0, 0, 22, 22, 1, 9.11%, 7, 6, 2, 0.92, 4303, 210
57337, 0, 0, 22, 22, 1, 9.11%, 7, 6, 2, 1.29, 4312, 210
57343, 0, 0, 22, 22, 1, 9.11%, 7, 6, 2, 1.26, 4319, 210
57350, 0, 0, 22, 22, 1, 9.11%, 7, 6, 2, 1.36, 4327, 210
57356, 0, 0, 22, 22, 1, 9.11%, 7, 6, 2, 1.26, 4332, 210
57363, 0, 0, 22, 22, 1, 9.11%, 7, 6, 2, 1.19, 4339, 210
57369, 0, 0, 22, 22, 1, 9.11%, 7, 6, 2, 0.58, 4345, 210
57374, 0, 0, 22, 22, 1, 9.11%, 7, 6, 2, 3.90, 4352, 210
57380, 0, 0, 22, 22, 1, 9.11%, 7, 6, 2, 3.22, 4362, 210
57386, 0, 0, 22, 22, 1, 9.11%, 7, 6, 2, 2.66, 4370, 210
57391, 0, 0, 22, 22, 1, 9.11%, 7, 6, 2, 2.45, 4378, 210
57396, 0, 0, 22, 22, 1, 9.11%, 7, 6, 2, 2.24, 4388, 210
57402, 0, 0, 22, 22, 1, 9.11%, 7, 6, 2, 2.08, 4397, 210
57407, 0, 0, 22, 22, 1, 9.11%, 7, 6, 2, 2.11, 4407, 210
57414, 0, 0, 22, 22, 1, 9.11%, 7, 6, 2, 1.87, 4412, 210
57419, 0, 0, 22, 22, 1, 9.11%, 7, 6, 2, 0.32, 4416, 210
57429, 0, 0, 22, 22, 1, 9.11%, 7, 6, 2, 0.33, 4420, 210
57442, 0, 0, 22, 22, 1, 9.11%, 7, 6, 2, 0.31, 4421, 210
57451, 0, 0, 22, 22, 1, 9.11%, 7, 6, 2, 0.30, 4422, 210
57457, 0, 0, 22, 22, 1, 9.11%, 7, 6, 2, 2.38, 4430, 210
57463, 0, 0, 22, 22, 1, 9.11%, 7, 6, 2, 2.08, 4438, 210
57470, 0, 0, 22, 22, 1, 9.11%, 7, 6, 2, 1.95, 4444, 210
57475, 0, 0, 22, 22, 1, 9.11%, 7, 6, 2, 4.64, 4454, 210
57481, 0, 0, 22, 22, 1, 9.11%, 7, 6, 2, 1.12, 4462, 210
57486, 0, 0, 22, 22, 1, 9.11%, 7, 6, 2, 1.52, 4472, 210
57491, 0, 0, 22, 22, 1, 9.11%, 7, 6, 2, 1.74, 4482, 210
57496, 0, 0, 22, 22, 1, 9.11%, 7, 6, 2, 0.74, 4492, 210
57502, 0, 0, 22, 22, 1, 9.11%, 7, 6, 2, 1.05, 4503, 210
57509, 0, 0, 22, 22, 1, 9.11%, 7, 6, 2, 1.33, 4515, 210
57514, 0, 0, 22, 22, 1, 9.11%, 7, 6, 2, 1.36, 4522, 210
57520, 0, 0, 22, 22, 1, 9.11%, 7, 6, 2, 1.41, 4529, 210
57530, 0, 0, 22, 22, 1, 9.11%, 7, 6, 2, 0.13, 4531, 210
57536, 0, 0, 22, 22, 1, 9.11%, 7, 6, 2, 0.80, 4540, 210
57541, 0, 0, 22, 22, 1, 9.11%, 7, 6, 2, 1.12, 4550, 210
57550, 0, 0, 22, 22, 1, 9.11%, 7, 6, 2, 0.11, 4551, 210
57560, 0, 0, 22, 22, 1, 9.11%, 7, 6, 2, 0.63, 4554, 210
57567, 0, 0, 22, 22, 1, 9.11%, 7, 6, 2, 0.67, 4560, 210
57573, 0, 0, 22, 22, 1, 9.11%, 7, 6, 2, 1.02, 4568, 210
57578, 0, 0, 22, 22, 1, 9.11%, 7, 6, 2, 1.34, 4575, 210
57583, 0, 0, 22, 22, 1, 9.11%, 7, 6, 2, 1.51, 4583, 210
57589, 0, 0, 22, 22, 1, 9.11%, 7, 6, 2, 1.56, 4591, 210
57594, 0, 0, 22, 22, 1, 9.11%, 7, 6, 2, 1.57, 4596, 210
57599, 0, 0, 22, 22, 1, 9.11%, 7, 6, 2, 1.91, 4607, 210
57605, 0, 0, 22, 22, 1, 9.11%, 7, 6, 2, 0.61, 4618, 210
57610, 0, 0, 22, 22, 1, 9.11%, 7, 6, 2, 3.61, 4627, 210
57616, 0, 0, 22, 22, 1, 9.11%, 7, 6, 2, 0.42, 4635, 210
57621, 0, 0, 22, 22, 1, 9.11%, 7, 6, 2, 2.37, 4644, 210
57629, 0, 0, 22, 22, 1, 9.11%, 7, 6, 2, 0.37, 4653, 210
57637, 0, 0, 22, 22, 1, 9.11%, 7, 6, 2, 0.36, 4660, 210
57642, 0, 0, 22, 22, 1, 9.11%, 7, 6, 2, 2.13, 4667, 210
57650, 0, 0, 22, 22, 1, 9.11%, 7, 6, 2, 1.93, 4676, 210
57656, 0, 0, 22, 22, 1, 9.11%, 7, 6, 2, 2.00, 4684, 210
57663, 0, 0, 22, 22, 1, 9.11%, 7, 6, 2, 1.90, 4691, 210
59267, 0, 0, 23, 23, 1, 9.28%, 7, 6, 2, 0.01, 4705, 214
59272, 0, 0, 23, 23, 1, 9.28%, 7, 6, 2, 1.57, 4716, 214
59277, 0, 0, 23, 23, 1, 9.28%, 7, 6, 2, 1.77, 4727, 214
59283, 0, 0, 23, 23, 1, 9.28%, 7, 6, 2, 3.56, 4736, 214
59288, 0, 0, 23, 23, 1, 9.28%, 7, 6, 2, 2.94, 4746, 214
59293, 0, 0, 23, 23, 1, 9.28%, 7, 6, 2, 2.70, 4757, 214
59298, 0, 0, 23, 23, 1, 9.28%, 7, 6, 2, 2.52, 4765, 214
59305, 0, 0, 23, 23, 1, 9.28%, 7, 6, 2, 0.28, 4772, 214
59310, 0, 0, 23, 23, 1, 9.28%, 7, 6, 2, 0.91, 4780, 214
59315, 0, 0, 23, 23, 1, 9.28%, 7, 6, 2, 0.80, 4788, 214
59320, 0, 0, 23, 23, 1, 9.28%, 7, 6, 2, 0.88, 4793, 214
63590, 0, 0, 24, 24, 1, 9.41%, 7, 6, 2, 0.00, 4804, 217
63595, 0, 0, 24, 24, 1, 9.41%, 7, 6, 2, 1.68, 4811, 217
63600, 0, 0, 24, 24, 1, 9.41%, 7, 6, 2, 0.68, 4817, 217
63605, 0, 0, 24, 24, 1, 9.41%, 7, 6, 2, 0.89, 4824, 217
63611, 0, 0, 24, 24, 1, 9.41%, 7, 6, 2, 0.32, 4828, 217
63623, 0, 0, 24, 24, 1, 9.41%, 7, 6, 2, 0.32, 4830, 217
63630, 0, 0, 24, 24, 1, 9.41%, 7, 6, 2, 2.21, 4836, 217
63637, 0, 0, 24, 24, 1, 9.41%, 7, 6, 2, 0.43, 4843, 217
63644, 0, 0, 24, 24, 1, 9.41%, 7, 6, 2, 0.45, 4847, 217
63661, 0, 0, 24, 24, 1, 9.41%, 7, 6, 2, 0.20, 4857, 217
63670, 0, 0, 24, 24, 1, 9.41%, 7, 6, 2, 0.19, 4858, 217
63676, 0, 0, 24, 24, 1, 9.41%, 7, 6, 2, 0.19, 4859, 217
63681, 0, 0, 24, 24, 1, 9.41%, 7, 6, 2, 1.03, 4862, 217
63687, 0, 0, 24, 24, 1, 9.41%, 7, 6, 2, 1.23, 4870, 217
63692, 0, 0, 24, 24, 1, 9.41%, 7, 6, 2, 1.63, 4881, 217
63698, 0, 0, 24, 24, 1, 9.41%, 7, 6, 2, 1.75, 4888, 217
63704, 0, 0, 24, 24, 1, 9.41%, 7, 6, 2, 2.05, 4901, 217
63709, 0, 0, 24, 24, 1, 9.41%, 7, 6, 2, 2.06, 4912, 217
63715, 0, 0, 24, 24, 1, 9.41%, 7, 6, 2, 2.07, 4922, 217
63722, 0, 0, 24, 24, 1, 9.41%, 7, 6, 2, 0.34, 4927, 217
63729, 0, 0, 24, 24, 1, 9.41%, 7, 6, 2, 1.81, 4935, 217
63734, 0, 0, 24, 24, 1, 9.41%, 8, 6, 2, 2.20, 4942, 217
63739, 0, 0, 24, 24, 1, 9.41%, 8, 6, 2, 1.97, 4947, 217
63745, 0, 0, 24, 24, 1, 9.41%, 8, 6, 2, 1.80, 4950, 217
63750, 0, 0, 24, 24, 1, 9.41%, 8, 6, 2, 1.65, 4953, 217
63756, 0, 0, 24, 24, 1, 9.41%, 8, 6, 2, 0.22, 4956, 217
63762, 0, 0, 24, 24, 1, 9.41%, 8, 6, 2, 1.43, 4962, 217
63767, 0, 0, 24, 24, 1, 9.41%, 8, 6, 2, 1.08, 4969, 217
63777, 0, 0, 24, 24, 1, 9.41%, 8, 6, 2, 1.01, 4973, 217
63784, 0, 0, 24, 24, 1, 9.41%, 8, 6, 2, 1.03, 4981, 217
63791, 0, 0, 24, 24, 1, 9.41%, 8, 6, 2, 0.95, 4985, 217
63796, 0, 0, 24, 24, 1, 9.41%, 8, 6, 2, 1.00, 4990, 217
63803, 0, 0, 24, 24, 1, 9.41%, 8, 6, 2, 1.00, 4997, 217
63808, 0, 0, 24, 24, 1, 9.41%, 8, 6, 2, 1.10, 5005, 217
63815, 0, 0, 24, 24, 1, 9.41%, 8, 6, 2, 1.07, 5011, 217
63828, 0, 0, 24, 24, 1, 9.41%, 8, 6, 2, 0.10, 5018, 217
63838, 0, 0, 24, 24, 1, 9.41%, 8, 6, 2, 0.10, 5021, 217
63848, 0, 0, 24, 24, 1, 9.41%, 8, 6, 2, 0.10, 5022, 217
63857, 0, 0, 24, 24, 1, 9.41%, 8, 6, 2, 0.40, 5031, 217
63863, 0, 0, 24, 24, 1, 9.41%, 8, 6, 2, 4.63, 5037, 217
63871, 0, 0, 24, 24, 1, 9.41%, 8, 6, 2, 0.65, 5047, 217
63877, 0, 0, 24, 24, 1, 9.41%, 8, 6, 2, 5.31, 5059, 217
63883, 0, 0, 24, 24, 1, 9.41%, 8, 6, 2, 1.10, 5068, 217
63889, 0, 0, 24, 24, 1, 9.41%, 8, 6, 2, 1.20, 5077, 217
63894, 0, 0, 24, 24, 1, 9.41%, 8, 6, 2, 1.22, 5081, 217
63899, 0, 0, 24, 24, 1, 9.41%, 8, 6, 2, 1.17, 5085, 217
63909, 0, 0, 24, 24, 1, 9.41%, 8, 6, 2, 1.30, 5093, 217
63917, 0, 0, 24, 24, 1, 9.41%, 8, 6, 2, 0.25, 5095, 217
63922, 0, 0, 24, 24, 1, 9.41%, 8, 6, 2, 0.32, 5099, 217
63929, 0, 0, 24, 24, 1, 9.41%, 8, 6, 2, 0.34, 5102, 217
63936, 0, 0, 24, 24, 1, 9.41%, 8, 6, 2, 0.38, 5105, 217
63942, 0, 0, 24, 24, 1, 9.41%, 8, 6, 2, 0.44, 5109, 217
63947, 0, 0, 24, 24, 1, 9.41%, 8, 6, 2, 0.70, 5117, 217
63953, 0, 0, 24, 24, 1, 9.41%, 8, 6, 2, 1.06, 5129, 217
63958, 0, 0, 24, 24, 1, 9.41%, 8, 6, 2, 1.50, 5140, 217
63965, 0, 0, 24, 24, 1, 9.41%, 8, 6, 2, 1.72, 5150, 217
63970, 0, 0, 24, 24, 1, 9.41%, 8, 6, 2, 1.84, 5159, 217
63976, 0, 0, 24, 24, 1, 9.41%, 8, 6, 2, 0.29, 5164, 217
63984, 0, 0, 24, 24, 1, 9.41%, 8, 6, 2, 0.15, 5167, 217
63990, 0, 0, 24, 24, 1, 9.41%, 8, 6, 2, 1.22, 5172, 217
64000, 0, 0, 24, 24, 1, 9.41%, 8, 6, 2, 0.10, 5173, 217
64011, 0, 0, 24, 24, 1, 9.41%, 8, 6, 2, 0.13, 5177, 217
64023, 0, 0, 24, 24, 1, 9.41%, 8, 6, 2, 0.10, 5183, 217
64039, 0, 0, 24, 24, 1, 9.41%, 8, 6, 2, 0.10, 5184, 217
64050, 0, 0, 24, 24, 1, 9.41%, 8, 6, 2, 0.10, 5185, 217
64062, 0, 0, 24, 24, 1, 9.41%, 8, 6, 2, 0.10, 5186, 217
64073, 0, 0, 24, 24, 1, 9.41%, 8, 6, 2, 0.10, 5187, 217
64084, 0, 0, 24, 24, 1, 9.41%, 8, 6, 2, 0.10, 5188, 217
64097, 0, 0, 24, 24, 1, 9.41%, 8, 6, 2, 0.09, 5189, 217
64108, 0, 0, 24, 24, 1, 9.41%, 8, 6, 2, 0.09, 5190, 217
64119, 0, 0, 24, 24, 1, 9.41%, 8, 6, 2, 0.09, 5191, 217
64126, 0, 0, 24, 24, 1, 9.41%, 8, 6, 2, 0.10, 5192, 217
64138, 0, 0, 24, 24, 1, 9.41%, 8, 6, 2, 0.10, 5193, 217
64149, 0, 0, 24, 24, 1, 9.41%, 8, 6, 2, 0.10, 5194, 217
64163, 0, 0, 24, 24, 1, 9.41%, 8, 6, 2, 0.09, 5195, 217
64174, 0, 0, 24, 24, 1, 9.41%, 8, 6, 2, 0.09, 5196, 217
64185, 0, 0, 24, 24, 1, 9.41%, 8, 6, 2, 0.09, 5197, 217
64196, 0, 0, 24, 24, 1, 9.41%, 8, 6, 2, 0.09, 5198, 217
64207, 0, 0, 24, 24, 1, 9.41%, 8, 6, 2, 0.09, 5199, 217
64225, 0, 0, 24, 24, 1, 9.41%, 8, 6, 2, 0.10, 5201, 217
64237, 0, 0, 24, 24, 1, 9.41%, 8, 6, 2, 0.10, 5202, 217
64248, 0, 0, 24, 24, 1, 9.41%, 8, 6, 2, 0.10, 5203, 217
64259, 0, 0, 24, 24, 1, 9.41%, 8, 6, 2, 0.10, 5204, 217
64270, 0, 0, 24, 24, 1, 9.41%, 8, 6, 2, 0.10, 5205, 217
64281, 0, 0, 24, 24, 1, 9.41%, 8, 6, 2, 0.10, 5206, 217
64295, 0, 0, 24, 24, 1, 9.41%, 8, 6, 2, 0.10, 5207, 217
64306, 0, 0, 24, 24, 1, 9.41%, 8, 6, 2, 0.10, 5208, 217
64317, 0, 0, 24, 24, 1, 9.41%, 8, 6, 2, 0.10, 5209, 217
64329, 0, 0, 24, 24, 1, 9.41%, 8, 6, 2, 0.09, 5210, 217
64340, 0, 0, 24, 24, 1, 9.41%, 8, 6, 2, 0.09, 5211, 217
64351, 0, 0, 24, 24, 1, 9.41%, 8, 6, 2, 0.09, 5212, 217
64366, 0, 0, 24, 24, 1, 9.41%, 8, 6, 2, 0.09, 5213, 217
64377, 0, 0, 24, 24, 1, 9.41%, 8, 6, 2, 0.09, 5214, 217
64388, 0, 0, 24, 24, 1, 9.41%, 8, 6, 2, 0.09, 5215, 217
64402, 0, 0, 24, 24, 1, 9.41%, 8, 6, 2, 0.10, 5217, 217
64413, 0, 0, 24, 24, 1, 9.41%, 8, 6, 2, 0.10, 5218, 217
64426, 0, 0, 24, 24, 1, 9.41%, 8, 6, 2, 0.10, 5219, 217
64437, 0, 0, 24, 24, 1, 9.41%, 8, 6, 2, 0.10, 5220, 217
64448, 0, 0, 24, 24, 1, 9.41%, 8, 6, 2, 0.10, 5221, 217
64459, 0, 0, 24, 24, 1, 9.41%, 8, 6, 2, 0.10, 5222, 217
64470, 0, 0, 24, 24, 1, 9.41%, 8, 6, 2, 0.10, 5223, 217
64481, 0, 0, 24, 24, 1, 9.41%, 8, 6, 2, 0.10, 5224, 217
64495, 0, 0, 24, 24, 1, 9.41%, 8, 6, 2, 0.10, 5225, 217
64506, 0, 0, 24, 24, 1, 9.41%, 8, 6, 2, 0.10, 5226, 217
64517, 0, 0, 24, 24, 1, 9.41%, 8, 6, 2, 0.10, 5227, 217
64528, 0, 0, 24, 24, 1, 9.41%, 8, 6, 2, 0.10, 5228, 217
64539, 0, 0, 24, 24, 1, 9.41%, 8, 6, 2, 0.10, 5229, 217
64549, 0, 0, 24, 24, 1, 9.41%, 8, 6, 2, 0.10, 5230, 217
64564, 0, 0, 24, 24, 1, 9.41%, 8, 6, 2, 0.10, 5231, 217
64575, 0, 0, 24, 24, 1, 9.41%, 8, 6, 2, 0.09, 5232, 217
64586, 0, 0, 24, 24, 1, 9.41%, 8, 6, 2, 0.09, 5233, 217
64597, 0, 0, 24, 24, 1, 9.41%, 8, 6, 2, 0.09, 5234, 217
64608, 0, 0, 24, 24, 1, 9.41%, 8, 6, 2, 0.09, 5235, 217
64619, 0, 0, 24, 24, 1, 9.41%, 8, 6, 2, 0.09, 5236, 217
64632, 0, 0, 24, 24, 1, 9.41%, 8, 6, 2, 0.09, 5237, 217
64643, 0, 0, 24, 24, 1, 9.41%, 8, 6, 2, 0.09, 5238, 217
64654, 0, 0, 24, 24, 1, 9.41%, 8, 6, 2, 0.09, 5239, 217
64665, 0, 0, 24, 24, 1, 9.41%, 8, 6, 2, 0.09, 5240, 217
64676, 0, 0, 24, 24, 1, 9.41%, 8, 6, 2, 0.09, 5241, 217
64687, 0, 0, 24, 24, 1, 9.41%, 8, 6, 2, 0.09, 5242, 217
64701, 0, 0, 24, 24, 1, 9.41%, 8, 6, 2, 0.09, 5243, 217
64711, 0, 0, 24, 24, 1, 9.41%, 8, 6, 2, 0.09, 5244, 217
64722, 0, 0, 24, 24, 1, 9.41%, 8, 6, 2, 0.09, 5245, 217
64734, 0, 0, 24, 24, 1, 9.41%, 8, 6, 2, 0.09, 5246, 217
64745, 0, 0, 24, 24, 1, 9.41%, 8, 6, 2, 0.09, 5247, 217
64756, 0, 0, 24, 24, 1, 9.41%, 8, 6, 2, 0.09, 5248, 217
64769, 0, 0, 24, 24, 1, 9.41%, 8, 6, 2, 0.09, 5249, 217
64780, 0, 0, 24, 24, 1, 9.41%, 8, 6, 2, 0.09, 5250, 217
64791, 0, 0, 24, 24, 1, 9.41%, 8, 6, 2, 0.09, 5251, 217
64803, 0, 0, 24, 24, 1, 9.41%, 8, 6, 2, 0.09, 5252, 217
64813, 0, 0, 24, 24, 1, 9.41%, 8, 6, 2, 0.09, 5253, 217
64824, 0, 0, 24, 24, 1, 9.41%, 8, 6, 2, 0.09, 5254, 217
64835, 0, 0, 24, 24, 1, 9.41%, 8, 6, 2, 0.09, 5255, 217
64841, 0, 0, 24, 24, 1, 9.41%, 8, 6, 2, 0.09, 5256, 217
64852, 0, 0, 24, 24, 1, 9.41%, 8, 6, 2, 0.09, 5257, 217
64863, 0, 0, 24, 24, 1, 9.41%, 8, 6, 2, 0.09, 5258, 217
64874, 0, 0, 24, 24, 1, 9.41%, 8, 6, 2, 0.09, 5259, 217
64885, 0, 0, 24, 24, 1, 9.41%, 8, 6, 2, 0.09, 5260, 217
64898, 0, 0, 24, 24, 1, 9.41%, 8, 6, 2, 0.09, 5261, 217
64908, 0, 0, 24, 24, 1, 9.41%, 8, 6, 2, 0.09, 5262, 217
64919, 0, 0, 24, 24, 1, 9.41%, 8, 6, 2, 0.09, 5263, 217
64930, 0, 0, 24, 24, 1, 9.41%, 8, 6, 2, 0.09, 5264, 217
64941, 0, 0, 24, 24, 1, 9.41%, 8, 6, 2, 0.09, 5265, 217
64951, 0, 0, 24, 24, 1, 9.41%, 8, 6, 2, 0.09, 5266, 217
64970, 0, 0, 24, 24, 1, 9.41%, 8, 6, 2, 0.10, 5268, 217
64976, 0, 0, 24, 24, 1, 9.41%, 8, 6, 2, 0.10, 5269, 217
64987, 0, 0, 24, 24, 1, 9.41%, 8, 6, 2, 0.10, 5270, 217
64998, 0, 0, 24, 24, 1, 9.41%, 8, 6, 2, 0.10, 5271, 217
65008, 0, 0, 24, 24, 1, 9.41%, 8, 6, 2, 0.10, 5272, 217
65023, 0, 0, 24, 24, 1, 9.41%, 8, 6, 2, 0.10, 5273, 217
65033, 0, 0, 24, 24, 1, 9.41%, 8, 6, 2, 0.10, 5274, 217
65044, 0, 0, 24, 24, 1, 9.41%, 8, 6, 2, 0.10, 5275, 217
65054, 0, 0, 24, 24, 1, 9.41%, 8, 6, 2, 0.10, 5276, 217
65065, 0, 0, 24, 24, 1, 9.41%, 8, 6, 2, 0.10, 5277, 217
65076, 0, 0, 24, 24, 1, 9.41%, 8, 6, 2, 0.10, 5278, 217
65090, 0, 0, 24, 24, 1, 9.41%, 8, 6, 2, 0.10, 5279, 217
65100, 0, 0, 24, 24, 1, 9.41%, 8, 6, 2, 0.10, 5280, 217
65111, 0, 0, 24, 24, 1, 9.41%, 8, 6, 2, 0.10, 5281, 217
65122, 0, 0, 24, 24, 1, 9.41%, 8, 6, 2, 0.10, 5282, 217
65133, 0, 0, 24, 24, 1, 9.41%, 8, 6, 2, 0.10, 5283, 217
65144, 0, 0, 24, 24, 1, 9.41%, 8, 6, 2, 0.09, 5284, 217
65158, 0, 0, 24, 24, 1, 9.41%, 8, 6, 2, 0.09, 5285, 217
65169, 0, 0, 24, 24, 1, 9.41%, 8, 6, 2, 0.09, 5286, 217
65180, 0, 0, 24, 24, 1, 9.41%, 8, 6, 2, 0.09, 5287, 217
65195, 0, 0, 24, 24, 1, 9.41%, 8, 6, 2, 0.10, 5289, 217
65207, 0, 0, 24, 24, 1, 9.41%, 8, 6, 2, 0.10, 5290, 217
65221, 0, 0, 24, 24, 1, 9.41%, 8, 6, 2, 0.10, 5291, 217
65232, 0, 0, 24, 24, 1, 9.41%, 8, 6, 2, 0.10, 5292, 217
65243, 0, 0, 24, 24, 1, 9.41%, 8, 6, 2, 0.10, 5293, 217
65255, 0, 0, 24, 24, 1, 9.41%, 8, 6, 2, 0.10, 5294, 217
65266, 0, 0, 24, 24, 1, 9.41%, 8, 6, 2, 0.10, 5295, 217
65277, 0, 0, 24, 24, 1, 9.41%, 8, 6, 2, 0.10, 5296, 217
65292, 0, 0, 24, 24, 1, 9.41%, 8, 6, 2, 0.09, 5297, 217
65303, 0, 0, 24, 24, 1, 9.41%, 8, 6, 2, 0.09, 5298, 217
65314, 0, 0, 24, 24, 1, 9.41%, 8, 6, 2, 0.09, 5299, 217
65325, 0, 0, 24, 24, 1, 9.41%, 8, 6, 2, 0.09, 5300, 217
65335, 0, 0, 24, 24, 1, 9.41%, 8, 6, 2, 0.09, 5301, 217
65347, 0, 0, 24, 24, 1, 9.41%, 8, 6, 2, 0.09, 5302, 217
65360, 0, 0, 24, 24, 1, 9.41%, 8, 6, 2, 0.09, 5303, 217
65371, 0, 0, 24, 24, 1, 9.41%, 8, 6, 2, 0.09, 5304, 217
65382, 0, 0, 24, 24, 1, 9.41%, 8, 6, 2, 0.09, 5305, 217
65393, 0, 0, 24, 24, 1, 9.41%, 8, 6, 2, 0.09, 5306, 217
65404, 0, 0, 24, 24, 1, 9.41%, 8, 6, 2, 0.09, 5307, 217
65415, 0, 0, 24, 24, 1, 9.41%, 8, 6, 2, 0.09, 5308, 217
65428, 0, 0, 24, 24, 1, 9.41%, 8, 6, 2, 0.09, 5309, 217
65439, 0, 0, 24, 24, 1, 9.41%, 8, 6, 2, 0.09, 5310, 217
65450, 0, 0, 24, 24, 1, 9.41%, 8, 6, 2, 0.09, 5311, 217
65462, 0, 0, 24, 24, 1, 9.41%, 8, 6, 2, 0.09, 5312, 217
65473, 0, 0, 24, 24, 1, 9.41%, 8, 6, 2, 0.09, 5313, 217
65484, 0, 0, 24, 24, 1, 9.41%, 8, 6, 2, 0.09, 5314, 217
65499, 0, 0, 24, 24, 1, 9.41%, 8, 6, 2, 0.09, 5315, 217
65510, 0, 0, 24, 24, 1, 9.41%, 8, 6, 2, 0.09, 5316, 217
65522, 0, 0, 24, 24, 1, 9.41%, 8, 6, 2, 0.09, 5317, 217
65530, 0, 0, 24, 24, 1, 9.41%, 8, 6, 2, 0.09, 5318, 217
65543, 0, 0, 24, 24, 1, 9.41%, 8, 6, 2, 0.10, 5320, 217
65554, 0, 0, 24, 24, 1, 9.41%, 8, 6, 2, 0.10, 5321, 217
65568, 0, 0, 24, 24, 1, 9.41%, 8, 6, 2, 0.10, 5322, 217
65579, 0, 0, 24, 24, 1, 9.41%, 8, 6, 2, 0.10, 5323, 217
65590, 0, 0, 24, 24, 1, 9.41%, 8, 6, 2, 0.09, 5324, 217
65601, 0, 0, 24, 24, 1, 9.41%, 8, 6, 2, 0.09, 5325, 217
65612, 0, 0, 24, 24, 1, 9.41%, 8, 6, 2, 0.09, 5326, 217
65623, 0, 0, 24, 24, 1, 9.41%, 8, 6, 2, 0.09, 5327, 217
65632, 0, 0, 24, 24, 1, 9.41%, 8, 6, 2, 0.10, 5328, 217
65643, 0, 0, 24, 24, 1, 9.41%, 8, 6, 2, 0.10, 5329, 217
65654, 0, 0, 24, 24, 1, 9.41%, 8, 6, 2, 0.09, 5330, 217
65665, 0, 0, 24, 24, 1, 9.41%, 8, 6, 2, 0.09, 5331, 217
65676, 0, 0, 24, 24, 1, 9.41%, 8, 6, 2, 0.09, 5332, 217
65687, 0, 0, 24, 24, 1, 9.41%, 8, 6, 2, 0.09, 5333, 217
65701, 0, 0, 24, 24, 1, 9.41%, 8, 6, 2, 0.09, 5334, 217
65712, 0, 0, 24, 24, 1, 9.41%, 8, 6, 2, 0.09, 5335, 217
65723, 0, 0, 24, 24, 1, 9.41%, 8, 6, 2, 0.09, 5336, 217
65734, 0, 0, 24, 24, 1, 9.41%, 8, 6, 2, 0.09, 5337, 217
65746, 0, 0, 24, 24, 1, 9.41%, 8, 6, 2, 0.09, 5338, 217
65757, 0, 0, 24, 24, 1, 9.41%, 8, 6, 2, 0.09, 5339, 217
65771, 0, 0, 24, 24, 1, 9.41%, 8, 6, 2, 0.09, 5340, 217
65782, 0, 0, 24, 24, 1, 9.41%, 8, 6, 2, 0.09, 5341, 217
65794, 0, 0, 24, 24, 1, 9.41%, 8, 6, 2, 0.09, 5342, 217
65804, 0, 0, 24, 24, 1, 9.41%, 8, 6, 2, 0.09, 5343, 217
65815, 0, 0, 24, 24, 1, 9.41%, 8, 6, 2, 0.09, 5344, 217
65826, 0, 0, 24, 24, 1, 9.41%, 8, 6, 2, 0.09, 5345, 217
65842, 0, 0, 24, 24, 1, 9.41%, 8, 6, 2, 0.10, 5347, 217
65853, 0, 0, 24, 24, 1, 9.41%, 8, 6, 2, 0.10, 5348, 217
65863, 0, 0, 24, 24, 1, 9.41%, 8, 6, 2, 0.10, 5349, 217
65875, 0, 0, 24, 24, 1, 9.41%, 8, 6, 2, 0.10, 5350, 217
65885, 0, 0, 24, 24, 1, 9.41%, 8, 6, 2, 0.10, 5351, 217
65900, 0, 0, 24, 24, 1, 9.41%, 8, 6, 2, 0.10, 5352, 217
65911, 0, 0, 24, 24, 1, 9.41%, 8, 6, 2, 0.10, 5353, 217
65922, 0, 0, 24, 24, 1, 9.41%, 8, 6, 2, 0.10, 5354, 217
65933, 0, 0, 24, 24, 1, 9.41%, 8, 6, 2, 0.10, 5355, 217
65944, 0, 0, 24, 24, 1, 9.41%, 8, 6, 2, 0.10, 5356, 217
65955, 0, 0, 24, 24, 1, 9.41%, 8, 6, 2, 0.10, 5357, 217
65969, 0, 0, 24, 24, 1, 9.41%, 8, 6, 2, 0.10, 5358, 217
65979, 0, 0, 24, 24, 1, 9.41%, 8, 6, 2, 0.09, 5359, 217
65990, 0, 0, 24, 24, 1, 9.41%, 8, 6, 2, 0.09, 5360, 217
66001, 0, 0, 24, 24, 1, 9.41%, 8, 6, 2, 0.09, 5361, 217
66013, 0, 0, 24, 24, 1, 9.41%, 8, 6, 2, 0.09, 5362, 217
66024, 0, 0, 24, 24, 1, 9.41%, 8, 6, 2, 0.09, 5363, 217
66037, 0, 0, 24, 24, 1, 9.41%, 8, 6, 2, 0.09, 5364, 217
66048, 0, 0, 24, 24, 1, 9.41%, 8, 6, 2, 0.09, 5365, 217
66060, 0, 0, 24, 24, 1, 9.41%, 8, 6, 2, 0.09, 5366, 217
66071, 0, 0, 24, 24, 1, 9.41%, 8, 6, 2, 0.09, 5367, 217
66084, 0, 0, 24, 24, 1, 9.41%, 8, 6, 2, 0.11, 5369, 217
66097, 0, 0, 24, 24, 1, 9.41%, 8, 6, 2, 0.10, 5370, 217
66108, 0, 0, 24, 24, 1, 9.41%, 8, 6, 2, 0.10, 5371, 217
66119, 0, 0, 24, 24, 1, 9.41%, 8, 6, 2, 0.10, 5372, 217
66130, 0, 0, 24, 24, 1, 9.41%, 8, 6, 2, 0.10, 5373, 217
66141, 0, 0, 24, 24, 1, 9.41%, 8, 6, 2, 0.10, 5374, 217
66152, 0, 0, 24, 24, 1, 9.41%, 8, 6, 2, 0.10, 5375, 217
66166, 0, 0, 24, 24, 1, 9.41%, 8, 6, 2, 0.10, 5376, 217
66178, 0, 0, 24, 24, 1, 9.41%, 8, 6, 2, 0.10, 5377, 217
66189, 0, 0, 24, 24, 1, 9.41%, 8, 6, 2, 0.10, 5378, 217
66199, 0, 0, 24, 24, 1, 9.41%, 8, 6, 2, 0.10, 5379, 217
66210, 0, 0, 24, 24, 1, 9.41%, 8, 6, 2, 0.10, 5380, 217
66221, 0, 0, 24, 24, 1, 9.41%, 8, 6, 2, 0.10, 5381, 217
66236, 0, 0, 24, 24, 1, 9.41%, 8, 6, 2, 0.10, 5382, 217
66247, 0, 0, 24, 24, 1, 9.41%, 8, 6, 2, 0.09, 5383, 217
66259, 0, 0, 24, 24, 1, 9.41%, 8, 6, 2, 0.09, 5384, 217
66270, 0, 0, 24, 24, 1, 9.41%, 8, 6, 2, 0.09, 5385, 217
66276, 0, 0, 24, 24, 1, 9.41%, 8, 6, 2, 0.10, 5386, 217
66286, 0, 0, 24, 24, 1, 9.41%, 8, 6, 2, 0.10, 5387, 217
66301, 0, 0, 24, 24, 1, 9.41%, 8, 6, 2, 0.10, 5388, 217
66312, 0, 0, 24, 24, 1, 9.41%, 8, 6, 2, 0.10, 5389, 217
66323, 0, 0, 24, 24, 1, 9.41%, 8, 6, 2, 0.10, 5390, 217
66334, 0, 0, 24, 24, 1, 9.41%, 8, 6, 2, 0.09, 5391, 217
66345, 0, 0, 24, 24, 1, 9.41%, 8, 6, 2, 0.09, 5392, 217
66355, 0, 0, 24, 24, 1, 9.41%, 8, 6, 2, 0.09, 5393, 217
66370, 0, 0, 24, 24, 1, 9.41%, 8, 6, 2, 0.09, 5394, 217
66381, 0, 0, 24, 24, 1, 9.41%, 8, 6, 2, 0.09, 5395, 217
66388, 0, 0, 24, 24, 1, 9.41%, 8, 6, 2, 0.10, 5396, 217
66399, 0, 0, 24, 24, 1, 9.41%, 8, 6, 2, 0.10, 5397, 217
66410, 0, 0, 24, 24, 1, 9.41%, 8, 6, 2, 0.10, 5398, 217
66421, 0, 0, 24, 24, 1, 9.41%, 8, 6, 2, 0.09, 5399, 217
66436, 0, 0, 24, 24, 1, 9.41%, 8, 6, 2, 0.09, 5400, 217
66447, 0, 0, 24, 24, 1, 9.41%, 8, 6, 2, 0.09, 5401, 217
66459, 0, 0, 24, 24, 1, 9.41%, 8, 6, 2, 0.09, 5402, 217
66470, 0, 0, 24, 24, 1, 9.41%, 8, 6, 2, 0.09, 5403, 217
66481, 0, 0, 24, 24, 1, 9.41%, 8, 6, 2, 0.09, 5404, 217
66493, 0, 0, 24, 24, 1, 9.41%, 8, 6, 2, 0.09, 5405, 217
66508, 0, 0, 24, 24, 1, 9.41%, 8, 6, 2, 0.09, 5406, 217
66519, 0, 0, 24, 24, 1, 9.41%, 8, 6, 2, 0.09, 5407, 217
66530, 0, 0, 24, 24, 1, 9.41%, 8, 6, 2, 0.09, 5408, 217
66541, 0, 0, 24, 24, 1, 9.41%, 8, 6, 2, 0.09, 5409, 217
66552, 0, 0, 24, 24, 1, 9.41%, 8, 6, 2, 0.09, 5410, 217
66563, 0, 0, 24, 24, 1, 9.41%, 8, 6, 2, 0.09, 5411, 217
66577, 0, 0, 24, 24, 1, 9.41%, 8, 6, 2, 0.09, 5412, 217
66583, 0, 0, 24, 24, 1, 9.41%, 8, 6, 2, 0.09, 5413, 217
66595, 0, 0, 24, 24, 1, 9.41%, 8, 6, 2, 0.09, 5414, 217
66606, 0, 0, 24, 24, 1, 9.41%, 8, 6, 2, 0.09, 5415, 217
66617, 0, 0, 24, 24, 1, 9.41%, 8, 6, 2, 0.09, 5416, 217
66628, 0, 0, 24, 24, 1, 9.41%, 8, 6, 2, 0.09, 5417, 217
66643, 0, 0, 24, 24, 1, 9.41%, 8, 6, 2, 0.09, 5418, 217
66655, 0, 0, 24, 24, 1, 9.41%, 8, 6, 2, 0.09, 5419, 217
66666, 0, 0, 24, 24, 1, 9.41%, 8, 6, 2, 0.09, 5420, 217
66678, 0, 0, 24, 24, 1, 9.41%, 8, 6, 2, 0.09, 5421, 217
66692, 0, 0, 24, 24, 1, 9.41%, 8, 6, 2, 0.10, 5423, 217
66706, 0, 0, 24, 24, 1, 9.41%, 8, 6, 2, 0.10, 5424, 217
66717, 0, 0, 24, 24, 1, 9.41%, 8, 6, 2, 0.10, 5425, 217
66728, 0, 0, 24, 24, 1, 9.41%, 8, 6, 2, 0.10, 5426, 217
66743, 0, 0, 24, 24, 1, 9.41%, 8, 6, 2, 0.10, 5428, 217
66754, 0, 0, 24, 24, 1, 9.41%, 8, 6, 2, 0.10, 5429, 217
66770, 0, 0, 24, 24, 1, 9.41%, 8, 6, 2, 0.11, 5431, 217
66774, 0, 0, 24, 24, 1, 9.41%, 8, 6, 2, 0.15, 5433, 217
66780, 0, 0, 24, 24, 1, 9.41%, 8, 6, 2, 1.83, 5442, 217
66785, 0, 0, 24, 24, 1, 9.41%, 8, 6, 2, 1.75, 5448, 217
66791, 0, 0, 24, 24, 1, 9.41%, 8, 6, 2, 0.43, 5455, 217
66798, 0, 0, 24, 24, 1, 9.41%, 8, 6, 2, 0.62, 5461, 217
66811, 0, 0, 24, 24, 1, 9.41%, 8, 6, 2, 0.12, 5466, 217
66817, 0, 0, 24, 24, 1, 9.41%, 8, 6, 2, 1.73, 5470, 217
66823, 0, 0, 24, 24, 1, 9.41%, 8, 6, 2, 1.94, 5480, 217
66829, 0, 0, 24, 24, 1, 9.41%, 8, 6, 2, 0.34, 5482, 217
66837, 0, 0, 24, 24, 1, 9.41%, 8, 6, 2, 0.34, 5485, 217
66844, 0, 0, 24, 24, 1, 9.41%, 8, 6, 2, 0.34, 5488, 217
66851, 0, 0, 24, 24, 1, 9.41%, 8, 6, 2, 0.40, 5493, 217
66861, 0, 0, 24, 24, 1, 9.41%, 8, 6, 2, 0.20, 5496, 217
66873, 0, 0, 24, 24, 1, 9.41%, 8, 6, 2, 0.19, 5497, 217
66884, 0, 0, 24, 24, 1, 9.41%, 8, 6, 2, 0.18, 5498, 217
66900, 0, 0, 24, 24, 1, 9.41%, 8, 6, 2, 0.18, 5499, 217
66912, 0, 0, 24, 24, 1, 9.41%, 8, 6, 2, 0.17, 5500, 217
66923, 0, 0, 24, 24, 1, 9.41%, 8, 6, 2, 0.16, 5501, 217
66934, 0, 0, 24, 24, 1, 9.41%, 8, 6, 2, 0.16, 5502, 217
66945, 0, 0, 24, 24, 1, 9.41%, 8, 6, 2, 0.16, 5503, 217
66960, 0, 0, 24, 24, 1, 9.41%, 8, 6, 2, 0.15, 5504, 217
66969, 0, 0, 24, 24, 1, 9.41%, 8, 6, 2, 0.15, 5505, 217
66980, 0, 0, 24, 24, 1, 9.41%, 8, 6, 2, 0.14, 5506, 217
66990, 0, 0, 24, 24, 1, 9.41%, 8, 6, 2, 0.14, 5507, 217
66995, 0, 0, 24, 24, 1, 9.41%, 8, 6, 2, 0.56, 5513, 217
67001, 0, 0, 24, 24, 1, 9.41%, 8, 6, 2, 4.71, 5522, 217
67009, 0, 0, 24, 24, 1, 9.41%, 8, 6, 2, 0.54, 5529, 217
67024, 0, 0, 24, 24, 1, 9.41%, 8, 6, 2, 0.10, 5535, 217
67035, 0, 0, 24, 24, 1, 9.41%, 8, 6, 2, 0.10, 5536, 217
67047, 0, 0, 24, 24, 1, 9.41%, 8, 6, 2, 0.10, 5537, 217
67058, 0, 0, 24, 24, 1, 9.41%, 8, 6, 2, 0.10, 5538, 217
67069, 0, 0, 24, 24, 1, 9.41%, 8, 6, 2, 0.10, 5539, 217
67079, 0, 0, 24, 24, 1, 9.41%, 8, 6, 2, 0.10, 5540, 217
67094, 0, 0, 24, 24, 1, 9.41%, 8, 6, 2, 0.10, 5541, 217
67103, 0, 0, 24, 24, 1, 9.41%, 8, 6, 2, 0.09, 5542, 217
67113, 0, 0, 24, 24, 1, 9.41%, 8, 6, 2, 0.10, 5543, 217
67123, 0, 0, 24, 24, 1, 9.41%, 8, 6, 2, 0.10, 5544, 217
67138, 0, 0, 24, 24, 1, 9.41%, 8, 6, 2, 0.10, 5546, 217
67150, 0, 0, 24, 24, 1, 9.41%, 8, 6, 2, 0.10, 5547, 217
67163, 0, 0, 24, 24, 1, 9.41%, 8, 6, 2, 0.10, 5548, 217
67174, 0, 0, 24, 24, 1, 9.41%, 8, 6, 2, 0.10, 5549, 217
67185, 0, 0, 24, 24, 1, 9.41%, 8, 6, 2, 0.10, 5550, 217
67192, 0, 0, 24, 24, 1, 9.41%, 8, 6, 2, 0.10, 5551, 217
67198, 0, 0, 24, 24, 1, 9.41%, 8, 6, 2, 0.85, 5557, 217
67204, 0, 0, 24, 24, 1, 9.41%, 8, 6, 2, 1.01, 5564, 217
67210, 0, 0, 24, 24, 1, 9.41%, 8, 6, 2, 1.11, 5569, 217
67216, 0, 0, 24, 24, 1, 9.41%, 8, 6, 2, 0.42, 5575, 217
67224, 0, 0, 24, 24, 1, 9.41%, 8, 6, 2, 0.49, 5581, 217
67230, 0, 0, 24, 24, 1, 9.41%, 8, 6, 2, 3.21, 5588, 217
67235, 0, 0, 24, 24, 1, 9.41%, 8, 6, 2, 2.99, 5597, 217
67241, 0, 0, 24, 24, 1, 9.41%, 8, 6, 2, 1.15, 5609, 217
67246, 0, 0, 24, 24, 1, 9.41%, 8, 6, 2, 1.40, 5617, 217
67252, 0, 0, 24, 24, 1, 9.41%, 8, 6, 2, 1.40, 5625, 217
67258, 0, 0, 24, 24, 1, 9.41%, 8, 6, 2, 1.02, 5636, 217
67263, 0, 0, 24, 24, 1, 9.41%, 8, 6, 2, 1.36, 5645, 217
67268, 0, 0, 24, 24, 1, 9.41%, 8, 6, 2, 1.37, 5651, 217
67274, 0, 0, 24, 24, 1, 9.41%, 8, 6, 2, 0.53, 5659, 217
67279, 0, 0, 24, 24, 1, 9.41%, 8, 6, 2, 3.73, 5665, 217
67286, 0, 0, 24, 24, 1, 9.41%, 8, 6, 2, 0.50, 5672, 217
67293, 0, 0, 24, 24, 1, 9.41%, 8, 6, 2, 0.50, 5685, 217
67299, 0, 0, 24, 24, 1, 9.41%, 8, 6, 2, 0.28, 5691, 217
67304, 0, 0, 24, 24, 1, 9.41%, 8, 6, 2, 0.20, 5694, 217
67314, 0, 0, 24, 24, 1, 9.41%, 8, 6, 2, 0.20, 5695, 217
67319, 0, 0, 24, 24, 1, 9.41%, 8, 6, 2, 1.24, 5704, 217
67324, 0, 0, 24, 24, 1, 9.41%, 8, 6, 2, 1.30, 5712, 217
67330, 0, 0, 24, 24, 1, 9.41%, 8, 6, 2, 1.82, 5724, 217
67337, 0, 0, 24, 24, 1, 9.41%, 8, 6, 2, 1.60, 5729, 217
67342, 0, 0, 24, 24, 1, 9.41%, 8, 6, 2, 1.62, 5734, 217
67348, 0, 0, 24, 24, 1, 9.41%, 8, 6, 2, 0.21, 5738, 217
67358, 0, 0, 24, 24, 1, 9.41%, 8, 6, 2, 0.20, 5739, 217
67369, 0, 0, 24, 24, 1, 9.41%, 8, 6, 2, 0.19, 5740, 217
67381, 0, 0, 24, 24, 1, 9.41%, 8, 6, 2, 0.19, 5741, 217
67393, 0, 0, 24, 24, 1, 9.41%, 8, 6, 2, 0.18, 5742, 217
67404, 0, 0, 24, 24, 1, 9.41%, 8, 6, 2, 0.17, 5743, 217
67419, 0, 0, 24, 24, 1, 9.41%, 8, 6, 2, 0.17, 5744, 217
67429, 0, 0, 24, 24, 1, 9.41%, 8, 6, 2, 0.16, 5745, 217
67443, 0, 0, 24, 24, 1, 9.41%, 8, 6, 2, 0.17, 5747, 217
67454, 0, 0, 24, 24, 1, 9.41%, 8, 6, 2, 0.16, 5748, 217
67465, 0, 0, 24, 24, 1, 9.41%, 8, 6, 2, 0.16, 5749, 217
67480, 0, 0, 24, 24, 1, 9.41%, 8, 6, 2, 0.15, 5750, 217
67491, 0, 0, 24, 24, 1, 9.41%, 8, 6, 2, 0.15, 5751, 217
67502, 0, 0, 24, 24, 1, 9.41%, 8, 6, 2, 0.14, 5752, 217
67513, 0, 0, 24, 24, 1, 9.41%, 8, 6, 2, 0.14, 5753, 217
67524, 0, 0, 24, 24, 1, 9.41%, 8, 6, 2, 0.14, 5754, 217
67534, 0, 0, 24, 24, 1, 9.41%, 8, 6, 2, 0.13, 5755, 217
67548, 0, 0, 24, 24, 1, 9.41%, 8, 6, 2, 0.13, 5756, 217
67559, 0, 0, 24, 24, 1, 9.41%, 8, 6, 2, 0.13, 5757, 217
67570, 0, 0, 24, 24, 1, 9.41%, 8, 6, 2, 0.13, 5758, 217
67581, 0, 0, 24, 24, 1, 9.41%, 8, 6, 2, 0.12, 5759, 217
67592, 0, 0, 24, 24, 1, 9.41%, 8, 6, 2, 0.12, 5760, 217
67603, 0, 0, 24, 24, 1, 9.41%, 8, 6, 2, 0.12, 5761, 217
67617, 0, 0, 24, 24, 1, 9.41%, 8, 6, 2, 0.12, 5762, 217
67628, 0, 0, 24, 24, 1, 9.41%, 8, 6, 2, 0.11, 5763, 217
67639, 0, 0, 24, 24, 1, 9.41%, 8, 6, 2, 0.11, 5764, 217
67650, 0, 0, 24, 24, 1, 9.41%, 8, 6, 2, 0.11, 5765, 217
67660, 0, 0, 24, 24, 1, 9.41%, 8, 6, 2, 0.11, 5766, 217
67672, 0, 0, 24, 24, 1, 9.41%, 8, 6, 2, 0.11, 5767, 217
67687, 0, 0, 24, 24, 1, 9.41%, 8, 6, 2, 0.11, 5768, 217
67693, 0, 0, 24, 24, 1, 9.41%, 8, 6, 2, 0.11, 5769, 217
67704, 0, 0, 24, 24, 1, 9.41%, 8, 6, 2, 0.11, 5770, 217
67716, 0, 0, 24, 24, 1, 9.41%, 8, 6, 2, 0.11, 5771, 217
67727, 0, 0, 24, 24, 1, 9.41%, 8, 6, 2, 0.10, 5772, 217
67739, 0, 0, 24, 24, 1, 9.41%, 8, 6, 2, 0.10, 5773, 217
67754, 0, 0, 24, 24, 1, 9.41%, 8, 6, 2, 0.10, 5774, 217
67765, 0, 0, 24, 24, 1, 9.41%, 8, 6, 2, 0.10, 5775, 217
67777, 0, 0, 24, 24, 1, 9.41%, 8, 6, 2, 0.10, 5776, 217
67791, 0, 0, 24, 24, 1, 9.41%, 8, 6, 2, 0.11, 5778, 217
67802, 0, 0, 24, 24, 1, 9.41%, 8, 6, 2, 0.11, 5779, 217
67807, 0, 0, 24, 24, 1, 9.41%, 8, 6, 2, 0.11, 5780, 217
67822, 0, 0, 24, 24, 1, 9.41%, 8, 6, 2, 0.11, 5781, 217
67833, 0, 0, 24, 24, 1, 9.41%, 8, 6, 2, 0.11, 5782, 217
67844, 0, 0, 24, 24, 1, 9.41%, 8, 6, 2, 0.11, 5783, 217
67855, 0, 0, 24, 24, 1, 9.41%, 8, 6, 2, 0.11, 5784, 217
67866, 0, 0, 24, 24, 1, 9.41%, 8, 6, 2, 0.11, 5785, 217
67878, 0, 0, 24, 24, 1, 9.41%, 8, 6, 2, 0.11, 5786, 217
67892, 0, 0, 24, 24, 1, 9.41%, 8, 6, 2, 0.10, 5787, 217
67904, 0, 0, 24, 24, 1, 9.41%, 8, 6, 2, 0.10, 5788, 217
67915, 0, 0, 24, 24, 1, 9.41%, 8, 6, 2, 0.10, 5789, 217
67926, 0, 0, 24, 24, 1, 9.41%, 8, 6, 2, 0.10, 5790, 217
67938, 0, 0, 24, 24, 1, 9.41%, 8, 6, 2, 0.10, 5791, 217
67949, 0, 0, 24, 24, 1, 9.41%, 8, 6, 2, 0.10, 5792, 217
67964, 0, 0, 24, 24, 1, 9.41%, 8, 6, 2, 0.10, 5793, 217
67975, 0, 0, 24, 24, 1, 9.41%, 8, 6, 2, 0.10, 5794, 217
67986, 0, 0, 24, 24, 1, 9.41%, 8, 6, 2, 0.10, 5795, 217
67997, 0, 0, 24, 24, 1, 9.41%, 8, 6, 2, 0.10, 5796, 217
68008, 0, 0, 24, 24, 1, 9.41%, 8, 6, 2, 0.10, 5797, 217
68020, 0, 0, 24, 24, 1, 9.41%, 8, 6, 2, 0.09, 5798, 217
68034, 0, 0, 24, 24, 1, 9.41%, 8, 6, 2, 0.09, 5799, 217
68039, 0, 0, 24, 24, 1, 9.41%, 8, 6, 2, 0.10, 5800, 217
68051, 0, 0, 24, 24, 1, 9.41%, 8, 6, 2, 0.10, 5801, 217
68058, 0, 0, 24, 24, 1, 9.41%, 8, 6, 2, 0.10, 5802, 217
68066, 0, 0, 24, 24, 1, 9.41%, 8, 6, 2, 0.10, 5803, 217
68077, 0, 0, 24, 24, 1, 9.41%, 8, 6, 2, 0.10, 5804, 217
68089, 0, 0, 24, 24, 1, 9.41%, 8, 6, 2, 0.10, 5805, 217
68104, 0, 0, 24, 24, 1, 9.41%, 8, 6, 2, 0.10, 5806, 217
68113, 0, 0, 24, 24, 1, 9.41%, 8, 6, 2, 0.10, 5807, 217
68121, 0, 0, 24, 24, 1, 9.41%, 8, 6, 2, 0.10, 5808, 217
68132, 0, 0, 24, 24, 1, 9.41%, 8, 6, 2, 0.10, 5809, 217
68138, 0, 0, 24, 24, 1, 9.41%, 8, 6, 2, 0.10, 5810, 217
68150, 0, 0, 24, 24, 1, 9.41%, 8, 6, 2, 0.10, 5811, 217
68165, 0, 0, 24, 24, 1, 9.41%, 8, 6, 2, 0.10, 5812, 217
68176, 0, 0, 24, 24, 1, 9.41%, 8, 6, 2, 0.10, 5813, 217
68187, 0, 0, 24, 24, 1, 9.41%, 8, 6, 2, 0.10, 5814, 217
68198, 0, 0, 24, 24, 1, 9.41%, 8, 6, 2, 0.10, 5815, 217
68209, 0, 0, 24, 24, 1, 9.41%, 8, 6, 2, 0.10, 5816, 217
68227, 0, 0, 24, 24, 1, 9.41%, 8, 6, 2, 0.10, 5818, 217
68239, 0, 0, 24, 24, 1, 9.41%, 8, 6, 2, 0.10, 5819, 217
68251, 0, 0, 24, 24, 1, 9.41%, 8, 6, 2, 0.10, 5820, 217
68263, 0, 0, 24, 24, 1, 9.41%, 8, 6, 2, 0.10, 5821, 217
68275, 0, 0, 24, 24, 1, 9.41%, 8, 6, 2, 0.10, 5822, 217
68293, 0, 0, 24, 24, 1, 9.41%, 8, 6, 2, 0.10, 5823, 217
68305, 0, 0, 24, 24, 1, 9.41%, 8, 6, 2, 0.09, 5824, 217
68317, 0, 0, 24, 24, 1, 9.41%, 8, 6, 2, 0.09, 5825, 217
68330, 0, 0, 24, 24, 1, 9.41%, 8, 6, 2, 0.09, 5826, 217
68342, 0, 0, 24, 24, 1, 9.41%, 8, 6, 2, 0.09, 5827, 217
68361, 0, 0, 24, 24, 1, 9.41%, 8, 6, 2, 0.09, 5828, 217
68374, 0, 0, 24, 24, 1, 9.41%, 8, 6, 2, 0.09, 5829, 217
68386, 0, 0, 24, 24, 1, 9.41%, 8, 6, 2, 0.09, 5830, 217
68398, 0, 0, 24, 24, 1, 9.41%, 8, 6, 2, 0.09, 5831, 217
68410, 0, 0, 24, 24, 1, 9.41%, 8, 6, 2, 0.09, 5832, 217
68426, 0, 0, 24, 24, 1, 9.41%, 8, 6, 2, 0.09, 5833, 217
68437, 0, 0, 24, 24, 1, 9.41%, 8, 6, 2, 0.09, 5834, 217
68449, 0, 0, 24, 24, 1, 9.41%, 8, 6, 2, 0.09, 5835, 217
68460, 0, 0, 24, 24, 1, 9.41%, 8, 6, 2, 0.09, 5836, 217
68472, 0, 0, 24, 24, 1, 9.41%, 8, 6, 2, 0.09, 5837, 217
68488, 0, 0, 24, 24, 1, 9.41%, 8, 6, 2, 0.09, 5838, 217
68500, 0, 0, 24, 24, 1, 9.41%, 8, 6, 2, 0.08, 5839, 217
68506, 0, 0, 24, 24, 1, 9.41%, 8, 6, 2, 0.09, 5840, 217
68518, 0, 0, 24, 24, 1, 9.41%, 8, 6, 2, 0.09, 5841, 217
68529, 0, 0, 24, 24, 1, 9.41%, 8, 6, 2, 0.09, 5842, 217
68540, 0, 0, 24, 24, 1, 9.41%, 8, 6, 2, 0.09, 5843, 217
68551, 0, 0, 24, 24, 1, 9.41%, 8, 6, 2, 0.10, 5844, 217
68562, 0, 0, 24, 24, 1, 9.41%, 8, 6, 2, 0.09, 5845, 217
68574, 0, 0, 24, 24, 1, 9.41%, 8, 6, 2, 0.09, 5846, 217
68586, 0, 0, 24, 24, 1, 9.41%, 8, 6, 2, 0.09, 5847, 217
68597, 0, 0, 24, 24, 1, 9.41%, 8, 6, 2, 0.09, 5848, 217
68614, 0, 0, 24, 24, 1, 9.41%, 8, 6, 2, 0.09, 5849, 217
68625, 0, 0, 24, 24, 1, 9.41%, 8, 6, 2, 0.09, 5850, 217
68637, 0, 0, 24, 24, 1, 9.41%, 8, 6, 2, 0.09, 5851, 217
68649, 0, 0, 24, 24, 1, 9.41%, 8, 6, 2, 0.09, 5852, 217
68661, 0, 0, 24, 24, 1, 9.41%, 8, 6, 2, 0.09, 5853, 217
68678, 0, 0, 24, 24, 1, 9.41%, 8, 6, 2, 0.09, 5854, 217
68690, 0, 0, 24, 24, 1, 9.41%, 8, 6, 2, 0.09, 5855, 217
68702, 0, 0, 24, 24, 1, 9.41%, 8, 6, 2, 0.09, 5856, 217
68714, 0, 0, 24, 24, 1, 9.41%, 8, 6, 2, 0.09, 5857, 217
68726, 0, 0, 24, 24, 1, 9.41%, 8, 6, 2, 0.09, 5858, 217
68742, 0, 0, 24, 24, 1, 9.41%, 8, 6, 2, 0.09, 5859, 217
68754, 0, 0, 24, 24, 1, 9.41%, 8, 6, 2, 0.08, 5860, 217
68766, 0, 0, 24, 24, 1, 9.41%, 8, 6, 2, 0.08, 5861, 217
68778, 0, 0, 24, 24, 1, 9.41%, 8, 6, 2, 0.08, 5862, 217
68784, 0, 0, 24, 24, 1, 9.41%, 8, 6, 2, 0.09, 5863, 217
68796, 0, 0, 24, 24, 1, 9.41%, 8, 6, 2, 0.09, 5864, 217
68812, 0, 0, 24, 24, 1, 9.41%, 8, 6, 2, 0.09, 5865, 217
68823, 0, 0, 24, 24, 1, 9.41%, 8, 6, 2, 0.09, 5866, 217
68835, 0, 0, 24, 24, 1, 9.41%, 8, 6, 2, 0.09, 5867, 217
68846, 0, 0, 24, 24, 1, 9.41%, 8, 6, 2, 0.09, 5868, 217
68858, 0, 0, 24, 24, 1, 9.41%, 8, 6, 2, 0.09, 5869, 217
68875, 0, 0, 24, 24, 1, 9.41%, 8, 6, 2, 0.09, 5870, 217
68881, 0, 0, 24, 24, 1, 9.41%, 8, 6, 2, 0.09, 5871, 217
68893, 0, 0, 24, 24, 1, 9.41%, 8, 6, 2, 0.09, 5872, 217
68904, 0, 0, 24, 24, 1, 9.41%, 8, 6, 2, 0.09, 5873, 217
68915, 0, 0, 24, 24, 1, 9.41%, 8, 6, 2, 0.09, 5874, 217
68926, 0, 0, 24, 24, 1, 9.41%, 8, 6, 2, 0.09, 5875, 217
68936, 0, 0, 24, 24, 1, 9.41%, 8, 6, 2, 0.09, 5876, 217
68947, 0, 0, 24, 24, 1, 9.41%, 8, 6, 2, 0.09, 5877, 217
68960, 0, 0, 24, 24, 1, 9.41%, 8, 6, 2, 0.09, 5878, 217
68972, 0, 0, 24, 24, 1, 9.41%, 8, 6, 2, 0.09, 5879, 217
68984, 0, 0, 24, 24, 1, 9.41%, 8, 6, 2, 0.09, 5880, 217
69001, 0, 0, 24, 24, 1, 9.41%, 8, 6, 2, 0.09, 5881, 217
69013, 0, 0, 24, 24, 1, 9.41%, 8, 6, 2, 0.09, 5882, 217
69023, 0, 0, 24, 24, 1, 9.41%, 8, 6, 2, 0.09, 5883, 217
69035, 0, 0, 24, 24, 1, 9.41%, 8, 6, 2, 0.09, 5884, 217
69047, 0, 0, 24, 24, 1, 9.41%, 8, 6, 2, 0.09, 5885, 217
69064, 0, 0, 24, 24, 1, 9.41%, 8, 6, 2, 0.09, 5886, 217
69075, 0, 0, 24, 24, 1, 9.41%, 8, 6, 2, 0.09, 5887, 217
69087, 0, 0, 24, 24, 1, 9.41%, 8, 6, 2, 0.08, 5888, 217
69099, 0, 0, 24, 24, 1, 9.41%, 8, 6, 2, 0.08, 5889, 217
69111, 0, 0, 24, 24, 1, 9.41%, 8, 6, 2, 0.08, 5890, 217
69127, 0, 0, 24, 24, 1, 9.41%, 8, 6, 2, 0.09, 5891, 217
69138, 0, 0, 24, 24, 1, 9.41%, 8, 6, 2, 0.08, 5892, 217
69149, 0, 0, 24, 24, 1, 9.41%, 8, 6, 2, 0.08, 5893, 217
69161, 0, 0, 24, 24, 1, 9.41%, 8, 6, 2, 0.08, 5894, 217
69167, 0, 0, 24, 24, 1, 9.41%, 8, 6, 2, 0.09, 5895, 217
69179, 0, 0, 24, 24, 1, 9.41%, 8, 6, 2, 0.09, 5896, 217
69195, 0, 0, 24, 24, 1, 9.41%, 8, 6, 2, 0.09, 5897, 217
69207, 0, 0, 24, 24, 1, 9.41%, 8, 6, 2, 0.09, 5898, 217
69214, 0, 0, 24, 24, 1, 9.41%, 8, 6, 2, 0.09, 5899, 217
69226, 0, 0, 24, 24, 1, 9.41%, 8, 6, 2, 0.09, 5900, 217
69237, 0, 0, 24, 24, 1, 9.41%, 8, 6, 2, 0.09, 5901, 217
69249, 0, 0, 24, 24, 1, 9.41%, 8, 6, 2, 0.09, 5902, 217
69266, 0, 0, 24, 24, 1, 9.41%, 8, 6, 2, 0.09, 5903, 217
69276, 0, 0, 24, 24, 1, 9.41%, 8, 6, 2, 0.09, 5904, 217
69288, 0, 0, 24, 24, 1, 9.41%, 8, 6, 2, 0.09, 5905, 217
69300, 0, 0, 24, 24, 1, 9.41%, 8, 6, 2, 0.09, 5906, 217
69312, 0, 0, 24, 24, 1, 9.41%, 8, 6, 2, 0.09, 5907, 217
69328, 0, 0, 24, 24, 1, 9.41%, 8, 6, 2, 0.09, 5908, 217
69334, 0, 0, 24, 24, 1, 9.41%, 8, 6, 2, 0.09, 5909, 217
69345, 0, 0, 24, 24, 1, 9.41%, 8, 6, 2, 0.09, 5910, 217
69357, 0, 0, 24, 24, 1, 9.41%, 8, 6, 2, 0.09, 5911, 217
69369, 0, 0, 24, 24, 1, 9.41%, 8, 6, 2, 0.09, 5912, 217
69381, 0, 0, 24, 24, 1, 9.41%, 8, 6, 2, 0.09, 5913, 217
69399, 0, 0, 24, 24, 1, 9.41%, 8, 6, 2, 0.09, 5914, 217
69412, 0, 0, 24, 24, 1, 9.41%, 8, 6, 2, 0.08, 5915, 217
69424, 0, 0, 24, 24, 1, 9.41%, 8, 6, 2, 0.08, 5916, 217
69436, 0, 0, 24, 24, 1, 9.41%, 8, 6, 2, 0.08, 5917, 217
69446, 0, 0, 24, 24, 1, 9.41%, 8, 6, 2, 0.09, 5918, 217
69463, 0, 0, 24, 24, 1, 9.41%, 8, 6, 2, 0.09, 5919, 217
69475, 0, 0, 24, 24, 1, 9.41%, 8, 6, 2, 0.08, 5920, 217
69487, 0, 0, 24, 24, 1, 9.41%, 8, 6, 2, 0.08, 5921, 217
69499, 0, 0, 24, 24, 1, 9.41%, 8, 6, 2, 0.08, 5922, 217
69510, 0, 0, 24, 24, 1, 9.41%, 8, 6, 2, 0.08, 5923, 217
69528, 0, 0, 24, 24, 1, 9.41%, 8, 6, 2, 0.08, 5924, 217
69539, 0, 0, 24, 24, 1, 9.41%, 8, 6, 2, 0.08, 5925, 217
69552, 0, 0, 24, 24, 1, 9.41%, 8, 6, 2, 0.08, 5926, 217
69564, 0, 0, 24, 24, 1, 9.41%, 8, 6, 2, 0.08, 5927, 217
69576, 0, 0, 24, 24, 1, 9.41%, 8, 6, 2, 0.08, 5928, 217
69581, 0, 0, 24, 24, 1, 9.41%, 8, 6, 2, 0.79, 5931, 217
69588, 0, 0, 24, 24, 1, 9.41%, 8, 6, 2, 0.75, 5934, 217
69595, 0, 0, 24, 24, 1, 9.41%, 8, 6, 2, 0.77, 5937, 217
69604, 0, 0, 24, 24, 1, 9.41%, 8, 6, 2, 0.70, 5939, 217
69614, 0, 0, 24, 24, 1, 9.41%, 8, 6, 2, 0.10, 5940, 217
69628, 0, 0, 24, 24, 1, 9.41%, 8, 6, 2, 0.10, 5943, 217
69640, 0, 0, 24, 24, 1, 9.41%, 8, 6, 2, 0.10, 5944, 217
69647, 0, 0, 24, 24, 1, 9.41%, 8, 6, 2, 0.10, 5945, 217
69657, 0, 0, 24, 24, 1, 9.41%, 8, 6, 2, 0.10, 5946, 217
69668, 0, 0, 24, 24, 1, 9.41%, 8, 6, 2, 0.10, 5947, 217
69680, 0, 0, 24, 24, 1, 9.41%, 8, 6, 2, 0.10, 5948, 217
69691, 0, 0, 24, 24, 1, 9.41%, 8, 6, 2, 0.10, 5949, 217
69702, 0, 0, 24, 24, 1, 9.41%, 8, 6, 2, 0.10, 5950, 217
69719, 0, 0, 24, 24, 1, 9.41%, 8, 6, 2, 0.10, 5951, 217
69731, 0, 0, 24, 24, 1, 9.41%, 8, 6, 2, 0.10, 5952, 217
69742, 0, 0, 24, 24, 1, 9.41%, 8, 6, 2, 0.09, 5953, 217
69754, 0, 0, 24, 24, 1, 9.41%, 8, 6, 2, 0.09, 5954, 217
69765, 0, 0, 24, 24, 1, 9.41%, 8, 6, 2, 0.09, 5955, 217
69783, 0, 0, 24, 24, 1, 9.41%, 8, 6, 2, 0.09, 5956, 217
69795, 0, 0, 24, 24, 1, 9.41%, 8, 6, 2, 0.09, 5957, 217
69805, 0, 0, 24, 24, 1, 9.41%, 8, 6, 2, 0.09, 5958, 217
69817, 0, 0, 24, 24, 1, 9.41%, 8, 6, 2, 0.09, 5959, 217
69829, 0, 0, 24, 24, 1, 9.41%, 8, 6, 2, 0.09, 5960, 217
69847, 0, 0, 24, 24, 1, 9.41%, 8, 6, 2, 0.09, 5961, 217
69859, 0, 0, 24, 24, 1, 9.41%, 8, 6, 2, 0.09, 5962, 217
69865, 0, 0, 24, 24, 1, 9.41%, 8, 6, 2, 0.09, 5963, 217
69874, 0, 0, 24, 24, 1, 9.41%, 8, 6, 2, 0.09, 5964, 217
69885, 0, 0, 24, 24, 1, 9.41%, 8, 6, 2, 0.09, 5965, 217
69897, 0, 0, 24, 24, 1, 9.41%, 8, 6, 2, 0.09, 5966, 217
69912, 0, 0, 24, 24, 1, 9.41%, 8, 6, 2, 0.09, 5967, 217
69924, 0, 0, 24, 24, 1, 9.41%, 8, 6, 2, 0.09, 5968, 217
69935, 0, 0, 24, 24, 1, 9.41%, 8, 6, 2, 0.09, 5969, 217
69948, 0, 0, 24, 24, 1, 9.41%, 8, 6, 2, 0.09, 5970, 217
69960, 0, 0, 24, 24, 1, 9.41%, 8, 6, 2, 0.09, 5971, 217
69977, 0, 0, 24, 24, 1, 9.41%, 8, 6, 2, 0.09, 5972, 217
69989, 0, 0, 24, 24, 1, 9.41%, 8, 6, 2, 0.09, 5973, 217
70001, 0, 0, 24, 24, 1, 9.41%, 8, 6, 2, 0.09, 5974, 217
70013, 0, 0, 24, 24, 1, 9.41%, 8, 6, 2, 0.09, 5975, 217
70024, 0, 0, 24, 24, 1, 9.41%, 8, 6, 2, 0.09, 5976, 217
70040, 0, 0, 24, 24, 1, 9.41%, 8, 6, 2, 0.09, 5977, 217
70045, 0, 0, 24, 24, 1, 9.41%, 8, 6, 2, 0.09, 5978, 217
70057, 0, 0, 24, 24, 1, 9.41%, 8, 6, 2, 0.09, 5979, 217
70069, 0, 0, 24, 24, 1, 9.41%, 8, 6, 2, 0.09, 5980, 217
70080, 0, 0, 24, 24, 1, 9.41%, 8, 6, 2, 0.09, 5981, 217
70091, 0, 0, 24, 24, 1, 9.41%, 8, 6, 2, 0.09, 5982, 217
70096, 0, 0, 24, 24, 1, 9.41%, 8, 6, 2, 0.79, 5985, 217
70107, 0, 0, 24, 24, 1, 9.41%, 8, 6, 2, 0.10, 5987, 217
70117, 0, 0, 24, 24, 1, 9.41%, 8, 6, 2, 0.10, 5988, 217
70129, 0, 0, 24, 24, 1, 9.41%, 8, 6, 2, 0.10, 5989, 217
70142, 0, 0, 24, 24, 1, 9.41%, 8, 7, 2, 0.10, 5990, 217
70154, 0, 0, 24, 24, 1, 9.41%, 8, 7, 2, 0.10, 5991, 217
70172, 0, 0, 24, 24, 1, 9.41%, 8, 7, 2, 0.10, 5992, 217
70183, 0, 0, 24, 24, 1, 9.41%, 8, 7, 2, 0.09, 5993, 217
70195, 0, 0, 24, 24, 1, 9.41%, 8, 7, 2, 0.09, 5994, 217
70206, 0, 0, 24, 24, 1, 9.41%, 8, 7, 2, 0.09, 5995, 217
70218, 0, 0, 24, 24, 1, 9.41%, 8, 7, 2, 0.09, 5996, 217
70235, 0, 0, 24, 24, 1, 9.41%, 8, 7, 2, 0.09, 5997, 217
70246, 0, 0, 24, 24, 1, 9.41%, 8, 7, 2, 0.09, 5998, 217
70253, 0, 0, 24, 24, 1, 9.41%, 8, 7, 2, 0.09, 5999, 217
70264, 0, 0, 24, 24, 1, 9.41%, 8, 7, 2, 0.09, 6000, 217
70276, 0, 0, 24, 24, 1, 9.41%, 8, 7, 2, 0.09, 6001, 217
70288, 0, 0, 24, 24, 1, 9.41%, 8, 7, 2, 0.09, 6002, 217
70305, 0, 0, 24, 24, 1, 9.41%, 8, 7, 2, 0.09, 6003, 217
70317, 0, 0, 24, 24, 1, 9.41%, 8, 7, 2, 0.09, 6004, 217
70328, 0, 0, 24, 24, 1, 9.41%, 8, 7, 2, 0.09, 6005, 217
70340, 0, 0, 24, 24, 1, 9.41%, 8, 7, 2, 0.09, 6006, 217
80646, 0, 0, 25, 25, 1, 9.41%, 8, 7, 2, 0.00, 6014, 217
80651, 0, 0, 25, 25, 1, 9.41%, 8, 7, 2, 1.75, 6020, 217
80658, 0, 0, 25, 25, 1, 9.41%, 8, 7, 2, 1.91, 6030, 217
80663, 0, 0, 25, 25, 1, 9.41%, 8, 7, 2, 1.80, 6035, 217
80669, 0, 0, 25, 25, 1, 9.41%, 8, 7, 2, 2.00, 6046, 217
80674, 0, 0, 25, 25, 1, 9.41%, 8, 7, 2, 1.82, 6049, 217
80680, 0, 0, 25, 25, 1, 9.41%, 8, 7, 2, 1.63, 6054, 217
80685, 0, 0, 25, 25, 1, 9.41%, 8, 7, 2, 1.50, 6057, 217
80691, 0, 0, 25, 25, 1, 9.41%, 8, 7, 2, 1.44, 6060, 217
80696, 0, 0, 25, 25, 1, 9.41%, 8, 7, 2, 1.38, 6062, 217
80702, 0, 0, 25, 25, 1, 9.41%, 8, 7, 2, 1.35, 6068, 217
80707, 0, 0, 25, 25, 1, 9.41%, 8, 7, 2, 0.54, 6074, 217
80712, 0, 0, 25, 25, 1, 9.41%, 8, 7, 2, 0.57, 6076, 217
80717, 0, 0, 25, 25, 1, 9.41%, 8, 7, 2, 0.70, 6081, 217
80724, 0, 0, 25, 25, 1, 9.41%, 8, 7, 2, 0.71, 6085, 217
80730, 0, 0, 25, 25, 1, 9.41%, 8, 7, 2, 0.75, 6090, 217
80736, 0, 0, 25, 25, 1, 9.41%, 8, 7, 2, 0.73, 6093, 217
80741, 0, 0, 25, 25, 1, 9.41%, 8, 7, 2, 4.41, 6105, 217
80748, 0, 0, 25, 25, 1, 9.41%, 8, 7, 2, 0.44, 6109, 217
80753, 0, 0, 25, 25, 1, 9.41%, 8, 7, 2, 3.60, 6118, 217
80759, 0, 0, 25, 25, 1, 9.41%, 8, 7, 2, 3.07, 6129, 217
80765, 0, 0, 25, 25, 1, 9.41%, 8, 7, 2, 2.85, 6140, 217
80770, 0, 0, 25, 25, 1, 9.41%, 8, 7, 2, 3.16, 6153, 217
80775, 0, 0, 25, 25, 1, 9.41%, 8, 7, 2, 2.86, 6164, 217
80780, 0, 0, 25, 25, 1, 9.41%, 8, 7, 2, 2.64, 6174, 217
80786, 0, 0, 25, 25, 1, 9.41%, 8, 7, 2, 2.31, 6179, 217
80791, 0, 0, 25, 25, 1, 9.41%, 8, 7, 2, 2.34, 6189, 217
80797, 0, 0, 25, 25, 1, 9.41%, 8, 7, 2, 2.33, 6195, 217
80804, 0, 0, 25, 25, 1, 9.41%, 8, 7, 2, 0.32, 6198, 217
80816, 0, 0, 25, 25, 1, 9.41%, 8, 7, 2, 0.34, 6201, 217
80827, 0, 0, 25, 25, 1, 9.41%, 8, 7, 2, 0.32, 6202, 217
80842, 0, 0, 25, 25, 1, 9.41%, 8, 7, 2, 0.31, 6203, 217
80853, 0, 0, 25, 25, 1, 9.41%, 8, 7, 2, 0.29, 6204, 217
80864, 0, 0, 25, 25, 1, 9.41%, 8, 7, 2, 0.28, 6205, 217
80875, 0, 0, 25, 25, 1, 9.41%, 8, 7, 2, 0.27, 6206, 217
80889, 0, 0, 25, 25, 1, 9.41%, 8, 7, 2, 0.26, 6208, 217
80902, 0, 0, 25, 25, 1, 9.41%, 8, 7, 2, 0.25, 6209, 217
80907, 0, 0, 25, 25, 1, 9.41%, 8, 7, 2, 0.24, 6210, 217
80918, 0, 0, 25, 25, 1, 9.41%, 8, 7, 2, 0.23, 6211, 217
80929, 0, 0, 25, 25, 1, 9.41%, 8, 7, 2, 0.22, 6212, 217
80940, 0, 0, 25, 25, 1, 9.41%, 8, 7, 2, 0.21, 6213, 217
80951, 0, 0, 25, 25, 1, 9.41%, 8, 7, 2, 0.20, 6214, 217
80966, 0, 0, 25, 25, 1, 9.41%, 8, 7, 2, 0.20, 6215, 217
80977, 0, 0, 25, 25, 1, 9.41%, 8, 7, 2, 0.19, 6216, 217
80988, 0, 0, 25, 25, 1, 9.41%, 8, 7, 2, 0.18, 6217, 217
80999, 0, 0, 25, 25, 1, 9.41%, 8, 7, 2, 0.18, 6218, 217
81009, 0, 0, 25, 25, 1, 9.41%, 8, 7, 2, 0.17, 6219, 217
81020, 0, 0, 25, 25, 1, 9.41%, 8, 7, 2, 0.17, 6220, 217
81034, 0, 0, 25, 25, 1, 9.41%, 8, 7, 2, 0.16, 6221, 217
81046, 0, 0, 25, 25, 1, 9.41%, 8, 7, 2, 0.16, 6222, 217
81060, 0, 0, 25, 25, 1, 9.41%, 8, 7, 2, 0.16, 6224, 217
81071, 0, 0, 25, 25, 1, 9.41%, 8, 7, 2, 0.15, 6225, 217
81082, 0, 0, 25, 25, 1, 9.41%, 8, 7, 2, 0.15, 6226, 217
81096, 0, 0, 25, 25, 1, 9.41%, 8, 7, 2, 0.15, 6227, 217
81106, 0, 0, 25, 25, 1, 9.41%, 8, 7, 2, 0.14, 6228, 217
81118, 0, 0, 25, 25, 1, 9.41%, 8, 7, 2, 0.14, 6229, 217
81129, 0, 0, 25, 25, 1, 9.41%, 8, 7, 2, 0.14, 6230, 217
81140, 0, 0, 25, 25, 1, 9.41%, 8, 7, 2, 0.13, 6231, 217
81151, 0, 0, 25, 25, 1, 9.41%, 8, 7, 2, 0.13, 6232, 217
81164, 0, 0, 25, 25, 1, 9.41%, 8, 7, 2, 0.13, 6233, 217
81175, 0, 0, 25, 25, 1, 9.41%, 8, 7, 2, 0.12, 6234, 217
81186, 0, 0, 25, 25, 1, 9.41%, 8, 7, 2, 0.12, 6235, 217
81197, 0, 0, 25, 25, 1, 9.41%, 8, 7, 2, 0.12, 6236, 217
81208, 0, 0, 25, 25, 1, 9.41%, 8, 7, 2, 0.12, 6237, 217
81219, 0, 0, 25, 25, 1, 9.41%, 8, 7, 2, 0.12, 6238, 217
81233, 0, 0, 25, 25, 1, 9.41%, 8, 7, 2, 0.11, 6239, 217
81244, 0, 0, 25, 25, 1, 9.41%, 8, 7, 2, 0.11, 6240, 217
81255, 0, 0, 25, 25, 1, 9.41%, 8, 7, 2, 0.11, 6241, 217
81267, 0, 0, 25, 25, 1, 9.41%, 8, 7, 2, 0.11, 6242, 217
81278, 0, 0, 25, 25, 1, 9.41%, 8, 7, 2, 0.11, 6243, 217
81289, 0, 0, 25, 25, 1, 9.41%, 8, 7, 2, 0.11, 6244, 217
81304, 0, 0, 25, 25, 1, 9.41%, 8, 7, 2, 0.11, 6245, 217
81315, 0, 0, 25, 25, 1, 9.41%, 8, 7, 2, 0.10, 6246, 217
81326, 0, 0, 25, 25, 1, 9.41%, 8, 7, 2, 0.10, 6247, 217
81337, 0, 0, 25, 25, 1, 9.41%, 8, 7, 2, 0.10, 6248, 217
81344, 0, 0, 25, 25, 1, 9.41%, 8, 7, 2, 0.10, 6249, 217
81355, 0, 0, 25, 25, 1, 9.41%, 8, 7, 2, 0.10, 6250, 217
81363, 0, 0, 25, 25, 1, 9.41%, 8, 7, 2, 0.11, 6251, 217
81374, 0, 0, 25, 25, 1, 9.41%, 8, 7, 2, 0.11, 6252, 217
81385, 0, 0, 25, 25, 1, 9.41%, 8, 7, 2, 0.11, 6253, 217
81396, 0, 0, 25, 25, 1, 9.41%, 8, 7, 2, 0.10, 6254, 217
81407, 0, 0, 25, 25, 1, 9.41%, 8, 7, 2, 0.10, 6255, 217
81418, 0, 0, 25, 25, 1, 9.41%, 8, 7, 2, 0.10, 6256, 217
81432, 0, 0, 25, 25, 1, 9.41%, 8, 7, 2, 0.10, 6257, 217
81443, 0, 0, 25, 25, 1, 9.41%, 8, 7, 2, 0.10, 6258, 217
81454, 0, 0, 25, 25, 1, 9.41%, 8, 7, 2, 0.10, 6259, 217
81465, 0, 0, 25, 25, 1, 9.41%, 8, 7, 2, 0.10, 6260, 217
81477, 0, 0, 25, 25, 1, 9.41%, 8, 7, 2, 0.10, 6261, 217
81487, 0, 0, 25, 25, 1, 9.41%, 8, 7, 2, 0.10, 6262, 217
81502, 0, 0, 25, 25, 1, 9.41%, 8, 7, 2, 0.10, 6263, 217
81513, 0, 0, 25, 25, 1, 9.41%, 8, 7, 2, 0.10, 6264, 217
81524, 0, 0, 25, 25, 1, 9.41%, 8, 7, 2, 0.10, 6265, 217
81535, 0, 0, 25, 25, 1, 9.41%, 8, 7, 2, 0.10, 6266, 217
81546, 0, 0, 25, 25, 1, 9.41%, 8, 7, 2, 0.09, 6267, 217
81557, 0, 0, 25, 25, 1, 9.41%, 8, 7, 2, 0.09, 6268, 217
81572, 0, 0, 25, 25, 1, 9.41%, 8, 7, 2, 0.09, 6269, 217
81583, 0, 0, 25, 25, 1, 9.41%, 8, 7, 2, 0.09, 6270, 217
81595, 0, 0, 25, 25, 1, 9.41%, 8, 7, 2, 0.09, 6271, 217
81605, 0, 0, 25, 25, 1, 9.41%, 8, 7, 2, 0.09, 6272, 217
81617, 0, 0, 25, 25, 1, 9.41%, 8, 7, 2, 0.09, 6273, 217
81628, 0, 0, 25, 25, 1, 9.41%, 8, 7, 2, 0.09, 6274, 217
81633, 0, 0, 25, 25, 1, 9.41%, 8, 7, 2, 1.19, 6280, 217
81639, 0, 0, 25, 25, 1, 9.41%, 8, 7, 2, 1.22, 6286, 217
81644, 0, 0, 25, 25, 1, 9.41%, 8, 7, 2, 1.38, 6291, 217
81650, 0, 0, 25, 25, 1, 9.41%, 8, 7, 2, 0.68, 6298, 217
81656, 0, 0, 25, 25, 1, 9.41%, 8, 7, 2, 1.98, 6309, 217
81662, 0, 0, 25, 25, 1, 9.41%, 8, 7, 2, 1.93, 6314, 217
81672, 0, 0, 25, 25, 1, 9.41%, 8, 7, 2, 0.20, 6316, 217
81683, 0, 0, 25, 25, 1, 9.41%, 8, 7, 2, 0.19, 6317, 217
81694, 0, 0, 25, 25, 1, 9.41%, 8, 7, 2, 0.19, 6318, 217
81704, 0, 0, 25, 25, 1, 9.41%, 8, 7, 2, 0.18, 6319, 217
81715, 0, 0, 25, 25, 1, 9.41%, 8, 7, 2, 0.17, 6320, 217
81726, 0, 0, 25, 25, 1, 9.41%, 8, 7, 2, 0.17, 6321, 217
81737, 0, 0, 25, 25, 1, 9.41%, 8, 7, 2, 0.16, 6322, 217
81751, 0, 0, 25, 25, 1, 9.41%, 8, 7, 2, 0.17, 6324, 217
81763, 0, 0, 25, 25, 1, 9.41%, 8, 7, 2, 0.16, 6325, 217
81774, 0, 0, 25, 25, 1, 9.41%, 8, 7, 2, 0.16, 6326, 217
81788, 0, 0, 25, 25, 1, 9.41%, 8, 7, 2, 0.16, 6328, 217
81798, 0, 0, 25, 25, 1, 9.41%, 8, 7, 2, 0.16, 6329, 217
81804, 0, 0, 25, 25, 1, 9.41%, 8, 7, 2, 0.16, 6330, 217
81809, 0, 0, 25, 25, 1, 9.41%, 8, 7, 2, 1.02, 6339, 217
81815, 0, 0, 25, 25, 1, 9.41%, 8, 7, 2, 0.69, 6347, 217
81820, 0, 0, 25, 25, 1, 9.41%, 8, 7, 2, 2.72, 6353, 217
81826, 0, 0, 25, 25, 1, 9.41%, 8, 7, 2, 0.50, 6357, 217
81832, 0, 0, 25, 25, 1, 9.41%, 8, 7, 2, 0.88, 6366, 217
81838, 0, 0, 25, 25, 1, 9.41%, 8, 7, 2, 6.73, 6377, 217
81843, 0, 0, 25, 25, 1, 9.41%, 8, 7, 2, 5.86, 6386, 217
81852, 0, 0, 25, 25, 1, 9.41%, 8, 7, 2, 0.58, 6392, 217
81859, 0, 0, 25, 25, 1, 9.41%, 8, 7, 2, 0.15, 6394, 217
81872, 0, 0, 25, 25, 1, 9.41%, 8, 7, 2, 0.10, 6398, 217
81881, 0, 0, 25, 25, 1, 9.41%, 8, 7, 2, 0.13, 6400, 217
81895, 0, 0, 25, 25, 1, 9.41%, 8, 7, 2, 0.12, 6401, 217
81906, 0, 0, 25, 25, 1, 9.41%, 8, 7, 2, 0.12, 6402, 217
81912, 0, 0, 25, 25, 1, 9.41%, 8, 7, 2, 0.12, 6403, 217
81918, 0, 0, 25, 25, 1, 9.41%, 8, 7, 2, 1.68, 6411, 217
81925, 0, 0, 25, 25, 1, 9.41%, 8, 7, 2, 1.60, 6414, 217
81931, 0, 0, 25, 25, 1, 9.41%, 8, 7, 2, 1.41, 6417, 217
81937, 0, 0, 25, 25, 1, 9.41%, 8, 7, 2, 1.82, 6429, 217
81942, 0, 0, 25, 25, 1, 9.41%, 8, 7, 2, 0.49, 6438, 217
81948, 0, 0, 25, 25, 1, 9.41%, 8, 7, 2, 3.61, 6447, 217
81953, 0, 0, 25, 25, 1, 9.41%, 8, 7, 2, 3.00, 6454, 217
81958, 0, 0, 25, 25, 1, 9.41%, 9, 7, 2, 2.68, 6462, 217
81964, 0, 0, 25, 25, 1, 9.41%, 9, 7, 2, 2.39, 6469, 217
81969, 0, 0, 25, 25, 1, 9.41%, 9, 7, 2, 2.26, 6476, 217
81976, 0, 0, 25, 25, 1, 9.41%, 9, 7, 2, 2.12, 6483, 217
81981, 0, 0, 25, 25, 1, 9.41%, 9, 7, 2, 0.38, 6489, 217
81988, 0, 0, 25, 25, 1, 9.41%, 9, 7, 2, 0.41, 6492, 217
81995, 0, 0, 25, 25, 1, 9.41%, 9, 7, 2, 0.17, 6495, 217
82009, 0, 0, 25, 25, 1, 9.41%, 9, 7, 2, 0.10, 6498, 217
82023, 0, 0, 25, 25, 1, 9.41%, 9, 7, 2, 0.10, 6499, 217
82035, 0, 0, 25, 25, 1, 9.41%, 9, 7, 2, 0.10, 6500, 217
82046, 0, 0, 25, 25, 1, 9.41%, 9, 7, 2, 0.10, 6501, 217
82057, 0, 0, 25, 25, 1, 9.41%, 9, 7, 2, 0.09, 6502, 217
82068, 0, 0, 25, 25, 1, 9.41%, 9, 7, 2, 0.09, 6503, 217
82079, 0, 0, 25, 25, 1, 9.41%, 9, 7, 2, 0.09, 6504, 217
82093, 0, 0, 25, 25, 1, 9.41%, 9, 7, 2, 0.09, 6505, 217
82097, 0, 0, 25, 25, 1, 9.41%, 9, 7, 2, 0.10, 6506, 217
82109, 0, 0, 25, 25, 1, 9.41%, 9, 7, 2, 0.10, 6507, 217
82119, 0, 0, 25, 25, 1, 9.41%, 9, 7, 2, 0.10, 6508, 217
82130, 0, 0, 25, 25, 1, 9.41%, 9, 7, 2, 0.10, 6509, 217
82141, 0, 0, 25, 25, 1, 9.41%, 9, 7, 2, 0.10, 6510, 217
82154, 0, 0, 25, 25, 1, 9.41%, 9, 7, 2, 0.10, 6511, 217
82165, 0, 0, 25, 25, 1, 9.41%, 9, 7, 2, 0.09, 6512, 217
82175, 0, 0, 25, 25, 1, 9.41%, 9, 7, 2, 0.09, 6513, 217
82186, 0, 0, 25, 25, 1, 9.41%, 9, 7, 2, 0.09, 6514, 217
82196, 0, 0, 25, 25, 1, 9.41%, 9, 7, 2, 0.09, 6515, 217
82202, 0, 0, 25, 25, 1, 9.41%, 9, 7, 2, 0.10, 6516, 217
82208, 0, 0, 25, 25, 1, 9.41%, 9, 7, 2, 1.81, 6526, 217
82213, 0, 0, 25, 25, 1, 9.41%, 9, 7, 2, 1.76, 6534, 217
82218, 0, 0, 25, 25, 1, 9.41%, 9, 7, 2, 1.99, 6541, 217
82224, 0, 0, 25, 25, 1, 9.41%, 9, 7, 2, 2.14, 6551, 217
82229, 0, 0, 25, 25, 1, 9.41%, 9, 7, 2, 2.16, 6559, 217
82235, 0, 0, 25, 25, 1, 9.41%, 9, 7, 2, 2.18, 6570, 217
82242, 0, 0, 25, 25, 1, 9.41%, 9, 7, 2, 1.92, 6574, 217
82250, 0, 0, 25, 25, 1, 9.41%, 9, 7, 2, 0.36, 6577, 217
82259, 0, 0, 25, 25, 1, 9.41%, 9, 7, 2, 0.37, 6581, 217
82264, 0, 0, 25, 25, 1, 9.41%, 9, 7, 2, 2.77, 6587, 217
82270, 0, 0, 25, 25, 1, 9.41%, 9, 7, 2, 2.59, 6594, 217
82275, 0, 0, 25, 25, 1, 9.41%, 9, 7, 2, 5.97, 6606, 217
82282, 0, 0, 25, 25, 1, 9.41%, 9, 7, 2, 0.85, 6613, 217
82287, 0, 0, 25, 25, 1, 9.41%, 9, 7, 2, 1.34, 6624, 217
82299, 0, 0, 25, 25, 1, 9.41%, 9, 7, 2, 0.20, 6630, 217
82310, 0, 0, 25, 25, 1, 9.41%, 9, 7, 2, 0.19, 6631, 217
82321, 0, 0, 25, 25, 1, 9.41%, 9, 7, 2, 0.18, 6632, 217
82332, 0, 0, 25, 25, 1, 9.41%, 9, 7, 2, 0.18, 6633, 217
82346, 0, 0, 25, 25, 1, 9.41%, 9, 7, 2, 0.17, 6634, 217
82357, 0, 0, 25, 25, 1, 9.41%, 9, 7, 2, 0.17, 6635, 217
82368, 0, 0, 25, 25, 1, 9.41%, 9, 7, 2, 0.16, 6636, 217
82379, 0, 0, 25, 25, 1, 9.41%, 9, 7, 2, 0.16, 6637, 217
82390, 0, 0, 25, 25, 1, 9.41%, 9, 7, 2, 0.15, 6638, 217
82401, 0, 0, 25, 25, 1, 9.41%, 9, 7, 2, 0.15, 6639, 217
82415, 0, 0, 25, 25, 1, 9.41%, 9, 7, 2, 0.14, 6640, 217
82419, 0, 0, 25, 25, 1, 9.41%, 9, 7, 2, 0.15, 6641, 217
82427, 0, 0, 25, 25, 1, 9.41%, 9, 7, 2, 0.14, 6642, 217
82438, 0, 0, 25, 25, 1, 9.41%, 9, 7, 2, 0.14, 6643, 217
82450, 0, 0, 25, 25, 1, 9.41%, 9, 7, 2, 0.14, 6644, 217
82461, 0, 0, 25, 25, 1, 9.41%, 9, 7, 2, 0.13, 6645, 217
82472, 0, 0, 25, 25, 1, 9.41%, 9, 7, 2, 0.13, 6646, 217
82490, 0, 0, 25, 25, 1, 9.41%, 9, 7, 2, 0.13, 6647, 217
82490, 0, 0, 25, 25, 1, 9.41%, 9, 7, 2, 0.13, 6648, 217
82500, 0, 0, 25, 25, 1, 9.41%, 9, 7, 2, 0.13, 6649, 217
82507, 0, 0, 25, 25, 1, 9.41%, 9, 7, 2, 0.13, 6650, 217
82519, 0, 0, 25, 25, 1, 9.41%, 9, 7, 2, 0.13, 6651, 217
82532, 0, 0, 25, 25, 1, 9.41%, 9, 7, 2, 0.12, 6652, 217
82550, 0, 0, 25, 25, 1, 9.41%, 9, 7, 2, 0.12, 6653, 217
82562, 0, 0, 25, 25, 1, 9.41%, 9, 7, 2, 0.12, 6654, 217
82575, 0, 0, 25, 25, 1, 9.41%, 9, 7, 2, 0.11, 6655, 217
82583, 0, 0, 25, 25, 1, 9.41%, 9, 7, 2, 0.11, 6656, 217
82596, 0, 0, 25, 25, 1, 9.41%, 9, 7, 2, 0.11, 6657, 217
82614, 0, 0, 25, 25, 1, 9.41%, 9, 8, 2, 0.11, 6658, 217
82617, 0, 0, 25, 25, 1, 9.41%, 9, 8, 2, 0.11, 6659, 217
82627, 0, 0, 25, 25, 1, 9.41%, 9, 8, 2, 0.11, 6660, 217
82640, 0, 0, 25, 25, 1, 9.41%, 9, 8, 2, 0.11, 6661, 217
82652, 0, 0, 25, 25, 1, 9.41%, 9, 8, 2, 0.11, 6662, 217
82664, 0, 0, 25, 25, 1, 9.41%, 9, 8, 2, 0.11, 6663, 217
82676, 0, 0, 25, 25, 1, 9.41%, 9, 8, 2, 0.10, 6664, 217
82683, 0, 0, 25, 25, 1, 9.41%, 9, 8, 2, 0.96, 6671, 217
82690, 0, 0, 25, 25, 1, 9.41%, 9, 8, 2, 1.02, 6677, 217
82695, 0, 0, 25, 25, 1, 9.41%, 9, 8, 2, 1.00, 6682, 217
82700, 0, 0, 25, 25, 1, 9.41%, 9, 8, 2, 1.21, 6688, 217
82708, 0, 0, 25, 25, 1, 9.41%, 9, 8, 2, 0.43, 6695, 217
84318, 0, 0, 26, 26, 1, 9.41%, 9, 8, 2, 0.00, 6704, 217
84323, 0, 0, 26, 26, 1, 9.41%, 9, 8, 2, 1.63, 6712, 217
84328, 0, 0, 26, 26, 1, 9.41%, 9, 8, 2, 2.00, 6721, 217
84333, 0, 0, 26, 26, 1, 9.41%, 9, 8, 2, 2.01, 6730, 217
84339, 0, 0, 26, 26, 1, 9.41%, 9, 8, 2, 2.20, 6741, 217
84347, 0, 0, 26, 26, 1, 9.41%, 9, 8, 2, 0.33, 6746, 217
84357, 0, 0, 26, 26, 1, 9.41%, 9, 8, 2, 0.10, 6750, 217
84368, 0, 0, 26, 26, 1, 9.41%, 9, 8, 2, 0.10, 6751, 217
84381, 0, 0, 26, 26, 1, 9.41%, 9, 8, 2, 0.10, 6752, 217
84392, 0, 0, 26, 26, 1, 9.41%, 9, 8, 2, 0.10, 6753, 217
84400, 0, 0, 26, 26, 1, 9.41%, 9, 8, 2, 0.10, 6754, 217
84411, 0, 0, 26, 26, 1, 9.41%, 9, 8, 2, 0.10, 6755, 217
84425, 0, 0, 26, 26, 1, 9.41%, 9, 8, 2, 0.11, 6757, 217
84438, 0, 0, 26, 26, 1, 9.41%, 9, 8, 2, 0.12, 6759, 217
84455, 0, 0, 26, 26, 1, 9.41%, 9, 8, 2, 0.13, 6761, 217
84466, 0, 0, 26, 26, 1, 9.41%, 9, 8, 2, 0.13, 6762, 217
84476, 0, 0, 26, 26, 1, 9.41%, 9, 8, 2, 0.12, 6763, 217
84487, 0, 0, 26, 26, 1, 9.41%, 9, 8, 2, 0.12, 6764, 217
84498, 0, 0, 26, 26, 1, 9.41%, 9, 8, 2, 0.12, 6765, 217
84511, 0, 0, 26, 26, 1, 9.41%, 9, 8, 2, 0.12, 6766, 217
84522, 0, 0, 26, 26, 1, 9.41%, 9, 8, 2, 0.12, 6767, 217
84533, 0, 0, 26, 26, 1, 9.41%, 9, 8, 2, 0.11, 6768, 217
84543, 0, 0, 26, 26, 1, 9.41%, 9, 8, 2, 0.11, 6769, 217
84554, 0, 0, 26, 26, 1, 9.41%, 9, 8, 2, 0.11, 6770, 217
84565, 0, 0, 26, 26, 1, 9.41%, 9, 8, 2, 0.11, 6771, 217
84577, 0, 0, 26, 26, 1, 9.41%, 9, 8, 2, 0.11, 6772, 217
84588, 0, 0, 26, 26, 1, 9.41%, 9, 8, 2, 0.11, 6773, 217
84598, 0, 0, 26, 26, 1, 9.41%, 9, 8, 2, 0.11, 6774, 217
84611, 0, 0, 26, 26, 1, 9.41%, 9, 8, 2, 0.12, 6776, 217
84621, 0, 0, 26, 26, 1, 9.41%, 9, 8, 2, 0.12, 6777, 217
84632, 0, 0, 26, 26, 1, 9.41%, 9, 8, 2, 0.12, 6778, 217
84644, 0, 0, 26, 26, 1, 9.41%, 9, 8, 2, 0.12, 6779, 217
84655, 0, 0, 26, 26, 1, 9.41%, 9, 8, 2, 0.12, 6780, 217
84665, 0, 0, 26, 26, 1, 9.41%, 9, 8, 2, 0.12, 6781, 217
84676, 0, 0, 26, 26, 1, 9.41%, 9, 8, 2, 0.11, 6782, 217
84687, 0, 0, 26, 26, 1, 9.41%, 9, 8, 2, 0.11, 6783, 217
84697, 0, 0, 26, 26, 1, 9.41%, 9, 8, 2, 0.11, 6784, 217
84710, 0, 0, 26, 26, 1, 9.41%, 9, 8, 2, 0.11, 6785, 217
84720, 0, 0, 26, 26, 1, 9.41%, 9, 8, 2, 0.11, 6786, 217
84731, 0, 0, 26, 26, 1, 9.41%, 9, 8, 2, 0.11, 6787, 217
84742, 0, 0, 26, 26, 1, 9.41%, 9, 8, 2, 0.11, 6788, 217
84752, 0, 0, 26, 26, 1, 9.41%, 9, 8, 2, 0.11, 6789, 217
84763, 0, 0, 26, 26, 1, 9.41%, 9, 8, 2, 0.11, 6790, 217
84775, 0, 0, 26, 26, 1, 9.41%, 9, 8, 2, 0.10, 6791, 217
84786, 0, 0, 26, 26, 1, 9.41%, 9, 8, 2, 0.10, 6792, 217
84796, 0, 0, 26, 26, 1, 9.41%, 9, 8, 2, 0.10, 6793, 217
84808, 0, 0, 26, 26, 1, 9.41%, 9, 8, 2, 0.10, 6795, 217
84819, 0, 0, 26, 26, 1, 9.41%, 9, 8, 2, 0.10, 6796, 217
84830, 0, 0, 26, 26, 1, 9.41%, 9, 8, 2, 0.10, 6797, 217
84842, 0, 0, 26, 26, 1, 9.41%, 9, 8, 2, 0.10, 6798, 217
84853, 0, 0, 26, 26, 1, 9.41%, 9, 8, 2, 0.10, 6799, 217
84863, 0, 0, 26, 26, 1, 9.41%, 9, 8, 2, 0.10, 6800, 217
84876, 0, 0, 26, 26, 1, 9.41%, 9, 8, 2, 0.11, 6802, 217
84889, 0, 0, 26, 26, 1, 9.41%, 9, 8, 2, 0.13, 6804, 217
84894, 0, 0, 26, 26, 1, 9.41%, 9, 8, 2, 0.13, 6805, 217
84906, 0, 0, 26, 26, 1, 9.41%, 9, 8, 2, 0.13, 6806, 217
84917, 0, 0, 26, 26, 1, 9.41%, 9, 8, 2, 0.12, 6807, 217
84927, 0, 0, 26, 26, 1, 9.41%, 9, 8, 2, 0.12, 6808, 217
84938, 0, 0, 26, 26, 1, 9.41%, 9, 8, 2, 0.12, 6809, 217
84948, 0, 0, 26, 26, 1, 9.41%, 9, 8, 2, 0.12, 6810, 217
84959, 0, 0, 26, 26, 1, 9.41%, 9, 8, 2, 0.12, 6811, 217
84972, 0, 0, 26, 26, 1, 9.41%, 9, 8, 2, 0.12, 6812, 217
84982, 0, 0, 26, 26, 1, 9.41%, 9, 8, 2, 0.11, 6813, 217
84993, 0, 0, 26, 26, 1, 9.41%, 9, 8, 2, 0.11, 6814, 217
85003, 0, 0, 26, 26, 1, 9.41%, 9, 8, 2, 0.11, 6815, 217
85014, 0, 0, 26, 26, 1, 9.41%, 9, 8, 2, 0.11, 6816, 217
85024, 0, 0, 26, 26, 1, 9.41%, 9, 8, 2, 0.11, 6817, 217
85037, 0, 0, 26, 26, 1, 9.41%, 9, 8, 2, 0.11, 6818, 217
85048, 0, 0, 26, 26, 1, 9.41%, 9, 8, 2, 0.12, 6820, 217
85059, 0, 0, 26, 26, 1, 9.41%, 9, 8, 2, 0.12, 6821, 217
85069, 0, 0, 26, 26, 1, 9.41%, 9, 8, 2, 0.12, 6822, 217
85080, 0, 0, 26, 26, 1, 9.41%, 9, 8, 2, 0.12, 6823, 217
85092, 0, 0, 26, 26, 1, 9.41%, 9, 8, 2, 0.10, 6825, 217
85105, 0, 0, 26, 26, 1, 9.41%, 9, 8, 2, 0.10, 6827, 217
85115, 0, 0, 26, 26, 1, 9.41%, 9, 8, 2, 0.10, 6828, 217
85126, 0, 0, 26, 26, 1, 9.41%, 9, 8, 2, 0.10, 6829, 217
85138, 0, 0, 26, 26, 1, 9.41%, 9, 8, 2, 0.47, 6831, 217
85149, 0, 0, 26, 26, 1, 9.41%, 9, 8, 2, 0.44, 6832, 217
85159, 0, 0, 26, 26, 1, 9.41%, 9, 8, 2, 0.42, 6833, 217
85170, 0, 0, 26, 26, 1, 9.41%, 9, 8, 2, 0.40, 6834, 217
85181, 0, 0, 26, 26, 1, 9.41%, 9, 8, 2, 0.38, 6835, 217
85191, 0, 0, 26, 26, 1, 9.41%, 9, 8, 2, 0.36, 6836, 217
85203, 0, 0, 26, 26, 1, 9.41%, 9, 8, 2, 0.36, 6838, 217
85214, 0, 0, 26, 26, 1, 9.41%, 9, 8, 2, 0.34, 6839, 217
85224, 0, 0, 26, 26, 1, 9.41%, 9, 8, 2, 0.32, 6840, 217
85236, 0, 0, 26, 26, 1, 9.41%, 9, 8, 2, 0.31, 6841, 217
85246, 0, 0, 26, 26, 1, 9.41%, 9, 8, 2, 0.30, 6842, 217
85257, 0, 0, 26, 26, 1, 9.41%, 9, 8, 2, 0.28, 6843, 217
85267, 0, 0, 26, 26, 1, 9.41%, 9, 8, 2, 0.27, 6844, 217
85278, 0, 0, 26, 26, 1, 9.41%, 9, 8, 2, 0.26, 6845, 217
85286, 0, 0, 26, 26, 1, 9.41%, 9, 8, 2, 0.25, 6846, 217
85294, 0, 0, 26, 26, 1, 9.41%, 9, 8, 2, 0.24, 6847, 217
85310, 0, 0, 26, 26, 1, 9.41%, 9, 8, 2, 0.23, 6849, 217
85321, 0, 0, 26, 26, 1, 9.41%, 9, 8, 2, 0.22, 6850, 217
85332, 0, 0, 26, 26, 1, 9.41%, 9, 8, 2, 0.22, 6851, 217
85342, 0, 0, 26, 26, 1, 9.41%, 9, 8, 2, 0.21, 6852, 217
85354, 0, 0, 26, 26, 1, 9.41%, 9, 8, 2, 0.22, 6854, 217
85367, 0, 0, 26, 26, 1, 9.41%, 9, 8, 2, 0.21, 6855, 217
85377, 0, 0, 26, 26, 1, 9.41%, 9, 8, 2, 0.21, 6856, 217
85387, 0, 0, 26, 26, 1, 9.41%, 9, 8, 2, 0.20, 6857, 217
85398, 0, 0, 26, 26, 1, 9.41%, 9, 8, 2, 0.19, 6858, 217
85408, 0, 0, 26, 26, 1, 9.41%, 9, 8, 2, 0.19, 6859, 217
85419, 0, 0, 26, 26, 1, 9.41%, 9, 8, 2, 0.18, 6860, 217
85431, 0, 0, 26, 26, 1, 9.41%, 9, 8, 2, 0.17, 6861, 217
85442, 0, 0, 26, 26, 1, 9.41%, 9, 8, 2, 0.17, 6862, 217
85453, 0, 0, 26, 26, 1, 9.41%, 9, 8, 2, 0.16, 6863, 217
85463, 0, 0, 26, 26, 1, 9.41%, 9, 8, 2, 0.16, 6864, 217
85474, 0, 0, 26, 26, 1, 9.41%, 9, 8, 2, 0.16, 6865, 217
85484, 0, 0, 26, 26, 1, 9.41%, 9, 8, 2, 0.15, 6866, 217
85496, 0, 0, 26, 26, 1, 9.41%, 9, 8, 2, 0.15, 6867, 217
85507, 0, 0, 26, 26, 1, 9.41%, 9, 8, 2, 0.14, 6868, 217
85517, 0, 0, 26, 26, 1, 9.41%, 9, 8, 2, 0.14, 6869, 217
85528, 0, 0, 26, 26, 1, 9.41%, 9, 8, 2, 0.14, 6870, 217
85539, 0, 0, 26, 26, 1, 9.41%, 9, 8, 2, 0.14, 6871, 217
85550, 0, 0, 26, 26, 1, 9.41%, 9, 8, 2, 0.13, 6872, 217
85562, 0, 0, 26, 26, 1, 9.41%, 9, 8, 2, 0.13, 6873, 217
85572, 0, 0, 26, 26, 1, 9.41%, 9, 8, 2, 0.13, 6874, 217
85583, 0, 0, 26, 26, 1, 9.41%, 9, 8, 2, 0.13, 6875, 217
85594, 0, 0, 26, 26, 1, 9.41%, 9, 8, 2, 0.12, 6876, 217
85604, 0, 0, 26, 26, 1, 9.41%, 9, 8, 2, 0.12, 6877, 217
85615, 0, 0, 26, 26, 1, 9.41%, 9, 8, 2, 0.12, 6878, 217
85627, 0, 0, 26, 26, 1, 9.41%, 9, 8, 2, 0.12, 6879, 217
85637, 0, 0, 26, 26, 1, 9.41%, 9, 8, 2, 0.12, 6880, 217
85649, 0, 0, 26, 26, 1, 9.41%, 9, 8, 2, 0.10, 6882, 217
85660, 0, 0, 26, 26, 1, 9.41%, 9, 8, 2, 0.10, 6883, 217
85670, 0, 0, 26, 26, 1, 9.41%, 9, 8, 2, 0.10, 6884, 217
85681, 0, 0, 26, 26, 1, 9.41%, 9, 8, 2, 0.10, 6885, 217
85695, 0, 0, 26, 26, 1, 9.41%, 9, 8, 2, 0.11, 6887, 217
85706, 0, 0, 26, 26, 1, 9.41%, 9, 8, 2, 0.11, 6888, 217
85717, 0, 0, 26, 26, 1, 9.41%, 9, 8, 2, 0.11, 6889, 217
85724, 0, 0, 26, 26, 1, 9.41%, 9, 8, 2, 0.11, 6890, 217
85735, 0, 0, 26, 26, 1, 9.41%, 9, 8, 2, 0.11, 6891, 217
85746, 0, 0, 26, 26, 1, 9.41%, 9, 8, 2, 0.11, 6892, 217
85762, 0, 0, 26, 26, 1, 9.41%, 9, 8, 2, 0.11, 6894, 217
85773, 0, 0, 26, 26, 1, 9.41%, 9, 8, 2, 0.11, 6895, 217
85783, 0, 0, 26, 26, 1, 9.41%, 9, 8, 2, 0.11, 6896, 217
85794, 0, 0, 26, 26, 1, 9.41%, 9, 8, 2, 0.11, 6897, 217
85804, 0, 0, 26, 26, 1, 9.41%, 9, 8, 2, 0.11, 6898, 217
85815, 0, 0, 26, 26, 1, 9.41%, 9, 8, 2, 0.11, 6899, 217
85828, 0, 0, 26, 26, 1, 9.41%, 9, 8, 2, 0.11, 6900, 217
85838, 0, 0, 26, 26, 1, 9.41%, 9, 8, 2, 0.11, 6901, 217
85849, 0, 0, 26, 26, 1, 9.41%, 9, 8, 2, 0.10, 6902, 217
85860, 0, 0, 26, 26, 1, 9.41%, 9, 8, 2, 0.10, 6903, 217
85871, 0, 0, 26, 26, 1, 9.41%, 9, 8, 2, 0.10, 6904, 217
85881, 0, 0, 26, 26, 1, 9.41%, 9, 8, 2, 0.10, 6905, 217
85894, 0, 0, 26, 26, 1, 9.41%, 9, 8, 2, 0.10, 6906, 217
85905, 0, 0, 26, 26, 1, 9.41%, 9, 8, 2, 0.10, 6907, 217
85915, 0, 0, 26, 26, 1, 9.41%, 9, 8, 2, 0.10, 6908, 217
85926, 0, 0, 26, 26, 1, 9.41%, 9, 8, 2, 0.10, 6909, 217
85936, 0, 0, 26, 26, 1, 9.41%, 9, 8, 2, 0.10, 6910, 217
85947, 0, 0, 26, 26, 1, 9.41%, 9, 8, 2, 0.10, 6911, 217
85960, 0, 0, 26, 26, 1, 9.41%, 9, 8, 2, 0.10, 6912, 217
85963, 0, 0, 26, 26, 1, 9.41%, 9, 8, 2, 0.13, 6914, 217
85970, 0, 0, 26, 26, 1, 9.41%, 9, 8, 2, 0.76, 6919, 217
85976, 0, 0, 26, 26, 1, 9.41%, 9, 8, 2, 0.84, 6926, 217
85982, 0, 0, 26, 26, 1, 9.41%, 9, 8, 2, 0.88, 6932, 217
85989, 0, 0, 26, 26, 1, 9.41%, 9, 8, 2, 0.85, 6935, 217
86386, 0, 0, 27, 27, 1, 9.46%, 9, 8, 2, 0.00, 6936, 218
