# relative_time, cycles_done, cur_item, corpus_count, pending_total, pending_favs, map_size, saved_crashes, saved_hangs, max_depth, execs_per_sec, total_execs, edges_found
61, 0, 0, 60, 60, 1, 10.99%, 32, 1, 2, 37.96, 2322, 272
67, 0, 0, 63, 63, 1, 10.99%, 33, 1, 2, 39.10, 2523, 272
72, 0, 0, 67, 67, 1, 11.07%, 35, 1, 2, 40.45, 2736, 274
77, 0, 43, 72, 70, 23, 11.07%, 35, 1, 3, 41.09, 2944, 274
82, 0, 43, 74, 72, 23, 11.07%, 35, 1, 3, 42.54, 3158, 274
87, 0, 43, 79, 77, 23, 11.39%, 37, 1, 3, 43.57, 3386, 282
92, 0, 43, 82, 80, 23, 11.43%, 39, 1, 3, 44.99, 3615, 283
97, 0, 43, 87, 85, 23, 11.52%, 41, 1, 3, 47.30, 3860, 285
102, 0, 43, 91, 89, 23, 12.81%, 44, 1, 3, 45.62, 4075, 317
107, 0, 49, 97, 93, 29, 13.29%, 47, 1, 3, 39.52, 4251, 329
112, 0, 49, 104, 100, 29, 13.37%, 49, 1, 3, 41.12, 4457, 331
117, 0, 49, 108, 104, 29, 14.38%, 51, 1, 3, 41.73, 4661, 356
123, 0, 49, 114, 110, 29, 14.71%, 53, 1, 3, 39.18, 4875, 364
128, 0, 49, 117, 113, 29, 14.75%, 55, 1, 3, 41.05, 5079, 365
133, 0, 49, 121, 117, 29, 14.83%, 57, 1, 3, 41.30, 5290, 367
138, 0, 49, 124, 120, 29, 14.91%, 59, 1, 3, 41.41, 5506, 369
143, 0, 49, 126, 122, 29, 14.99%, 59, 1, 3, 43.19, 5696, 371
148, 0, 49, 130, 126, 29, 15.27%, 62, 1, 3, 46.10, 5902, 378
154, 0, 49, 133, 129, 29, 15.39%, 64, 1, 3, 42.13, 6109, 381
159, 0, 84, 135, 129, 40, 15.43%, 65, 1, 3, 38.76, 6303, 382
164, 0, 84, 138, 132, 40, 15.43%, 65, 1, 4, 42.31, 6525, 382
169, 0, 95, 139, 132, 39, 15.43%, 65, 1, 4, 33.60, 6653, 382
174, 0, 95, 140, 133, 39, 15.56%, 67, 1, 4, 26.78, 6772, 385
179, 0, 87, 142, 134, 39, 15.60%, 67, 1, 4, 26.25, 6884, 386
184, 0, 87, 147, 139, 39, 15.68%, 70, 1, 4, 36.07, 7086, 388
190, 0, 87, 148, 140, 39, 15.68%, 70, 1, 4, 40.81, 7295, 388
195, 0, 87, 151, 143, 39, 15.72%, 71, 1, 4, 42.74, 7517, 389
200, 0, 87, 151, 143, 39, 15.72%, 71, 1, 4, 52.40, 7730, 389
205, 0, 87, 153, 145, 39, 15.72%, 71, 2, 4, 48.18, 7891, 389
210, 0, 87, 155, 147, 39, 15.72%, 71, 3, 4, 4.05, 8078, 389
215, 0, 87, 157, 149, 39, 15.76%, 72, 3, 4, 39.50, 8254, 390
220, 0, 87, 159, 151, 39, 15.84%, 73, 4, 4, 38.29, 8400, 392
226, 0, 87, 159, 151, 39, 15.84%, 73, 4, 4, 48.60, 8626, 392
231, 0, 158, 164, 154, 43, 15.96%, 74, 4, 5, 44.78, 8828, 395
236, 0, 158, 169, 159, 43, 16.00%, 75, 4, 5, 43.26, 9041, 396
241, 0, 158, 171, 161, 43, 16.04%, 76, 4, 5, 47.38, 9228, 397
246, 0, 158, 173, 163, 43, 16.08%, 77, 5, 5, 40.63, 9402, 398
251, 0, 158, 174, 164, 43, 16.08%, 77, 5, 5, 43.40, 9624, 398
256, 0, 158, 176, 166, 43, 16.08%, 77, 5, 5, 45.11, 9859, 398
261, 0, 158, 178, 168, 43, 16.24%, 79, 5, 5, 38.28, 10068, 402
266, 0, 158, 180, 170, 43, 16.24%, 80, 5, 5, 41.65, 10282, 402
271, 0, 158, 182, 172, 43, 16.24%, 80, 5, 5, 43.57, 10505, 402
276, 0, 116, 182, 170, 45, 16.24%, 80, 5, 5, 40.12, 10714, 402
282, 0, 139, 182, 169, 44, 16.24%, 80, 5, 5, 38.00, 10908, 402
287, 0, 169, 183, 169, 43, 16.24%, 80, 5, 5, 40.24, 11110, 402
292, 0, 59, 186, 171, 43, 16.32%, 81, 5, 6, 52.56, 11319, 404
297, 0, 59, 187, 172, 43, 16.36%, 81, 5, 6, 42.81, 11521, 405
302, 0, 165, 191, 175, 42, 16.36%, 81, 5, 6, 43.91, 11748, 405
307, 0, 134, 194, 177, 41, 16.36%, 81, 5, 6, 41.61, 11958, 405
312, 0, 134, 196, 179, 41, 16.40%, 82, 5, 6, 38.48, 12139, 406
317, 0, 23, 198, 179, 40, 16.40%, 82, 5, 6, 38.40, 12331, 406
323, 0, 56, 199, 180, 40, 16.40%, 82, 5, 6, 49.67, 12523, 406
328, 0, 79, 200, 180, 39, 16.40%, 82, 5, 6, 49.27, 12724, 406
333, 0, 179, 201, 180, 38, 16.40%, 82, 5, 6, 46.73, 12933, 406
338, 0, 170, 202, 180, 37, 16.40%, 82, 5, 6, 48.36, 13149, 406
343, 0, 170, 203, 181, 37, 16.40%, 82, 5, 6, 43.01, 13361, 406
348, 0, 123, 206, 181, 35, 16.40%, 82, 5, 6, 54.08, 13681, 406
353, 0, 123, 209, 184, 35, 16.40%, 82, 5, 6, 13.21, 13865, 406
358, 0, 126, 210, 184, 34, 16.40%, 82, 5, 6, 34.99, 14070, 406
364, 0, 74, 210, 183, 33, 16.40%, 82, 5, 6, 12.72, 14268, 406
369, 0, 74, 215, 188, 33, 16.57%, 83, 6, 6, 6.15, 14421, 410
374, 0, 74, 216, 189, 33, 16.57%, 83, 7, 6, 23.41, 14523, 410
379, 0, 74, 217, 190, 33, 16.57%, 83, 9, 6, 21.35, 14597, 410
384, 0, 74, 218, 191, 33, 16.57%, 83, 9, 6, 28.47, 14747, 410
389, 0, 74, 220, 193, 33, 16.61%, 84, 10, 6, 27.53, 14857, 411
395, 0, 74, 223, 196, 33, 17.17%, 85, 10, 6, 30.98, 15003, 425
400, 0, 74, 223, 196, 33, 17.17%, 85, 10, 6, 28.63, 15136, 425
405, 0, 74, 224, 197, 33, 17.21%, 85, 10, 6, 48.00, 15279, 426
410, 0, 74, 224, 197, 33, 17.21%, 85, 11, 6, 46.23, 15382, 426
416, 0, 74, 225, 198, 33, 17.21%, 85, 12, 6, 4.82, 15514, 426
422, 0, 74, 226, 199, 33, 17.21%, 85, 15, 6, 8.55, 15591, 426
427, 0, 74, 226, 199, 33, 17.21%, 85, 16, 6, 6.41, 15691, 426
432, 0, 74, 228, 201, 33, 17.25%, 86, 16, 6, 49.51, 15845, 427
438, 0, 74, 228, 201, 33, 17.25%, 86, 16, 6, 34.89, 15987, 427
443, 0, 57, 228, 199, 33, 17.25%, 86, 16, 6, 44.62, 16168, 427
448, 0, 220, 229, 199, 33, 17.29%, 87, 16, 6, 41.84, 16363, 428
453, 0, 218, 231, 200, 33, 17.33%, 87, 16, 6, 42.01, 16572, 429
458, 0, 218, 234, 203, 33, 17.33%, 87, 16, 6, 25.41, 16719, 429
463, 0, 218, 234, 203, 33, 17.33%, 87, 16, 6, 33.19, 16881, 429
468, 0, 176, 234, 202, 32, 17.33%, 88, 16, 6, 42.00, 17091, 429
473, 0, 97, 235, 202, 31, 17.33%, 88, 17, 6, 42.17, 17211, 429
478, 0, 226, 236, 202, 31, 17.37%, 89, 17, 6, 44.16, 17404, 430
483, 0, 226, 238, 204, 31, 17.37%, 89, 17, 6, 41.03, 17594, 430
489, 0, 29, 240, 203, 29, 17.37%, 89, 17, 6, 85.91, 17897, 430
494, 0, 29, 241, 204, 29, 17.41%, 90, 17, 6, 43.69, 18082, 431
499, 0, 113, 242, 204, 29, 17.41%, 90, 17, 6, 41.65, 18248, 431
504, 0, 177, 243, 203, 28, 17.45%, 91, 17, 6, 60.63, 18551, 432
509, 0, 177, 247, 207, 28, 17.54%, 93, 17, 6, 47.42, 18755, 434
514, 0, 177, 251, 211, 28, 17.62%, 95, 17, 6, 45.36, 18975, 436
519, 0, 177, 255, 215, 28, 17.66%, 96, 17, 6, 42.55, 19169, 437
524, 0, 177, 256, 216, 28, 17.66%, 96, 17, 6, 47.19, 19383, 437
529, 0, 177, 257, 217, 28, 17.66%, 96, 17, 6, 45.52, 19607, 437
534, 0, 172, 257, 215, 31, 17.66%, 96, 17, 6, 42.44, 19803, 437
539, 0, 250, 258, 215, 30, 17.70%, 97, 17, 7, 42.97, 20009, 438
545, 0, 162, 259, 215, 30, 17.70%, 97, 18, 7, 50.59, 20174, 438
550, 0, 162, 260, 216, 30, 17.70%, 97, 19, 7, 45.94, 20314, 438
555, 0, 248, 262, 217, 29, 17.70%, 97, 20, 7, 6.78, 20467, 438
560, 0, 83, 263, 217, 28, 17.70%, 97, 20, 7, 46.90, 20692, 438
565, 0, 52, 264, 217, 27, 17.70%, 97, 20, 7, 43.23, 20897, 438
571, 0, 63, 265, 217, 26, 17.70%, 97, 20, 7, 41.92, 21112, 438
576, 0, 122, 265, 216, 25, 17.70%, 97, 20, 7, 41.64, 21314, 438
581, 0, 122, 266, 217, 25, 17.78%, 98, 20, 7, 37.74, 21491, 440
586, 0, 118, 267, 216, 23, 17.78%, 98, 20, 7, 36.80, 21662, 440
591, 0, 155, 267, 215, 22, 17.78%, 98, 20, 7, 30.99, 21814, 440
596, 0, 155, 268, 216, 22, 17.82%, 99, 20, 7, 16.66, 21918, 441
601, 0, 86, 268, 214, 21, 17.82%, 99, 20, 7, 25.65, 22042, 441
606, 0, 243, 269, 214, 20, 17.82%, 99, 20, 7, 38.15, 22250, 441
611, 0, 269, 270, 214, 20, 17.86%, 100, 20, 7, 42.09, 22463, 442
617, 0, 219, 273, 216, 19, 17.86%, 100, 20, 7, 44.87, 22689, 442
622, 0, 246, 274, 216, 18, 17.86%, 100, 20, 7, 46.25, 22915, 442
627, 0, 5, 276, 217, 17, 17.86%, 100, 20, 7, 46.60, 23134, 442
632, 0, 36, 276, 216, 16, 17.86%, 100, 20, 7, 45.70, 23334, 442
637, 0, 98, 276, 215, 15, 17.86%, 100, 20, 7, 52.57, 23572, 442
642, 0, 235, 276, 214, 14, 17.86%, 100, 21, 7, 3.57, 23798, 442
647, 0, 185, 278, 214, 13, 17.94%, 102, 21, 7, 65.63, 24141, 444
652, 0, 185, 280, 216, 13, 17.94%, 102, 22, 7, 46.12, 24330, 444
657, 0, 240, 282, 216, 11, 17.94%, 102, 22, 7, 30.08, 24561, 444
662, 0, 221, 282, 215, 10, 17.94%, 102, 22, 7, 39.62, 24774, 444
667, 0, 33, 286, 217, 9, 17.94%, 102, 22, 7, 41.26, 24968, 444
673, 0, 33, 288, 219, 9, 18.91%, 103, 22, 7, 40.28, 25148, 468
678, 0, 257, 289, 218, 10, 19.03%, 104, 22, 7, 25.37, 25325, 471
683, 0, 288, 291, 219, 9, 19.07%, 104, 22, 8, 37.08, 25523, 472
688, 0, 284, 292, 219, 8, 19.07%, 104, 22, 8, 42.77, 25737, 472
693, 0, 277, 294, 220, 8, 19.07%, 104, 22, 8, 59.56, 25997, 472
698, 0, 18, 297, 221, 7, 19.07%, 104, 22, 8, 57.75, 26314, 472
703, 0, 88, 297, 220, 7, 19.07%, 104, 22, 8, 31.19, 26519, 472
708, 0, 249, 298, 220, 6, 19.07%, 104, 22, 8, 41.32, 26738, 472
713, 0, 66, 299, 220, 6, 19.07%, 104, 22, 8, 44.14, 26958, 472
718, 0, 299, 300, 220, 6, 19.11%, 105, 22, 8, 39.68, 27159, 473
723, 0, 194, 300, 219, 5, 19.11%, 105, 22, 8, 37.95, 27347, 473
728, 0, 45, 302, 220, 4, 19.11%, 105, 22, 8, 42.55, 27551, 473
733, 0, 34, 303, 220, 3, 19.11%, 105, 22, 8, 39.54, 27744, 473
739, 0, 291, 307, 223, 4, 19.15%, 106, 22, 8, 37.91, 27928, 474
744, 0, 291, 312, 228, 4, 19.15%, 106, 22, 8, 48.78, 28125, 474
749, 0, 291, 314, 230, 4, 19.15%, 106, 22, 8, 44.24, 28338, 474
754, 0, 291, 317, 233, 4, 19.19%, 107, 22, 8, 42.61, 28542, 475
759, 0, 291, 318, 234, 4, 19.23%, 108, 22, 8, 46.15, 28731, 476
764, 0, 291, 319, 235, 4, 19.23%, 108, 22, 8, 40.94, 28926, 476
769, 0, 291, 320, 236, 4, 19.23%, 108, 22, 8, 42.28, 29138, 476
774, 0, 291, 320, 236, 4, 19.23%, 108, 22, 8, 41.16, 29337, 476
779, 0, 140, 322, 236, 5, 19.23%, 108, 22, 8, 42.59, 29532, 476
784, 0, 291, 322, 235, 5, 19.23%, 108, 22, 8, 40.13, 29726, 476
790, 0, 291, 324, 237, 5, 19.23%, 108, 22, 8, 43.29, 29937, 476
795, 0, 317, 325, 238, 5, 19.23%, 108, 22, 8, 39.20, 30118, 476
800, 0, 316, 326, 238, 4, 19.23%, 108, 22, 8, 39.18, 30310, 476
805, 0, 93, 326, 237, 3, 19.23%, 108, 23, 8, 43.14, 30462, 476
810, 0, 93, 327, 238, 3, 19.23%, 108, 23, 8, 36.09, 30624, 476
815, 0, 219, 327, 237, 3, 19.23%, 108, 23, 8, 44.92, 30823, 476
820, 0, 24, 329, 239, 3, 19.23%, 108, 23, 8, 38.31, 31002, 476
825, 0, 303, 329, 238, 2, 19.23%, 108, 23, 8, 34.04, 31166, 476
830, 0, 228, 329, 237, 1, 19.23%, 108, 23, 8, 33.05, 31327, 476
836, 0, 228, 330, 238, 1, 19.23%, 108, 23, 8, 33.77, 31496, 476
841, 0, 248, 332, 239, 0, 19.27%, 109, 23, 8, 38.28, 31694, 477
846, 0, 240, 332, 238, 0, 19.27%, 109, 23, 8, 39.49, 31888, 477
851, 0, 228, 332, 238, 0, 19.27%, 109, 23, 8, 39.43, 32077, 477
856, 0, 306, 332, 238, 0, 19.27%, 109, 23, 8, 39.19, 32255, 477
861, 0, 288, 334, 240, 0, 19.35%, 110, 23, 8, 38.16, 32428, 479
866, 0, 111, 335, 240, 0, 19.35%, 110, 23, 8, 43.99, 32652, 479
871, 0, 111, 335, 240, 0, 19.35%, 110, 23, 8, 35.46, 32812, 479
876, 0, 186, 335, 239, 0, 19.35%, 110, 23, 8, 67.42, 33115, 479
882, 0, 86, 335, 238, 0, 19.35%, 110, 23, 8, 47.12, 33316, 479
887, 0, 257, 335, 238, 0, 19.35%, 110, 23, 8, 41.27, 33513, 479
892, 0, 257, 336, 239, 0, 19.39%, 111, 23, 8, 32.96, 33678, 480
897, 0, 303, 337, 239, 0, 19.52%, 112, 23, 8, 35.61, 33855, 483
902, 0, 36, 337, 238, 0, 19.52%, 112, 23, 8, 35.21, 34022, 483
907, 0, 337, 338, 239, 1, 19.56%, 113, 23, 8, 9.57, 34144, 484
912, 0, 162, 339, 239, 0, 19.56%, 113, 23, 8, 38.58, 34326, 484
917, 0, 235, 339, 239, 0, 19.56%, 113, 23, 8, 47.82, 34531, 484
923, 0, 214, 340, 240, 0, 19.56%, 113, 24, 8, 1.71, 34700, 484
928, 0, 214, 341, 241, 0, 19.56%, 113, 26, 8, 18.26, 34800, 484
933, 0, 36, 341, 241, 0, 19.56%, 113, 26, 8, 27.43, 34954, 484
938, 0, 179, 343, 243, 0, 19.56%, 113, 26, 8, 46.30, 35124, 484
944, 0, 246, 343, 243, 0, 19.56%, 113, 27, 8, 2.50, 35322, 484
949, 0, 248, 344, 243, 0, 19.56%, 113, 27, 8, 39.33, 35517, 484
954, 0, 86, 344, 243, 0, 19.56%, 113, 27, 8, 42.00, 35721, 484
959, 0, 86, 345, 244, 0, 19.56%, 113, 27, 8, 39.79, 35907, 484
965, 0, 218, 345, 244, 0, 19.56%, 113, 27, 8, 30.79, 36038, 484
970, 0, 287, 352, 251, 0, 19.72%, 116, 27, 8, 46.48, 36220, 488
975, 0, 287, 359, 258, 0, 20.36%, 123, 27, 8, 73.49, 36614, 504
980, 0, 287, 364, 263, 0, 20.44%, 125, 27, 8, 75.88, 36990, 506
985, 0, 287, 368, 267, 0, 20.69%, 128, 27, 8, 84.52, 37405, 512
990, 0, 287, 368, 267, 0, 20.69%, 128, 28, 8, 61.62, 37691, 512
995, 0, 22, 370, 268, 14, 20.69%, 128, 28, 8, 65.98, 38047, 512
1000, 0, 22, 371, 269, 14, 20.69%, 128, 28, 8, 33.83, 38208, 512
1005, 0, 363, 374, 271, 15, 20.73%, 129, 29, 8, 48.46, 38395, 513
1011, 0, 357, 377, 272, 14, 20.81%, 131, 29, 8, 74.79, 38822, 515
1016, 0, 356, 380, 272, 13, 20.85%, 132, 29, 8, 109.24, 39414, 516
1021, 0, 347, 384, 274, 13, 21.05%, 134, 30, 8, 14.23, 39881, 521
1026, 0, 347, 387, 277, 13, 21.05%, 134, 30, 8, 128.81, 40512, 521
1031, 0, 380, 387, 276, 14, 21.05%, 134, 30, 8, 85.11, 40924, 521
1036, 0, 366, 390, 277, 12, 21.05%, 134, 30, 8, 86.41, 41341, 521
1041, 0, 366, 393, 280, 12, 21.21%, 137, 30, 8, 87.79, 41781, 525
1047, 0, 361, 398, 283, 13, 21.25%, 138, 30, 8, 110.27, 42289, 526
1052, 0, 360, 398, 281, 11, 21.25%, 138, 30, 8, 100.07, 42735, 526
1057, 0, 391, 398, 280, 10, 21.25%, 138, 30, 8, 94.06, 43194, 526
1062, 0, 383, 401, 281, 8, 21.25%, 138, 30, 8, 128.16, 43894, 526
1067, 0, 384, 404, 283, 7, 21.33%, 139, 30, 8, 115.03, 44382, 528
1072, 0, 350, 404, 281, 6, 21.33%, 139, 30, 8, 90.55, 44768, 528
1077, 0, 201, 406, 281, 4, 21.33%, 139, 30, 8, 87.76, 45248, 528
1082, 0, 201, 406, 281, 4, 21.33%, 139, 30, 8, 27.48, 45415, 528
1088, 0, 372, 406, 280, 4, 21.33%, 139, 30, 8, 33.32, 45588, 528
1093, 0, 19, 406, 279, 3, 21.33%, 139, 30, 8, 34.12, 45751, 528
1098, 0, 231, 406, 278, 3, 21.33%, 139, 30, 8, 28.26, 45889, 528
1103, 0, 231, 406, 278, 3, 21.33%, 139, 30, 8, 31.71, 46034, 528
1108, 0, 364, 410, 281, 3, 21.33%, 139, 30, 8, 65.61, 46322, 528
1113, 0, 364, 410, 281, 3, 21.33%, 139, 30, 8, 85.81, 46780, 528
1118, 0, 364, 411, 282, 3, 21.33%, 139, 30, 8, 89.97, 47235, 528
1124, 0, 376, 413, 282, 1, 21.33%, 139, 30, 8, 88.90, 47690, 528
1129, 0, 89, 413, 280, 0, 21.33%, 139, 30, 8, 16.11, 47855, 528
1134, 0, 89, 414, 281, 0, 21.37%, 140, 30, 8, 13.39, 47920, 529
1139, 0, 89, 414, 281, 0, 21.37%, 140, 30, 8, 14.16, 47990, 529
1144, 0, 401, 417, 283, 0, 21.45%, 141, 31, 8, 108.50, 48248, 531
1149, 0, 401, 418, 284, 0, 21.45%, 141, 31, 8, 114.55, 48835, 531
1154, 0, 202, 419, 284, 1, 21.45%, 141, 31, 8, 94.53, 49230, 531
1159, 0, 202, 419, 284, 1, 21.45%, 141, 31, 8, 34.55, 49426, 531
1165, 0, 141, 419, 283, 1, 21.45%, 141, 31, 8, 23.84, 49531, 531
1170, 0, 141, 420, 284, 1, 21.45%, 141, 31, 8, 21.00, 49626, 531
1175, 0, 266, 421, 285, 1, 21.49%, 142, 31, 8, 29.50, 49767, 532
1180, 0, 414, 421, 284, 2, 21.49%, 142, 31, 8, 41.93, 49975, 532
1185, 0, 337, 421, 282, 0, 21.49%, 142, 31, 8, 16.77, 50179, 532
1190, 0, 361, 421, 282, 0, 21.49%, 142, 31, 8, 38.46, 50363, 532
1195, 0, 219, 421, 282, 0, 21.49%, 142, 31, 8, 13.23, 50662, 532
1200, 0, 83, 421, 282, 0, 21.49%, 142, 31, 8, 32.53, 50847, 532
1205, 0, 265, 422, 283, 0, 21.49%, 142, 31, 8, 31.73, 50994, 532
1210, 0, 265, 423, 284, 0, 21.49%, 142, 31, 8, 32.21, 51148, 532
1215, 0, 342, 424, 285, 0, 21.49%, 142, 31, 8, 37.04, 51307, 532
1221, 0, 118, 426, 286, 0, 21.54%, 142, 31, 8, 36.44, 51500, 533
1226, 0, 118, 426, 286, 0, 21.54%, 143, 31, 8, 33.65, 51644, 533
1231, 0, 172, 427, 286, 0, 21.58%, 144, 31, 8, 39.55, 51772, 534
1236, 0, 426, 427, 286, 1, 21.58%, 144, 31, 8, 31.01, 51934, 534
1241, 0, 379, 431, 289, 0, 21.58%, 144, 31, 8, 56.83, 52259, 534
1246, 0, 379, 432, 290, 0, 21.58%, 144, 31, 8, 66.70, 52580, 534
1252, 0, 379, 432, 290, 0, 21.58%, 144, 31, 8, 68.12, 52893, 534
1257, 0, 95, 433, 290, 2, 21.58%, 144, 31, 8, 14.61, 53181, 534
1262, 0, 95, 434, 291, 2, 21.74%, 144, 31, 8, 18.58, 53273, 538
1267, 0, 433, 434, 291, 3, 21.74%, 145, 32, 8, 22.78, 53375, 538
1272, 0, 293, 434, 290, 2, 21.74%, 145, 32, 8, 161.76, 53525, 538
1277, 0, 128, 435, 291, 2, 21.74%, 145, 32, 8, 25.76, 53762, 538
1282, 0, 431, 435, 290, 2, 21.74%, 145, 32, 8, 38.95, 53948, 538
1287, 0, 333, 436, 290, 1, 21.74%, 145, 32, 8, 53.11, 54213, 538
1292, 0, 80, 437, 291, 1, 21.78%, 146, 32, 8, 46.87, 54420, 539
1298, 0, 360, 437, 289, 0, 21.78%, 146, 32, 8, 28.87, 54592, 539
1303, 0, 412, 438, 290, 0, 21.78%, 146, 32, 8, 60.83, 55016, 539
1308, 0, 220, 438, 290, 0, 21.78%, 146, 32, 8, 31.18, 55213, 539
1313, 0, 267, 438, 290, 0, 21.78%, 146, 33, 8, 7.68, 55526, 539
1318, 0, 267, 439, 291, 0, 22.02%, 147, 33, 8, 26.97, 55675, 545
1323, 0, 438, 439, 290, 0, 22.02%, 147, 33, 8, 26.81, 55795, 545
1328, 0, 431, 439, 290, 0, 22.02%, 147, 33, 8, 29.50, 55941, 545
1334, 0, 431, 441, 292, 0, 22.06%, 148, 33, 8, 45.86, 56196, 546
1339, 0, 226, 441, 291, 0, 22.06%, 148, 33, 8, 39.46, 56385, 546
1344, 0, 235, 441, 291, 0, 22.06%, 148, 33, 8, 31.08, 56708, 546
1349, 0, 360, 441, 291, 0, 22.06%, 148, 33, 8, 65.21, 57010, 546
1354, 0, 252, 442, 292, 0, 22.06%, 148, 33, 8, 53.42, 57281, 546
1359, 0, 220, 442, 291, 0, 22.06%, 148, 33, 8, 47.57, 57496, 546
1364, 0, 235, 442, 291, 0, 22.06%, 148, 33, 8, 62.30, 57818, 546
1369, 0, 374, 442, 291, 0, 22.06%, 149, 33, 8, 51.47, 58011, 546
1374, 0, 374, 446, 295, 0, 22.10%, 150, 33, 8, 72.60, 58407, 547
1380, 0, 374, 446, 295, 0, 22.10%, 150, 33, 8, 83.13, 58831, 547
1385, 0, 164, 446, 294, 0, 22.10%, 150, 33, 8, 75.61, 59190, 547
1390, 0, 164, 448, 296, 0, 22.10%, 150, 33, 8, 33.96, 59397, 547
1395, 0, 208, 448, 296, 0, 22.10%, 150, 33, 8, 32.29, 59554, 547
1400, 0, 184, 448, 295, 0, 22.10%, 150, 33, 8, 33.52, 59720, 547
1405, 0, 219, 448, 294, 0, 22.10%, 150, 33, 8, 40.77, 59925, 547
1410, 0, 303, 448, 294, 0, 22.10%, 150, 33, 8, 40.82, 60113, 547
1415, 0, 303, 448, 294, 0, 22.10%, 150, 33, 8, 37.88, 60290, 547
1421, 0, 141, 448, 294, 0, 22.10%, 150, 33, 8, 23.16, 60385, 547
1426, 0, 141, 448, 294, 0, 22.10%, 150, 33, 8, 17.58, 60458, 547
1431, 0, 257, 448, 293, 0, 22.10%, 150, 33, 8, 112.55, 60813, 547
1436, 0, 5, 448, 293, 0, 22.10%, 150, 33, 8, 29.31, 60987, 547
1441, 0, 59, 448, 293, 0, 22.10%, 150, 33, 8, 39.33, 61198, 547
1446, 0, 303, 448, 293, 0, 22.10%, 150, 33, 8, 35.77, 61366, 547
1451, 0, 303, 448, 293, 0, 22.10%, 150, 33, 8, 2.43, 61520, 547
1457, 0, 298, 449, 294, 0, 22.10%, 150, 33, 8, 9.26, 61889, 547
1462, 0, 118, 449, 293, 0, 22.10%, 150, 33, 8, 3.80, 62091, 547
1467, 0, 179, 449, 293, 0, 22.10%, 150, 33, 8, 34.96, 62269, 547
1472, 0, 391, 449, 293, 0, 22.10%, 150, 33, 8, 3.46, 62543, 547
1477, 0, 28, 449, 293, 0, 22.10%, 150, 33, 8, 47.63, 62795, 547
1482, 0, 379, 449, 292, 0, 22.10%, 150, 33, 8, 57.20, 63068, 547
1487, 0, 12, 449, 292, 0, 22.10%, 150, 33, 8, 19.68, 63417, 547
1492, 0, 12, 449, 292, 0, 22.10%, 150, 34, 8, 21.02, 63508, 547
1497, 0, 63, 450, 292, 0, 22.10%, 150, 34, 8, 17.16, 63819, 547
1503, 0, 303, 450, 292, 0, 22.10%, 150, 34, 8, 5.18, 64001, 547
1508, 0, 303, 450, 292, 0, 22.10%, 150, 34, 8, 30.58, 64166, 547
1513, 0, 226, 450, 292, 0, 22.10%, 150, 34, 8, 34.96, 64354, 547
1518, 0, 109, 450, 292, 0, 22.10%, 150, 34, 8, 3.34, 64514, 547
1523, 0, 350, 450, 291, 0, 22.10%, 150, 34, 8, 47.80, 64742, 547
1529, 0, 265, 451, 291, 0, 22.10%, 150, 35, 8, 28.85, 65164, 547
1534, 0, 265, 452, 292, 0, 22.18%, 151, 35, 8, 5.63, 65313, 549
1539, 0, 45, 452, 291, 0, 22.18%, 151, 35, 8, 36.27, 65486, 549
1544, 0, 452, 453, 292, 1, 22.22%, 152, 35, 8, 33.20, 65649, 550
1549, 0, 303, 453, 291, 0, 22.22%, 152, 35, 8, 44.22, 65924, 550
1554, 0, 426, 454, 292, 0, 22.22%, 152, 35, 8, 2.00, 66073, 550
1559, 0, 426, 455, 293, 0, 22.22%, 152, 35, 8, 3.01, 66213, 550
1564, 0, 377, 455, 293, 0, 22.22%, 152, 35, 8, 2.99, 66498, 550
1570, 0, 293, 457, 294, 0, 22.22%, 152, 35, 8, 23.03, 66844, 550
1575, 0, 189, 457, 294, 0, 22.22%, 152, 35, 8, 39.46, 67093, 550
1580, 0, 123, 457, 294, 0, 22.22%, 152, 35, 8, 37.28, 67282, 550
1585, 0, 343, 457, 294, 0, 22.22%, 152, 35, 8, 40.06, 67480, 550
1590, 0, 142, 458, 295, 0, 22.34%, 152, 35, 8, 7.84, 67655, 553
1595, 0, 358, 458, 294, 0, 22.34%, 152, 35, 8, 178.22, 67845, 553
1600, 0, 257, 458, 293, 0, 22.34%, 152, 35, 8, 23.47, 68145, 553
1605, 0, 391, 459, 293, 0, 22.38%, 153, 35, 8, 29.81, 68301, 554
1611, 0, 53, 461, 294, 1, 22.46%, 154, 35, 8, 48.11, 68620, 556
1616, 0, 459, 461, 293, 1, 22.46%, 154, 35, 8, 242.57, 68841, 556
1621, 0, 459, 461, 293, 1, 22.46%, 154, 37, 8, 4.87, 69059, 556
1626, 0, 379, 461, 292, 0, 22.46%, 154, 37, 8, 51.66, 69428, 556
1631, 0, 59, 461, 292, 0, 22.46%, 154, 37, 8, 44.75, 69656, 556
1636, 0, 164, 461, 292, 0, 22.46%, 154, 37, 8, 41.05, 69851, 556
1641, 0, 426, 461, 292, 0, 22.46%, 154, 37, 8, 69.38, 70185, 556
1646, 0, 426, 461, 292, 0, 22.46%, 154, 37, 8, 39.55, 70333, 556
1652, 0, 36, 462, 293, 0, 22.46%, 154, 37, 8, 36.08, 70499, 556
1657, 0, 248, 462, 293, 0, 22.46%, 154, 37, 8, 34.18, 70674, 556
1662, 0, 335, 462, 293, 0, 22.46%, 154, 37, 8, 33.90, 70849, 556
1667, 0, 10, 462, 293, 0, 22.46%, 154, 37, 8, 32.11, 71014, 556
1672, 0, 10, 462, 293, 0, 22.46%, 154, 37, 8, 33.71, 71193, 556
1677, 0, 118, 462, 292, 0, 22.46%, 154, 37, 8, 39.22, 71403, 556
1682, 0, 118, 462, 292, 0, 22.46%, 154, 37, 8, 9.25, 71563, 556
1688, 0, 97, 462, 292, 0, 22.46%, 154, 37, 8, 23.28, 71709, 556
1693, 0, 61, 463, 292, 0, 22.51%, 155, 37, 8, 29.37, 71865, 557
1698, 0, 61, 464, 293, 0, 22.51%, 155, 37, 8, 37.35, 72017, 557
1703, 0, 412, 466, 294, 0, 22.51%, 155, 37, 8, 16.91, 72363, 557
1708, 0, 412, 466, 294, 0, 22.51%, 155, 37, 8, 40.70, 72608, 557
1713, 0, 306, 466, 294, 0, 22.51%, 155, 37, 8, 14.63, 72929, 557
1718, 0, 466, 467, 295, 1, 22.55%, 156, 37, 8, 5.03, 73060, 558
1723, 0, 118, 467, 294, 0, 22.55%, 156, 37, 8, 31.31, 73206, 558
1728, 0, 329, 467, 294, 0, 22.55%, 156, 38, 8, 4.89, 73306, 558
1733, 0, 329, 467, 294, 0, 22.55%, 156, 38, 8, 30.02, 73461, 558
1739, 0, 328, 467, 293, 0, 22.55%, 156, 38, 8, 33.85, 73593, 558
1744, 0, 328, 467, 293, 0, 22.55%, 156, 38, 8, 25.25, 73705, 558
1749, 0, 57, 467, 292, 0, 22.55%, 156, 38, 8, 29.58, 73864, 558
1754, 0, 426, 468, 293, 0, 22.59%, 157, 38, 8, 33.71, 74042, 559
1759, 0, 144, 468, 292, 0, 22.59%, 157, 38, 8, 32.18, 74195, 559
1764, 0, 144, 470, 294, 0, 22.63%, 158, 38, 8, 30.46, 74379, 560
1769, 0, 139, 470, 292, 0, 22.63%, 158, 38, 8, 6.92, 74512, 560
1774, 0, 139, 471, 293, 0, 22.63%, 158, 38, 8, 36.53, 74672, 560
1780, 0, 413, 471, 293, 0, 22.63%, 158, 38, 8, 22.11, 74769, 560
1785, 0, 413, 472, 294, 0, 22.67%, 159, 38, 8, 19.37, 74861, 561
1790, 0, 306, 472, 293, 0, 22.67%, 159, 38, 8, 25.80, 74974, 561
1795, 0, 367, 474, 295, 0, 22.67%, 159, 38, 8, 50.68, 75218, 561
1800, 0, 257, 475, 295, 0, 22.71%, 160, 38, 8, 56.60, 75564, 562
1805, 0, 299, 475, 294, 0, 22.71%, 160, 38, 8, 41.32, 75733, 562
1810, 0, 364, 475, 294, 0, 22.71%, 160, 38, 8, 64.04, 76020, 562
1815, 0, 441, 475, 294, 0, 22.71%, 160, 38, 8, 54.07, 76291, 562
1821, 0, 425, 475, 294, 0, 22.71%, 160, 39, 8, 37.74, 76422, 562
1826, 0, 388, 475, 294, 0, 22.71%, 160, 39, 8, 51.38, 76664, 562
1831, 0, 467, 476, 295, 0, 22.71%, 160, 39, 8, 47.24, 76923, 562
1836, 0, 467, 476, 295, 0, 22.71%, 160, 39, 8, 28.64, 77078, 562
1841, 0, 343, 476, 295, 0, 22.71%, 160, 39, 8, 35.93, 77259, 562
1846, 0, 235, 476, 295, 0, 22.71%, 160, 39, 8, 38.97, 77457, 562
1851, 0, 451, 476, 295, 0, 22.71%, 160, 39, 8, 63.57, 77697, 562
1856, 0, 235, 476, 295, 0, 22.71%, 160, 39, 8, 48.17, 77925, 562
1861, 0, 235, 477, 296, 0, 22.71%, 160, 39, 8, 26.74, 78073, 562
1866, 0, 235, 478, 296, 0, 22.71%, 160, 39, 8, 76.77, 78376, 562
1871, 0, 59, 478, 296, 0, 22.71%, 160, 39, 8, 50.84, 78593, 562
1877, 0, 478, 479, 297, 2, 22.75%, 161, 39, 8, 38.70, 78755, 563
1882, 0, 422, 481, 298, 1, 22.75%, 161, 39, 8, 38.72, 78934, 563
1887, 0, 215, 481, 297, 1, 22.75%, 161, 39, 8, 41.26, 79098, 563
1892, 0, 118, 481, 296, 0, 22.75%, 161, 39, 8, 38.19, 79280, 563
1897, 0, 118, 481, 296, 0, 22.75%, 161, 39, 8, 29.18, 79372, 563
1902, 0, 361, 481, 296, 0, 22.75%, 161, 39, 8, 59.00, 79666, 563
1907, 0, 59, 482, 297, 0, 22.75%, 161, 39, 8, 42.72, 79880, 563
1912, 0, 15, 482, 297, 0, 22.75%, 161, 39, 8, 12.30, 80205, 563
1918, 0, 303, 482, 296, 0, 22.75%, 161, 39, 8, 28.35, 80372, 563
1923, 0, 303, 482, 296, 0, 22.75%, 161, 39, 8, 43.09, 80527, 563
1928, 0, 291, 482, 296, 0, 22.75%, 161, 39, 8, 40.86, 80735, 563
1933, 0, 460, 483, 297, 0, 22.79%, 162, 40, 8, 44.49, 80882, 564
1938, 0, 172, 483, 296, 0, 22.79%, 162, 40, 8, 43.09, 81047, 564
1943, 0, 172, 483, 296, 0, 22.79%, 162, 40, 8, 40.36, 81202, 564
1948, 0, 474, 483, 296, 0, 22.79%, 163, 40, 8, 27.52, 81315, 564
1953, 0, 412, 483, 296, 0, 22.79%, 163, 40, 8, 25.97, 81432, 564
1958, 0, 23, 485, 298, 0, 22.79%, 163, 40, 8, 46.98, 81702, 564
1963, 0, 23, 485, 298, 0, 22.79%, 163, 40, 8, 34.71, 81863, 564
1968, 0, 45, 486, 299, 0, 22.79%, 163, 40, 8, 37.57, 82050, 564
1974, 0, 52, 487, 300, 0, 22.79%, 163, 40, 8, 44.70, 82233, 564
1979, 0, 235, 488, 301, 0, 22.79%, 163, 40, 8, 37.26, 82414, 564
1984, 0, 321, 488, 301, 0, 22.79%, 163, 40, 8, 40.19, 82615, 564
1989, 0, 466, 488, 300, 0, 22.79%, 163, 40, 8, 35.84, 82798, 564
1994, 0, 466, 488, 300, 0, 22.79%, 163, 40, 8, 35.26, 82963, 564
1999, 0, 214, 489, 301, 0, 22.79%, 163, 40, 8, 58.23, 83277, 564
2004, 0, 459, 490, 302, 0, 22.91%, 164, 40, 8, 64.57, 83545, 567
2009, 0, 431, 491, 302, 0, 22.91%, 164, 40, 8, 68.97, 83872, 567
2015, 0, 45, 492, 303, 0, 22.91%, 164, 40, 8, 71.53, 84246, 567
2020, 0, 156, 492, 303, 0, 22.91%, 164, 40, 8, 49.41, 84464, 567
2025, 0, 164, 492, 302, 0, 22.91%, 164, 40, 8, 47.58, 84697, 567
2030, 0, 414, 492, 302, 0, 22.91%, 164, 40, 8, 27.25, 84858, 567
2035, 0, 164, 492, 302, 0, 22.91%, 164, 40, 8, 49.62, 85106, 567
2040, 0, 469, 492, 302, 0, 22.91%, 164, 40, 8, 42.59, 85311, 567
2045, 0, 293, 492, 302, 0, 22.91%, 164, 40, 8, 46.03, 85514, 567
2050, 0, 59, 493, 303, 0, 22.91%, 164, 40, 8, 43.98, 85784, 567
2055, 0, 425, 493, 303, 0, 22.91%, 164, 40, 8, 38.07, 85956, 567
2060, 0, 360, 493, 303, 0, 22.91%, 164, 40, 8, 33.74, 86105, 567
2066, 0, 379, 493, 303, 0, 22.91%, 164, 40, 8, 48.04, 86473, 567
2071, 0, 146, 494, 303, 0, 23.35%, 165, 40, 8, 46.91, 86736, 578
2076, 0, 59, 495, 302, 0, 23.35%, 165, 40, 8, 25.29, 86935, 578
2081, 0, 393, 496, 303, 0, 23.35%, 165, 40, 8, 85.80, 87328, 578
2086, 0, 181, 498, 304, 1, 23.43%, 167, 40, 8, 110.73, 87765, 580
2091, 0, 181, 499, 305, 1, 23.47%, 168, 40, 8, 55.69, 87956, 581
2096, 0, 497, 501, 305, 1, 23.52%, 169, 40, 8, 58.19, 88248, 582
2101, 0, 271, 502, 304, 0, 23.52%, 169, 40, 8, 68.25, 88586, 582
2106, 0, 412, 502, 303, 0, 23.52%, 169, 40, 8, 50.90, 88804, 582
2111, 0, 383, 502, 303, 0, 23.52%, 169, 40, 8, 81.91, 89195, 582
2116, 0, 452, 502, 303, 0, 23.52%, 169, 40, 8, 20.17, 89375, 582
2122, 0, 45, 502, 303, 0, 23.52%, 169, 40, 8, 45.83, 89567, 582
2127, 0, 413, 502, 303, 0, 23.52%, 169, 40, 8, 30.39, 89704, 582
2132, 0, 413, 502, 303, 0, 23.52%, 169, 40, 8, 9.34, 89789, 582
2137, 0, 355, 502, 303, 0, 23.52%, 169, 40, 8, 115.54, 90021, 582
2142, 0, 341, 503, 304, 0, 23.52%, 169, 40, 8, 28.32, 90212, 582
2147, 0, 218, 503, 303, 0, 23.52%, 169, 40, 8, 35.29, 90388, 582
2152, 0, 317, 503, 303, 0, 23.52%, 169, 40, 8, 38.83, 90569, 582
2157, 0, 162, 503, 303, 0, 23.52%, 169, 40, 8, 36.29, 90753, 582
2162, 0, 176, 504, 303, 0, 23.56%, 170, 40, 8, 28.65, 90909, 583
2167, 0, 63, 504, 303, 0, 23.56%, 170, 40, 8, 37.92, 91127, 583
2173, 0, 431, 504, 303, 0, 23.56%, 170, 40, 8, 29.12, 91273, 583
2178, 0, 392, 505, 304, 0, 23.56%, 170, 40, 8, 49.95, 91539, 583
2183, 0, 418, 507, 305, 1, 23.68%, 171, 40, 8, 77.35, 91954, 586
2188, 0, 470, 508, 304, 1, 23.76%, 172, 40, 8, 60.88, 92259, 588
2193, 0, 470, 512, 308, 1, 23.80%, 173, 40, 8, 44.97, 92431, 589
2198, 0, 470, 515, 311, 1, 23.88%, 174, 40, 8, 52.03, 92621, 591
2203, 0, 470, 517, 313, 1, 23.92%, 175, 40, 8, 45.06, 92834, 592
2208, 0, 470, 518, 314, 1, 23.96%, 176, 40, 8, 38.74, 93031, 593
2213, 0, 470, 518, 314, 1, 23.96%, 176, 40, 8, 41.33, 93238, 593
2218, 0, 470, 519, 315, 1, 23.96%, 176, 40, 8, 47.00, 93476, 593
2223, 0, 403, 519, 314, 4, 23.96%, 176, 40, 8, 50.17, 93737, 593
2229, 0, 39, 519, 313, 3, 23.96%, 176, 40, 8, 13.20, 93947, 593
2234, 0, 39, 519, 313, 3, 23.96%, 176, 40, 8, 30.75, 94128, 593
2239, 0, 515, 520, 312, 3, 23.96%, 176, 40, 8, 19.75, 94509, 593
2244, 0, 515, 520, 312, 3, 23.96%, 176, 40, 8, 32.24, 94685, 593
2249, 0, 509, 520, 311, 2, 23.96%, 176, 40, 8, 33.04, 94846, 593
2254, 0, 94, 520, 310, 1, 23.96%, 176, 40, 8, 30.99, 94995, 593
2259, 0, 220, 520, 309, 1, 23.96%, 176, 40, 8, 31.06, 95140, 593
2265, 0, 90, 520, 309, 1, 23.96%, 176, 40, 8, 40.51, 95357, 593
2270, 0, 315, 521, 308, 1, 24.00%, 177, 40, 8, 42.10, 95559, 594
2275, 0, 517, 521, 307, 1, 24.00%, 177, 40, 8, 42.55, 95776, 594
2280, 0, 517, 521, 307, 1, 24.00%, 177, 40, 8, 38.08, 95965, 594
2285, 0, 92, 521, 306, 0, 24.00%, 177, 40, 8, 38.35, 96135, 594
2290, 0, 368, 521, 305, 0, 24.00%, 177, 40, 8, 74.98, 96410, 594
2295, 0, 493, 521, 305, 0, 24.00%, 177, 40, 8, 37.54, 96736, 594
2300, 0, 387, 521, 305, 0, 24.00%, 177, 40, 8, 63.74, 97069, 594
2305, 0, 515, 521, 304, 0, 24.00%, 177, 40, 8, 47.68, 97278, 594
2310, 0, 387, 521, 304, 0, 24.00%, 177, 40, 8, 32.50, 97480, 594
2316, 0, 45, 521, 304, 0, 24.00%, 177, 40, 8, 25.56, 97790, 594
2321, 0, 51, 522, 305, 0, 24.00%, 177, 40, 8, 37.67, 97998, 594
2326, 0, 319, 523, 305, 0, 24.00%, 177, 40, 8, 42.42, 98206, 594
2331, 0, 107, 523, 304, 0, 24.00%, 177, 40, 8, 40.60, 98407, 594
2336, 0, 164, 523, 303, 0, 24.00%, 177, 40, 8, 22.84, 98540, 594
2341, 0, 164, 524, 304, 0, 24.12%, 178, 40, 8, 38.22, 98751, 597
2346, 0, 113, 524, 303, 0, 24.12%, 178, 40, 8, 41.49, 99078, 597
2351, 0, 46, 524, 303, 0, 24.12%, 178, 40, 8, 52.98, 99309, 597
2356, 0, 116, 524, 302, 0, 24.12%, 178, 40, 8, 39.88, 99502, 597
2361, 0, 379, 524, 302, 0, 24.12%, 178, 40, 8, 46.22, 99649, 597
2366, 0, 5, 524, 302, 0, 24.12%, 178, 40, 8, 48.07, 99897, 597
2371, 0, 361, 524, 302, 0, 24.12%, 178, 40, 8, 92.55, 100321, 597
2376, 0, 265, 524, 302, 0, 24.12%, 178, 40, 8, 56.73, 100590, 597
2382, 0, 126, 524, 302, 0, 24.12%, 178, 40, 8, 35.42, 100725, 597
2387, 0, 494, 524, 302, 0, 24.12%, 178, 40, 8, 38.91, 100915, 597
2392, 0, 494, 525, 303, 0, 24.12%, 178, 40, 8, 38.02, 101091, 597
2397, 0, 164, 525, 303, 0, 24.12%, 178, 40, 8, 35.62, 101256, 597
2402, 0, 471, 526, 304, 0, 24.12%, 178, 40, 8, 38.29, 101441, 597
2407, 0, 257, 526, 304, 0, 24.12%, 178, 40, 8, 31.07, 101584, 597
2412, 0, 360, 526, 304, 0, 24.12%, 178, 40, 8, 176.04, 101845, 597
2417, 0, 466, 526, 304, 0, 24.12%, 178, 40, 8, 32.40, 102118, 597
2422, 0, 240, 526, 304, 0, 24.12%, 178, 40, 8, 34.46, 102302, 597
2427, 0, 291, 526, 304, 0, 24.12%, 178, 40, 8, 38.26, 102481, 597
2433, 0, 471, 526, 304, 0, 24.12%, 178, 40, 8, 37.24, 102674, 597
2438, 0, 379, 526, 304, 0, 24.12%, 178, 40, 8, 42.95, 102876, 597
2443, 0, 183, 526, 304, 0, 24.12%, 178, 40, 8, 41.98, 103116, 597
2448, 0, 478, 526, 303, 0, 24.12%, 178, 40, 8, 41.02, 103327, 597
2453, 0, 218, 526, 303, 0, 24.12%, 178, 40, 8, 37.95, 103495, 597
2458, 0, 228, 526, 303, 0, 24.12%, 178, 40, 8, 38.37, 103657, 597
2463, 0, 284, 526, 303, 0, 24.12%, 178, 40, 8, 39.66, 103855, 597
2469, 0, 364, 526, 303, 0, 24.12%, 178, 40, 8, 57.45, 104123, 597
2474, 0, 252, 526, 303, 0, 24.12%, 178, 40, 8, 8.90, 104421, 597
2479, 0, 257, 527, 304, 0, 24.12%, 178, 40, 8, 59.66, 104706, 597
2484, 0, 257, 527, 304, 0, 24.12%, 178, 40, 8, 36.14, 104864, 597
2489, 0, 456, 527, 304, 0, 24.12%, 178, 41, 8, 68.88, 105106, 597
2494, 0, 202, 527, 304, 0, 24.12%, 178, 41, 8, 19.33, 105281, 597
2499, 0, 337, 527, 304, 0, 24.12%, 178, 41, 8, 22.45, 105370, 597
2504, 0, 337, 527, 304, 0, 24.12%, 178, 41, 8, 26.76, 105500, 597
2509, 0, 5, 527, 304, 0, 24.12%, 178, 41, 8, 43.65, 105746, 597
2515, 0, 267, 528, 305, 0, 24.12%, 178, 41, 8, 38.52, 105937, 597
2520, 0, 267, 529, 306, 0, 24.16%, 179, 41, 8, 33.77, 106084, 598
2525, 0, 528, 529, 305, 0, 24.16%, 179, 41, 8, 27.66, 106204, 598
2530, 0, 528, 529, 305, 0, 24.16%, 179, 41, 8, 25.93, 106324, 598
2535, 0, 97, 529, 305, 0, 24.16%, 179, 41, 8, 28.18, 106470, 598
2540, 0, 236, 529, 305, 0, 24.16%, 179, 41, 8, 32.80, 106631, 598
2545, 0, 192, 529, 305, 0, 24.16%, 179, 41, 8, 37.40, 106806, 598
2550, 0, 192, 529, 305, 0, 24.16%, 179, 41, 8, 38.18, 106982, 598
2555, 0, 24, 530, 305, 0, 24.16%, 179, 41, 8, 35.73, 107157, 598
2560, 0, 499, 530, 305, 0, 24.16%, 179, 41, 8, 40.48, 107341, 598
2566, 0, 189, 530, 305, 0, 24.16%, 179, 41, 8, 46.65, 107563, 598
2571, 0, 507, 530, 305, 0, 24.16%, 179, 41, 8, 56.03, 107825, 598
2576, 0, 265, 531, 305, 0, 24.24%, 180, 41, 9, 15.63, 108062, 600
2581, 0, 265, 531, 305, 0, 24.24%, 180, 41, 9, 24.08, 108190, 600
2586, 0, 403, 531, 305, 0, 24.24%, 180, 41, 9, 41.35, 108404, 600
2591, 0, 265, 531, 305, 0, 24.24%, 180, 41, 9, 32.30, 108553, 600
2596, 0, 219, 531, 305, 0, 24.24%, 180, 41, 9, 29.86, 108682, 600
2601, 0, 361, 531, 305, 0, 24.24%, 180, 41, 9, 50.36, 108918, 600
2606, 0, 528, 531, 305, 0, 24.24%, 180, 41, 9, 46.79, 109192, 600
2611, 0, 392, 531, 305, 0, 24.24%, 180, 41, 9, 50.97, 109407, 600
2617, 0, 471, 531, 305, 0, 24.24%, 180, 41, 9, 42.19, 109632, 600
2622, 0, 520, 531, 305, 0, 24.24%, 180, 41, 9, 38.33, 109792, 600
2627, 0, 426, 531, 305, 0, 24.24%, 180, 41, 9, 30.80, 109939, 600
2632, 0, 426, 531, 305, 0, 24.24%, 180, 41, 9, 33.39, 110110, 600
2637, 0, 219, 531, 305, 0, 24.24%, 180, 41, 9, 36.85, 110282, 600
2642, 0, 164, 531, 305, 0, 24.24%, 180, 41, 9, 44.36, 110417, 600
2648, 0, 431, 531, 305, 0, 24.24%, 180, 41, 9, 47.12, 110636, 600
2653, 0, 218, 531, 305, 0, 24.24%, 180, 41, 9, 43.40, 110861, 600
2658, 0, 110, 531, 305, 0, 24.24%, 180, 41, 9, 49.54, 110974, 600
2663, 0, 110, 531, 305, 0, 24.24%, 180, 41, 9, 37.36, 111136, 600
2668, 0, 425, 531, 304, 0, 24.24%, 180, 41, 9, 31.70, 111302, 600
2673, 0, 494, 532, 305, 0, 24.24%, 180, 41, 9, 41.79, 111511, 600
2678, 0, 24, 532, 305, 0, 24.24%, 180, 41, 9, 38.08, 111690, 600
2683, 0, 442, 532, 305, 0, 24.24%, 180, 41, 9, 74.13, 111897, 600
2688, 0, 482, 532, 305, 0, 24.24%, 180, 41, 9, 40.66, 112113, 600
2693, 0, 347, 532, 305, 0, 24.24%, 180, 41, 9, 41.03, 112327, 600
2699, 0, 482, 534, 307, 0, 24.40%, 180, 42, 9, 18.08, 112523, 604
2704, 0, 482, 535, 308, 0, 24.40%, 180, 42, 9, 24.66, 112643, 604
2709, 0, 425, 536, 309, 0, 24.40%, 180, 42, 9, 27.78, 112770, 604
2714, 0, 425, 536, 309, 0, 24.40%, 180, 42, 9, 30.14, 112925, 604
2719, 0, 169, 537, 309, 0, 24.40%, 180, 42, 9, 57.82, 113263, 604
2724, 0, 169, 540, 312, 0, 24.40%, 180, 42, 9, 38.26, 113390, 604
2730, 0, 203, 540, 312, 0, 24.40%, 180, 42, 9, 36.18, 113565, 604
2735, 0, 385, 540, 312, 0, 24.40%, 180, 42, 9, 79.66, 113952, 604
2740, 0, 150, 540, 312, 0, 24.40%, 180, 42, 9, 35.42, 114210, 604
2745, 0, 109, 540, 311, 0, 24.40%, 180, 42, 9, 28.52, 114353, 604
2750, 0, 224, 540, 311, 0, 24.40%, 180, 42, 9, 33.55, 114518, 604
2755, 0, 219, 540, 310, 0, 24.40%, 180, 42, 9, 54.46, 114648, 604
2760, 0, 493, 540, 310, 0, 24.40%, 180, 42, 9, 46.33, 114850, 604
2765, 0, 189, 541, 310, 0, 24.44%, 181, 42, 9, 44.17, 115062, 605
2770, 0, 343, 541, 310, 0, 24.44%, 181, 42, 9, 40.96, 115255, 605
2776, 0, 343, 541, 310, 0, 24.44%, 181, 42, 9, 43.08, 115439, 605
2781, 0, 194, 541, 310, 0, 24.44%, 181, 42, 9, 35.00, 115615, 605
2786, 0, 86, 541, 310, 0, 24.44%, 181, 42, 9, 39.68, 115794, 605
2791, 0, 438, 541, 309, 0, 24.44%, 181, 42, 9, 49.87, 116103, 605
2796, 0, 438, 541, 309, 0, 24.44%, 181, 42, 9, 34.08, 116243, 605
2801, 0, 494, 541, 309, 0, 24.44%, 181, 42, 9, 37.77, 116431, 605
2806, 0, 379, 541, 309, 0, 24.44%, 181, 42, 9, 41.29, 116607, 605
2811, 0, 517, 541, 309, 0, 24.44%, 181, 42, 9, 42.21, 116831, 605
2817, 0, 335, 541, 309, 0, 24.44%, 181, 42, 9, 31.55, 116986, 605
2822, 0, 335, 541, 309, 0, 24.44%, 181, 42, 9, 30.24, 117127, 605
2827, 0, 118, 541, 309, 0, 24.44%, 181, 42, 9, 9.77, 117215, 605
2833, 0, 471, 542, 310, 0, 24.44%, 181, 42, 9, 29.28, 117394, 605
2838, 0, 471, 542, 310, 0, 24.44%, 181, 42, 9, 31.11, 117553, 605
2843, 0, 450, 542, 310, 0, 24.44%, 181, 42, 9, 61.59, 117814, 605
2848, 0, 5, 543, 311, 0, 24.44%, 181, 42, 9, 57.75, 118143, 605
2853, 0, 84, 543, 311, 0, 24.44%, 181, 42, 9, 2.99, 118352, 605
2858, 0, 118, 545, 313, 0, 24.44%, 181, 42, 9, 6.87, 118691, 605
2863, 0, 118, 546, 314, 0, 24.48%, 182, 42, 9, 24.75, 118832, 606
2868, 0, 179, 546, 313, 0, 24.48%, 182, 42, 9, 29.19, 118992, 606
2873, 0, 189, 546, 313, 0, 24.48%, 182, 42, 9, 27.36, 119132, 606
2879, 0, 436, 546, 313, 0, 24.48%, 182, 42, 9, 3.41, 119329, 606
2884, 0, 436, 546, 313, 0, 24.48%, 182, 42, 9, 6.33, 119487, 606
2889, 0, 288, 546, 313, 0, 24.48%, 182, 42, 9, 51.40, 119794, 606
2894, 0, 5, 546, 313, 0, 24.48%, 182, 42, 9, 44.84, 120011, 606
2899, 0, 459, 547, 314, 0, 24.48%, 182, 42, 9, 60.81, 120309, 606
2904, 0, 505, 550, 317, 0, 24.57%, 184, 42, 9, 79.77, 120727, 608
2909, 0, 505, 551, 318, 0, 24.57%, 184, 42, 9, 72.12, 121114, 608
2914, 0, 313, 551, 317, 2, 24.57%, 184, 42, 9, 51.09, 121357, 608
2920, 0, 549, 552, 317, 2, 24.57%, 184, 42, 9, 54.88, 121629, 608
2925, 0, 99, 553, 316, 1, 24.57%, 184, 42, 9, 28.17, 121856, 608
2930, 0, 99, 553, 316, 1, 24.57%, 184, 42, 9, 29.09, 122010, 608
2935, 0, 226, 553, 315, 1, 24.57%, 184, 42, 9, 36.78, 122202, 608
2940, 0, 83, 553, 315, 1, 24.57%, 184, 42, 9, 46.90, 122396, 608
2945, 0, 8, 554, 316, 1, 24.57%, 184, 42, 9, 38.02, 122561, 608
2950, 0, 439, 554, 315, 1, 24.57%, 184, 42, 9, 42.13, 122746, 608
2955, 0, 475, 554, 315, 1, 24.57%, 184, 42, 9, 44.20, 122925, 608
2961, 0, 317, 554, 314, 1, 24.57%, 184, 42, 9, 39.31, 123095, 608
2966, 0, 317, 554, 314, 1, 24.57%, 184, 42, 9, 44.78, 123265, 608
2971, 0, 73, 554, 314, 1, 24.57%, 184, 42, 9, 46.08, 123459, 608
2976, 0, 256, 554, 313, 1, 24.57%, 184, 42, 9, 41.71, 123659, 608
2981, 0, 269, 554, 312, 1, 24.57%, 184, 42, 9, 37.96, 123837, 608
2986, 0, 145, 554, 312, 1, 24.57%, 184, 42, 9, 8.80, 124000, 608
2991, 0, 401, 554, 311, 1, 24.57%, 184, 42, 9, 42.24, 124209, 608
2997, 0, 427, 554, 311, 1, 24.57%, 184, 42, 9, 50.19, 124521, 608
3002, 0, 506, 554, 310, 1, 24.57%, 184, 42, 9, 49.31, 124816, 608
3007, 0, 143, 556, 310, 0, 24.61%, 185, 42, 9, 48.92, 125085, 609
3012, 0, 528, 556, 309, 0, 24.61%, 185, 42, 9, 70.49, 125409, 609
3017, 0, 528, 556, 309, 0, 24.61%, 185, 42, 9, 22.96, 125567, 609
3022, 0, 293, 557, 310, 0, 24.61%, 185, 42, 9, 62.41, 125992, 609
3027, 0, 450, 557, 310, 0, 24.61%, 185, 42, 9, 80.63, 126390, 609
3032, 0, 472, 557, 310, 0, 24.61%, 185, 42, 9, 59.90, 126693, 609
3037, 0, 414, 557, 309, 0, 24.61%, 185, 42, 9, 53.50, 126935, 609
3043, 0, 476, 557, 309, 0, 24.61%, 185, 42, 9, 69.23, 127296, 609
3048, 0, 476, 558, 310, 0, 24.61%, 185, 42, 9, 52.63, 127517, 609
3053, 0, 458, 558, 309, 0, 24.61%, 185, 42, 9, 37.96, 127682, 609
3058, 0, 458, 558, 309, 0, 24.61%, 185, 42, 9, 35.07, 127861, 609
3063, 0, 474, 558, 309, 0, 24.61%, 185, 42, 9, 44.70, 128023, 609
3068, 0, 474, 558, 309, 0, 24.61%, 185, 42, 9, 33.91, 128164, 609
3073, 0, 257, 558, 308, 0, 24.61%, 185, 42, 9, 92.55, 128686, 609
3078, 0, 257, 558, 308, 0, 24.61%, 185, 42, 9, 21.49, 128809, 609
3083, 0, 458, 558, 308, 0, 24.61%, 185, 42, 9, 15.40, 128993, 609
3089, 0, 120, 558, 308, 0, 24.61%, 185, 42, 9, 32.42, 129163, 609
3094, 0, 63, 558, 307, 0, 24.61%, 185, 42, 9, 35.59, 129331, 609
3099, 0, 506, 558, 307, 0, 24.61%, 185, 42, 9, 27.51, 129479, 609
3104, 0, 160, 558, 307, 0, 24.61%, 185, 42, 9, 52.16, 129776, 609
3109, 0, 160, 558, 307, 0, 24.61%, 185, 42, 9, 40.51, 129944, 609
3114, 0, 343, 558, 306, 0, 24.61%, 185, 42, 9, 40.93, 130147, 609
3119, 0, 316, 560, 308, 0, 24.61%, 186, 42, 9, 28.97, 130282, 609
3124, 0, 528, 560, 307, 0, 24.61%, 186, 42, 9, 29.74, 130437, 609
3129, 0, 528, 560, 307, 0, 24.61%, 186, 42, 9, 28.56, 130577, 609
3135, 0, 515, 560, 307, 0, 24.61%, 186, 42, 9, 42.07, 130749, 609
3140, 0, 414, 560, 307, 0, 24.61%, 186, 42, 9, 50.99, 130999, 609
3145, 0, 528, 560, 307, 0, 24.61%, 186, 42, 9, 15.01, 131148, 609
3150, 0, 412, 560, 307, 0, 24.61%, 186, 42, 9, 117.26, 131345, 609
3155, 0, 150, 560, 307, 0, 24.61%, 186, 42, 9, 24.25, 131549, 609
3160, 0, 523, 560, 307, 0, 24.61%, 186, 42, 9, 27.49, 131732, 609
3165, 0, 365, 560, 307, 0, 24.61%, 186, 42, 9, 36.55, 131881, 609
3170, 0, 63, 560, 306, 0, 24.61%, 186, 42, 9, 24.39, 132235, 609
3175, 0, 10, 560, 306, 0, 24.61%, 186, 42, 9, 22.57, 132393, 609
3180, 0, 451, 560, 306, 0, 24.61%, 186, 42, 9, 31.97, 132544, 609
3185, 0, 384, 560, 306, 0, 24.61%, 186, 42, 9, 49.64, 132787, 609
3191, 0, 528, 560, 306, 0, 24.61%, 186, 42, 9, 17.47, 133079, 609
3196, 0, 383, 560, 306, 0, 24.61%, 186, 42, 9, 56.09, 133341, 609
3201, 0, 123, 561, 307, 0, 24.61%, 186, 42, 9, 17.37, 133556, 609
3206, 0, 466, 561, 307, 0, 24.61%, 186, 42, 9, 26.07, 133689, 609
3211, 0, 141, 561, 307, 0, 24.61%, 186, 42, 9, 34.29, 133860, 609
3216, 0, 141, 561, 307, 0, 24.61%, 186, 42, 9, 24.27, 133969, 609
3221, 0, 141, 561, 307, 0, 24.61%, 186, 42, 9, 17.38, 134042, 609
3227, 0, 45, 561, 307, 0, 24.61%, 186, 42, 9, 33.66, 134214, 609
3232, 0, 316, 561, 307, 0, 24.61%, 186, 42, 9, 42.56, 134574, 609
3237, 0, 438, 561, 307, 0, 24.61%, 186, 42, 9, 34.74, 134743, 609
3242, 0, 438, 561, 307, 0, 24.61%, 186, 42, 9, 19.26, 134855, 609
3247, 0, 5, 561, 307, 0, 24.61%, 186, 42, 9, 33.89, 135048, 609
3252, 0, 220, 561, 307, 0, 24.61%, 186, 42, 9, 40.05, 135246, 609
3257, 0, 515, 561, 307, 0, 24.61%, 186, 42, 9, 53.82, 135563, 609
3263, 0, 515, 561, 307, 0, 24.61%, 186, 42, 9, 22.12, 135694, 609
3268, 0, 438, 561, 307, 0, 24.61%, 186, 42, 9, 24.05, 135817, 609
3273, 0, 355, 561, 307, 0, 24.61%, 186, 42, 9, 42.49, 135999, 609
3278, 0, 476, 561, 307, 0, 24.61%, 186, 42, 9, 27.88, 136250, 609
3283, 0, 496, 561, 307, 0, 24.61%, 186, 42, 9, 45.85, 136515, 609
3288, 0, 45, 561, 307, 0, 24.61%, 186, 42, 9, 42.09, 136726, 609
3293, 0, 240, 561, 307, 0, 24.61%, 186, 42, 9, 34.56, 136897, 609
3298, 0, 150, 561, 307, 0, 24.61%, 186, 42, 9, 48.74, 137106, 609
3303, 0, 462, 561, 307, 0, 24.61%, 186, 42, 9, 33.67, 137250, 609
3308, 0, 462, 561, 307, 0, 24.61%, 186, 42, 9, 30.81, 137386, 609
3313, 0, 462, 561, 307, 0, 24.61%, 186, 42, 9, 26.33, 137503, 609
3319, 0, 257, 561, 307, 0, 24.61%, 186, 42, 9, 30.75, 137670, 609
3324, 0, 179, 561, 307, 0, 24.61%, 186, 42, 9, 38.76, 137865, 609
3329, 0, 355, 561, 307, 0, 24.61%, 186, 43, 9, 42.49, 138016, 609
3334, 0, 498, 561, 307, 0, 24.61%, 186, 43, 9, 61.24, 138316, 609
3339, 0, 185, 561, 307, 0, 24.61%, 186, 43, 9, 38.65, 138491, 609
3344, 0, 215, 561, 307, 0, 24.61%, 186, 43, 9, 22.12, 138635, 609
3349, 0, 509, 563, 309, 0, 24.65%, 187, 43, 9, 40.52, 138801, 610
3354, 0, 509, 564, 310, 0, 24.65%, 187, 43, 9, 39.16, 138979, 610
3359, 0, 424, 564, 309, 0, 24.65%, 187, 43, 9, 43.83, 139190, 610
3365, 0, 257, 564, 308, 0, 24.65%, 187, 43, 9, 35.23, 139349, 610
3370, 0, 372, 564, 308, 0, 24.65%, 187, 43, 9, 35.54, 139512, 610
3375, 0, 368, 564, 308, 0, 24.65%, 187, 43, 9, 36.53, 139634, 610
3380, 0, 179, 564, 308, 0, 24.65%, 187, 43, 9, 20.08, 139986, 610
3385, 0, 5, 565, 309, 0, 24.65%, 187, 43, 9, 42.11, 140218, 610
3390, 0, 5, 565, 309, 0, 24.65%, 187, 43, 9, 45.54, 140444, 610
