# relative_time, cycles_done, cur_item, corpus_count, pending_total, pending_favs, map_size, saved_crashes, saved_hangs, max_depth, execs_per_sec, total_execs, edges_found
61, 0, 0, 38, 38, 1, 35.71%, 7, 2, 2, 440.52, 22618, 80
66, 0, 0, 39, 39, 1, 35.71%, 7, 2, 2, 460.15, 24997, 80
72, 0, 0, 43, 43, 1, 35.71%, 7, 2, 2, 64.70, 25328, 80
77, 0, 0, 45, 45, 1, 35.71%, 7, 2, 2, 86.31, 25791, 80
82, 0, 24, 49, 44, 9, 35.71%, 8, 2, 3, 185.83, 26882, 80
87, 0, 23, 52, 42, 5, 35.71%, 9, 2, 3, 27.21, 28012, 80
94, 0, 28, 55, 44, 4, 35.71%, 10, 2, 3, 2.80, 28591, 80
99, 0, 14, 55, 41, 1, 35.71%, 10, 2, 3, 117.84, 29330, 80
106, 0, 14, 57, 43, 1, 35.71%, 10, 2, 3, 7.51, 29558, 80
129, 0, 14, 58, 44, 1, 35.71%, 10, 2, 3, 0.39, 29737, 80
223, 0, 14, 60, 46, 1, 35.71%, 10, 2, 3, 0.15, 29762, 80
228, 0, 14, 60, 46, 1, 35.71%, 10, 2, 3, 8.16, 29917, 80
233, 0, 14, 60, 46, 1, 35.71%, 10, 2, 3, 32.06, 30011, 80
238, 0, 14, 60, 46, 1, 35.71%, 10, 2, 3, 25.48, 30115, 80
243, 0, 28, 60, 45, 0, 35.71%, 10, 2, 3, 28.94, 30190, 80
249, 0, 28, 60, 45, 0, 35.71%, 10, 2, 3, 3.65, 30203, 80
254, 0, 28, 60, 45, 0, 35.71%, 10, 2, 3, 1.50, 30213, 80
259, 0, 28, 60, 45, 0, 35.71%, 10, 2, 3, 2.58, 30227, 80
264, 0, 28, 60, 45, 0, 35.71%, 10, 2, 3, 3.15, 30238, 80
269, 0, 28, 60, 45, 0, 35.71%, 10, 2, 3, 7.12, 30256, 80
275, 0, 28, 60, 45, 0, 35.71%, 10, 2, 3, 1.94, 30260, 80
280, 0, 28, 60, 45, 0, 35.71%, 10, 2, 3, 6.81, 30308, 80
285, 0, 7, 60, 45, 0, 35.71%, 10, 2, 3, 25.60, 30527, 80
290, 0, 7, 60, 45, 0, 35.71%, 10, 2, 3, 29.38, 30687, 80
295, 0, 45, 60, 45, 0, 35.71%, 10, 2, 3, 35.44, 30843, 80
300, 0, 25, 60, 45, 0, 35.71%, 10, 2, 3, 14.97, 31106, 80
306, 0, 25, 60, 45, 0, 35.71%, 10, 2, 3, 15.08, 31223, 80
311, 0, 25, 60, 44, 0, 35.71%, 10, 2, 3, 39.91, 31409, 80
316, 0, 28, 60, 44, 0, 35.71%, 10, 2, 3, 45.54, 31700, 80
321, 0, 28, 60, 44, 0, 35.71%, 10, 2, 3, 36.19, 31874, 80
660, 0, 5, 61, 45, 0, 35.71%, 10, 2, 3, 0.03, 32280, 80
665, 0, 35, 64, 47, 0, 35.71%, 11, 2, 3, 248.57, 33194, 80
670, 0, 46, 67, 49, 0, 35.71%, 11, 2, 3, 199.47, 34008, 80
675, 0, 33, 71, 51, 0, 35.71%, 11, 2, 4, 210.87, 35110, 80
680, 0, 18, 73, 52, 0, 35.71%, 11, 2, 4, 322.95, 36654, 80
685, 0, 2, 75, 54, 0, 35.71%, 11, 2, 4, 353.53, 38414, 80
690, 0, 14, 75, 53, 0, 35.71%, 11, 2, 4, 369.18, 40366, 80
696, 0, 67, 75, 53, 0, 35.71%, 11, 2, 4, 378.48, 42133, 80
701, 0, 67, 76, 54, 0, 35.71%, 11, 2, 5, 256.17, 43950, 80
706, 0, 67, 76, 54, 0, 35.71%, 11, 2, 5, 300.20, 45395, 80
711, 0, 31, 77, 54, 0, 35.71%, 11, 2, 5, 301.29, 46807, 80
716, 0, 19, 78, 55, 0, 35.71%, 11, 2, 5, 432.87, 48305, 80
721, 0, 34, 78, 53, 0, 35.71%, 11, 2, 5, 379.96, 50103, 80
726, 0, 67, 79, 53, 0, 35.71%, 11, 2, 5, 341.87, 51570, 80
731, 0, 67, 79, 53, 0, 35.71%, 11, 2, 5, 313.25, 53641, 80
737, 0, 70, 80, 52, 0, 35.71%, 11, 2, 5, 340.33, 55452, 80
742, 0, 71, 81, 50, 0, 36.16%, 11, 2, 5, 311.70, 56773, 81
747, 0, 7, 83, 50, 0, 36.61%, 12, 2, 5, 327.62, 58273, 82
752, 1, 4, 84, 51, 0, 36.61%, 12, 2, 5, 455.45, 59677, 82
758, 1, 77, 84, 50, 0, 36.61%, 12, 2, 5, 315.50, 61421, 82
763, 1, 81, 87, 52, 0, 37.05%, 12, 2, 6, 24.39, 62716, 83
768, 1, 81, 87, 51, 0, 37.05%, 12, 2, 6, 328.51, 64270, 83
773, 1, 17, 89, 52, 0, 37.05%, 12, 2, 6, 59.68, 65785, 83
778, 1, 5, 89, 50, 0, 37.05%, 12, 2, 6, 419.58, 67633, 83
784, 1, 86, 89, 49, 0, 37.05%, 12, 2, 6, 402.44, 69722, 83
789, 1, 81, 90, 49, 0, 38.84%, 12, 2, 6, 217.82, 70991, 87
794, 1, 15, 91, 49, 0, 38.84%, 12, 2, 6, 343.92, 72561, 87
799, 1, 89, 92, 50, 0, 38.84%, 12, 2, 6, 245.74, 73763, 87
804, 1, 30, 94, 52, 0, 38.84%, 12, 2, 6, 302.72, 74649, 87
809, 1, 91, 94, 52, 0, 38.84%, 12, 2, 6, 321.58, 76085, 87
814, 1, 89, 94, 49, 0, 38.84%, 12, 2, 6, 349.41, 77845, 87
819, 1, 28, 94, 48, 0, 38.84%, 12, 2, 6, 304.52, 79673, 87
825, 1, 30, 94, 47, 0, 38.84%, 12, 2, 6, 336.59, 81451, 87
830, 1, 30, 94, 47, 0, 38.84%, 12, 2, 6, 331.08, 82977, 87
835, 1, 14, 94, 47, 0, 38.84%, 12, 2, 6, 374.19, 84841, 87
840, 1, 5, 94, 47, 0, 38.84%, 12, 2, 6, 388.95, 86683, 87
845, 1, 70, 94, 47, 0, 38.84%, 12, 2, 6, 386.39, 88654, 87
850, 1, 67, 94, 47, 0, 38.84%, 12, 2, 6, 386.51, 90480, 87
855, 1, 34, 94, 47, 0, 38.84%, 12, 2, 6, 364.08, 92162, 87
860, 1, 79, 95, 48, 0, 38.84%, 12, 2, 6, 360.51, 93904, 87
865, 1, 89, 95, 47, 0, 38.84%, 12, 2, 6, 376.83, 95706, 87
870, 1, 14, 95, 47, 0, 38.84%, 12, 2, 6, 380.09, 97514, 87
875, 2, 5, 96, 48, 0, 38.84%, 12, 2, 6, 296.95, 98653, 87
880, 2, 89, 98, 50, 0, 38.84%, 12, 2, 6, 47.12, 99614, 87
886, 2, 34, 99, 51, 0, 38.84%, 12, 2, 6, 47.02, 100821, 87
891, 2, 30, 100, 52, 0, 38.84%, 12, 2, 6, 442.79, 102079, 87
896, 2, 14, 100, 52, 0, 38.84%, 12, 2, 6, 430.36, 104189, 87
901, 2, 67, 100, 52, 0, 38.84%, 12, 2, 6, 448.23, 106360, 87
906, 2, 34, 101, 53, 0, 38.84%, 12, 2, 6, 517.41, 107213, 87
911, 2, 30, 101, 53, 0, 38.84%, 12, 2, 6, 352.73, 109287, 87
916, 2, 14, 102, 54, 0, 38.84%, 12, 2, 6, 38.52, 110804, 87
921, 2, 89, 102, 54, 0, 38.84%, 12, 2, 6, 432.87, 112403, 87
926, 2, 34, 102, 54, 0, 38.84%, 12, 2, 6, 423.18, 114493, 87
932, 2, 89, 102, 54, 0, 38.84%, 12, 2, 6, 436.66, 116628, 87
937, 2, 14, 102, 54, 0, 38.84%, 12, 2, 6, 512.31, 119212, 87
942, 2, 34, 102, 54, 0, 38.84%, 12, 2, 6, 380.10, 121216, 87
947, 2, 34, 102, 54, 0, 38.84%, 12, 2, 6, 438.68, 123416, 87
952, 2, 11, 102, 54, 0, 38.84%, 12, 2, 6, 484.40, 125788, 87
957, 2, 0, 102, 53, 0, 38.84%, 12, 2, 6, 415.29, 127722, 87
962, 2, 67, 102, 53, 0, 38.84%, 12, 2, 6, 282.39, 129490, 87
967, 2, 34, 102, 53, 0, 38.84%, 12, 2, 6, 448.27, 131826, 87
972, 2, 14, 102, 52, 0, 38.84%, 12, 2, 6, 462.52, 134082, 87
978, 2, 34, 102, 52, 0, 38.84%, 12, 2, 6, 435.66, 136196, 87
983, 3, 18, 102, 52, 0, 38.84%, 12, 2, 6, 440.14, 138313, 87
988, 3, 89, 102, 52, 0, 38.84%, 12, 2, 6, 454.13, 140500, 87
993, 3, 21, 102, 51, 0, 38.84%, 12, 2, 6, 505.62, 142952, 87
998, 3, 14, 103, 51, 0, 38.84%, 12, 2, 6, 363.02, 144782, 87
1003, 3, 7, 103, 50, 0, 38.84%, 12, 2, 6, 453.98, 147216, 87
1009, 3, 34, 103, 49, 0, 38.84%, 12, 2, 6, 470.14, 149677, 87
1014, 3, 2, 104, 50, 0, 38.84%, 12, 2, 6, 162.42, 151234, 87
1019, 3, 67, 105, 50, 0, 38.84%, 12, 2, 6, 360.82, 153494, 87
1024, 3, 30, 105, 50, 0, 38.84%, 12, 2, 6, 413.62, 155552, 87
1029, 3, 65, 105, 50, 0, 38.84%, 12, 2, 6, 458.07, 157921, 87
1034, 3, 2, 105, 49, 0, 38.84%, 12, 2, 6, 454.27, 160158, 87
1039, 3, 13, 105, 49, 0, 38.84%, 12, 2, 6, 442.81, 162359, 87
1045, 3, 34, 105, 49, 0, 38.84%, 12, 2, 6, 440.23, 164700, 87
1050, 3, 13, 105, 48, 0, 38.84%, 12, 2, 6, 422.88, 166846, 87
1055, 3, 14, 105, 48, 0, 38.84%, 12, 2, 6, 409.25, 168931, 87
1060, 3, 67, 105, 48, 0, 38.84%, 12, 2, 6, 391.14, 170867, 87
1065, 3, 0, 105, 48, 0, 38.84%, 12, 2, 6, 411.24, 173016, 87
1070, 3, 95, 106, 49, 0, 38.84%, 12, 2, 6, 373.30, 174714, 87
1075, 3, 81, 106, 48, 0, 38.84%, 12, 2, 6, 379.75, 176737, 87
1080, 3, 14, 106, 48, 0, 38.84%, 12, 2, 6, 413.26, 178812, 87
1086, 4, 2, 106, 48, 0, 38.84%, 12, 2, 6, 422.92, 180940, 87
1091, 4, 41, 106, 48, 0, 38.84%, 12, 2, 6, 419.46, 183106, 87
1096, 4, 89, 107, 48, 0, 38.84%, 12, 2, 6, 219.27, 184270, 87
1101, 4, 89, 107, 47, 0, 38.84%, 12, 2, 6, 328.01, 186109, 87
1106, 4, 14, 107, 47, 0, 38.84%, 12, 2, 6, 386.62, 188060, 87
1111, 4, 14, 107, 47, 0, 38.84%, 12, 2, 6, 461.11, 190524, 87
1116, 4, 2, 107, 47, 0, 38.84%, 13, 2, 6, 409.15, 192557, 87
1121, 4, 34, 107, 47, 0, 38.84%, 13, 2, 6, 284.50, 194547, 87
1126, 4, 34, 107, 47, 0, 38.84%, 13, 2, 6, 422.22, 196813, 87
1131, 4, 30, 107, 47, 0, 38.84%, 13, 2, 6, 450.29, 199123, 87
1136, 4, 89, 109, 49, 0, 51.79%, 13, 2, 6, 164.25, 200872, 116
1142, 4, 107, 110, 49, 1, 52.23%, 14, 2, 6, 408.08, 203050, 117
1147, 4, 107, 111, 50, 1, 52.23%, 14, 2, 6, 501.72, 205300, 117
1152, 4, 107, 111, 50, 1, 52.23%, 14, 2, 6, 436.65, 207506, 117
1157, 4, 107, 112, 51, 1, 52.23%, 14, 2, 6, 269.50, 208801, 117
1162, 4, 107, 112, 51, 1, 52.23%, 14, 2, 6, 348.51, 210606, 117
1167, 4, 110, 112, 49, 1, 52.23%, 14, 2, 6, 328.79, 212054, 117
1172, 4, 110, 112, 49, 1, 52.23%, 14, 2, 6, 363.15, 213929, 117
1178, 4, 110, 112, 49, 1, 52.23%, 14, 2, 6, 373.83, 215838, 117
1183, 4, 110, 112, 48, 0, 52.23%, 14, 2, 6, 389.62, 217767, 117
1188, 4, 110, 112, 48, 0, 52.23%, 15, 2, 6, 380.14, 219664, 117
1193, 4, 110, 112, 48, 0, 52.23%, 15, 2, 6, 456.52, 221376, 117
1198, 4, 110, 112, 48, 0, 52.23%, 15, 2, 6, 101.18, 223101, 117
1203, 4, 110, 113, 49, 0, 52.23%, 15, 2, 6, 170.00, 223622, 117
1208, 4, 110, 113, 49, 0, 52.23%, 15, 2, 6, 205.22, 225510, 117
1213, 4, 113, 114, 50, 1, 53.12%, 15, 2, 6, 248.10, 226623, 119
1218, 4, 108, 114, 49, 0, 53.12%, 15, 2, 6, 283.73, 228157, 119
1224, 4, 110, 114, 49, 0, 53.12%, 15, 2, 6, 351.46, 230040, 119
1229, 4, 110, 115, 49, 0, 54.02%, 15, 2, 6, 317.69, 231685, 121
1234, 4, 110, 116, 50, 0, 54.02%, 15, 2, 6, 155.42, 232462, 121
1239, 4, 110, 116, 50, 0, 54.02%, 15, 2, 6, 302.96, 234220, 121
1244, 4, 108, 116, 50, 0, 54.02%, 15, 2, 6, 335.24, 236038, 121
1249, 4, 116, 117, 51, 1, 54.91%, 15, 2, 6, 219.68, 236578, 123
1254, 4, 108, 117, 50, 0, 54.91%, 15, 2, 6, 243.75, 237862, 123
1259, 4, 116, 117, 50, 0, 54.91%, 15, 2, 6, 283.27, 239483, 123
1265, 4, 14, 117, 50, 0, 54.91%, 15, 2, 6, 331.11, 241246, 123
1270, 4, 110, 117, 50, 0, 54.91%, 15, 2, 6, 320.89, 242975, 123
1275, 4, 114, 118, 51, 0, 55.36%, 15, 2, 7, 200.16, 244543, 124
1280, 4, 110, 118, 50, 0, 55.36%, 15, 2, 7, 298.43, 246309, 124
1285, 4, 18, 118, 50, 0, 55.36%, 15, 2, 7, 343.64, 248160, 124
1290, 4, 113, 118, 50, 0, 55.36%, 15, 2, 7, 290.41, 249706, 124
1295, 4, 2, 118, 50, 0, 55.36%, 15, 2, 7, 347.82, 251648, 124
1300, 5, 110, 118, 50, 0, 55.36%, 15, 2, 7, 351.17, 253577, 124
1305, 5, 110, 118, 50, 0, 55.36%, 15, 2, 7, 358.68, 255439, 124
1310, 5, 30, 118, 50, 0, 55.36%, 15, 2, 7, 363.59, 257426, 124
1316, 5, 108, 118, 50, 0, 55.36%, 15, 2, 7, 207.76, 259000, 124
1321, 5, 34, 118, 50, 0, 55.36%, 15, 2, 7, 350.29, 261083, 124
1326, 5, 10, 118, 50, 0, 55.36%, 15, 2, 7, 325.25, 262785, 124
1331, 5, 108, 118, 48, 0, 55.36%, 15, 2, 7, 59.83, 264599, 124
1336, 5, 108, 118, 48, 0, 55.36%, 15, 2, 7, 89.97, 266341, 124
1341, 5, 2, 118, 48, 0, 55.36%, 15, 2, 7, 301.02, 268226, 124
1346, 5, 67, 118, 47, 0, 55.36%, 15, 2, 7, 423.61, 270589, 124
1351, 5, 108, 118, 47, 0, 55.36%, 15, 2, 7, 118.88, 272648, 124
1357, 5, 110, 118, 47, 0, 55.36%, 15, 2, 7, 314.07, 274546, 124
1362, 5, 108, 118, 47, 0, 55.36%, 15, 2, 7, 343.36, 276416, 124
1367, 5, 34, 118, 47, 0, 55.36%, 15, 2, 7, 400.31, 278593, 124
1372, 5, 108, 118, 47, 0, 55.36%, 15, 2, 7, 83.93, 280141, 124
1377, 5, 67, 118, 47, 0, 55.36%, 15, 2, 7, 317.31, 282133, 124
1382, 5, 14, 118, 47, 0, 55.36%, 15, 2, 7, 358.19, 284133, 124
1387, 5, 109, 118, 47, 0, 55.36%, 15, 2, 7, 306.89, 285795, 124
1392, 5, 110, 118, 47, 0, 55.36%, 15, 2, 7, 331.29, 287503, 124
1398, 5, 110, 118, 47, 0, 55.36%, 15, 2, 7, 352.56, 289401, 124
1403, 5, 108, 118, 47, 0, 55.36%, 15, 2, 7, 335.68, 291175, 124
1408, 5, 110, 118, 47, 0, 55.36%, 15, 2, 7, 309.80, 292848, 124
1413, 5, 110, 120, 49, 0, 55.36%, 15, 2, 7, 12.86, 294045, 124
1418, 5, 119, 121, 49, 1, 55.36%, 15, 2, 7, 149.96, 295144, 124
1423, 5, 119, 123, 51, 1, 55.36%, 15, 2, 7, 212.94, 296018, 124
1428, 5, 119, 124, 52, 1, 55.36%, 15, 2, 7, 309.68, 297731, 124
1434, 5, 119, 126, 54, 1, 55.36%, 15, 2, 7, 14.68, 299098, 124
1439, 5, 119, 126, 54, 1, 55.36%, 15, 2, 7, 278.56, 300741, 124
1444, 5, 119, 127, 55, 1, 55.36%, 15, 2, 7, 286.35, 302083, 124
1449, 5, 119, 128, 56, 1, 55.36%, 15, 2, 7, 314.42, 303621, 124
1454, 5, 119, 129, 57, 1, 55.36%, 15, 2, 7, 46.32, 304663, 124
1459, 5, 119, 129, 57, 1, 55.36%, 15, 2, 7, 335.00, 305063, 124
1464, 5, 119, 129, 57, 1, 55.36%, 15, 2, 7, 332.61, 306688, 124
1470, 5, 14, 129, 56, 0, 55.36%, 15, 2, 7, 337.25, 308449, 124
1475, 5, 110, 129, 56, 0, 55.36%, 15, 2, 7, 349.44, 310375, 124
1480, 5, 110, 129, 56, 0, 55.36%, 15, 2, 7, 340.59, 312094, 124
1485, 5, 116, 129, 56, 0, 55.36%, 15, 2, 7, 342.08, 313878, 124
1490, 5, 110, 129, 56, 0, 55.36%, 15, 2, 7, 359.61, 315895, 124
1495, 5, 110, 129, 56, 0, 55.36%, 15, 2, 7, 126.52, 317620, 124
1500, 5, 110, 129, 56, 0, 55.36%, 15, 2, 7, 278.54, 319278, 124
1505, 5, 34, 129, 56, 0, 55.36%, 15, 2, 7, 344.81, 321161, 124
1511, 5, 119, 129, 56, 0, 55.36%, 15, 2, 7, 119.99, 322797, 124
1516, 5, 18, 129, 56, 0, 55.36%, 15, 2, 7, 289.73, 324552, 124
1521, 5, 2, 129, 56, 0, 55.36%, 15, 2, 7, 335.83, 326345, 124
1526, 5, 110, 129, 56, 0, 55.36%, 15, 2, 7, 322.51, 328028, 124
1531, 5, 110, 129, 55, 0, 55.36%, 15, 2, 7, 299.88, 329629, 124
1536, 5, 110, 129, 55, 0, 55.36%, 15, 2, 7, 287.56, 331234, 124
1541, 5, 67, 129, 55, 0, 55.36%, 15, 2, 7, 348.83, 333133, 124
1546, 5, 110, 129, 55, 0, 55.36%, 15, 2, 7, 360.22, 335076, 124
1551, 5, 110, 129, 55, 0, 55.36%, 15, 2, 7, 323.53, 336794, 124
1557, 5, 2, 131, 57, 0, 55.36%, 15, 2, 7, 56.35, 338251, 124
1562, 5, 118, 132, 57, 0, 55.36%, 15, 2, 7, 170.24, 339167, 124
1567, 5, 86, 132, 57, 0, 55.36%, 15, 2, 7, 340.74, 341097, 124
1572, 5, 110, 132, 57, 0, 55.36%, 15, 2, 7, 317.66, 342762, 124
1577, 6, 34, 132, 57, 0, 55.36%, 15, 2, 7, 380.36, 344873, 124
1582, 6, 104, 132, 57, 0, 55.36%, 15, 2, 7, 487.49, 346915, 124
1588, 6, 110, 132, 56, 0, 55.36%, 15, 2, 7, 407.36, 349063, 124
1593, 6, 110, 132, 55, 0, 55.36%, 15, 2, 7, 385.29, 351060, 124
1598, 6, 18, 132, 54, 0, 55.36%, 15, 2, 7, 281.98, 353064, 124
1603, 6, 67, 132, 54, 0, 55.36%, 15, 2, 7, 375.07, 355110, 124
1608, 6, 14, 132, 54, 0, 55.36%, 15, 2, 7, 399.82, 357227, 124
1613, 6, 34, 132, 54, 0, 55.36%, 15, 2, 7, 436.12, 359423, 124
1619, 6, 110, 132, 54, 0, 55.36%, 15, 2, 7, 424.43, 361668, 124
1624, 6, 110, 132, 54, 0, 55.36%, 15, 2, 7, 227.99, 363456, 124
1629, 6, 110, 132, 53, 0, 55.36%, 15, 2, 7, 333.88, 365317, 124
1634, 6, 67, 132, 53, 0, 55.36%, 15, 2, 7, 371.01, 367139, 124
1639, 6, 110, 132, 53, 0, 55.36%, 15, 2, 7, 403.67, 369242, 124
1644, 6, 2, 132, 53, 0, 55.36%, 15, 2, 7, 370.65, 371034, 124
1649, 6, 110, 132, 53, 0, 55.36%, 15, 2, 7, 415.59, 373274, 124
1654, 6, 110, 132, 53, 0, 55.36%, 15, 2, 7, 359.87, 375135, 124
1659, 6, 118, 132, 52, 0, 55.36%, 15, 2, 7, 254.97, 376872, 124
1665, 6, 34, 132, 52, 0, 55.36%, 15, 2, 7, 300.25, 378471, 124
1670, 6, 34, 132, 51, 0, 55.36%, 15, 2, 7, 377.92, 380478, 124
1675, 6, 110, 132, 51, 0, 55.36%, 15, 2, 7, 393.15, 382538, 124
1680, 6, 110, 132, 51, 0, 55.36%, 15, 2, 7, 152.12, 384194, 124
1685, 6, 14, 132, 51, 0, 55.36%, 15, 2, 7, 302.94, 385901, 124
1690, 6, 70, 132, 51, 0, 55.36%, 15, 2, 7, 355.12, 387732, 124
1695, 6, 118, 132, 51, 0, 55.36%, 15, 2, 7, 372.93, 389716, 124
1701, 6, 110, 132, 51, 0, 55.36%, 15, 2, 7, 353.56, 391546, 124
1706, 6, 118, 132, 51, 0, 55.36%, 15, 2, 7, 384.55, 393557, 124
1711, 6, 110, 132, 51, 0, 55.36%, 15, 2, 7, 341.74, 395212, 124
1716, 6, 34, 132, 51, 0, 55.36%, 15, 2, 7, 155.48, 396776, 124
1721, 6, 110, 132, 51, 0, 55.36%, 15, 2, 7, 300.99, 398580, 124
1726, 6, 110, 132, 51, 0, 55.36%, 15, 2, 7, 380.83, 400619, 124
1731, 6, 116, 132, 51, 0, 55.36%, 15, 2, 7, 188.98, 402612, 124
1736, 6, 110, 132, 51, 0, 55.36%, 15, 2, 7, 289.73, 404800, 124
1742, 6, 124, 132, 51, 0, 55.36%, 15, 2, 7, 355.86, 406674, 124
1747, 6, 110, 132, 50, 0, 55.36%, 15, 2, 7, 347.73, 408501, 124
1752, 6, 124, 133, 51, 0, 55.36%, 15, 2, 7, 187.53, 409609, 124
1757, 6, 124, 133, 51, 0, 55.36%, 15, 2, 7, 300.79, 411385, 124
1762, 6, 13, 133, 51, 0, 55.36%, 15, 2, 7, 328.72, 413192, 124
1767, 6, 2, 133, 51, 0, 55.36%, 15, 2, 7, 325.58, 414701, 124
1772, 6, 110, 133, 51, 0, 55.36%, 15, 2, 7, 289.33, 416254, 124
1777, 7, 124, 133, 51, 0, 55.36%, 15, 2, 7, 299.42, 417900, 124
1782, 7, 124, 134, 52, 0, 55.36%, 15, 2, 8, 38.97, 419054, 124
1787, 7, 14, 134, 52, 0, 55.36%, 15, 2, 8, 324.21, 420499, 124
1793, 7, 110, 134, 52, 0, 55.36%, 15, 2, 8, 283.52, 421966, 124
1798, 7, 86, 135, 52, 0, 55.36%, 15, 2, 8, 195.62, 423185, 124
1803, 7, 117, 136, 53, 0, 55.80%, 15, 2, 8, 262.46, 424599, 125
1808, 7, 110, 136, 52, 0, 55.80%, 15, 2, 8, 325.73, 426417, 125
1813, 7, 135, 136, 52, 0, 55.80%, 15, 2, 8, 373.13, 428338, 125
1818, 7, 135, 136, 52, 0, 55.80%, 15, 2, 8, 388.30, 430364, 125
1823, 7, 110, 136, 52, 0, 55.80%, 15, 2, 8, 358.29, 432084, 125
1828, 7, 86, 136, 52, 0, 55.80%, 15, 2, 8, 363.20, 433839, 125
1833, 7, 110, 136, 52, 0, 55.80%, 15, 2, 8, 352.30, 435606, 125
1839, 7, 14, 136, 52, 0, 55.80%, 15, 2, 8, 344.51, 437228, 125
1844, 7, 67, 136, 52, 0, 55.80%, 15, 2, 8, 339.43, 438877, 125
1849, 7, 67, 136, 52, 0, 55.80%, 15, 2, 8, 368.60, 440711, 125
1854, 7, 110, 136, 52, 0, 55.80%, 15, 2, 8, 316.80, 442267, 125
1859, 7, 30, 136, 52, 0, 55.80%, 15, 2, 8, 324.42, 443862, 125
1864, 7, 110, 136, 52, 0, 55.80%, 15, 2, 8, 313.71, 445398, 125
1869, 7, 81, 136, 52, 0, 55.80%, 15, 2, 8, 368.36, 447253, 125
1875, 7, 110, 136, 52, 0, 55.80%, 15, 2, 8, 350.67, 449015, 125
1880, 7, 13, 136, 52, 0, 55.80%, 15, 2, 8, 270.48, 450718, 125
1885, 7, 14, 136, 52, 0, 55.80%, 15, 2, 8, 358.31, 452606, 125
1890, 7, 124, 136, 51, 0, 55.80%, 15, 2, 8, 344.44, 454368, 125
1895, 7, 110, 136, 51, 0, 55.80%, 15, 2, 8, 376.25, 455895, 125
1900, 7, 124, 136, 51, 0, 55.80%, 15, 2, 8, 356.53, 457542, 125
1905, 7, 34, 136, 51, 0, 55.80%, 15, 2, 8, 366.97, 459306, 125
1910, 7, 135, 136, 51, 0, 55.80%, 15, 2, 8, 344.64, 460998, 125
1916, 7, 135, 136, 51, 0, 55.80%, 15, 2, 8, 255.25, 462680, 125
1921, 7, 110, 136, 51, 0, 55.80%, 15, 2, 8, 291.48, 464167, 125
1926, 7, 86, 136, 51, 0, 55.80%, 15, 2, 8, 338.09, 465898, 125
1931, 7, 124, 136, 51, 0, 55.80%, 15, 2, 8, 347.84, 467649, 125
1936, 7, 135, 136, 51, 0, 55.80%, 15, 2, 8, 274.16, 469408, 125
1941, 7, 135, 136, 51, 0, 55.80%, 15, 2, 8, 229.43, 471059, 125
1946, 7, 76, 136, 51, 0, 55.80%, 15, 2, 8, 314.89, 472692, 125
1951, 7, 14, 136, 50, 0, 55.80%, 15, 2, 8, 366.60, 474512, 125
1956, 7, 110, 136, 50, 0, 55.80%, 15, 2, 8, 314.77, 475973, 125
1961, 7, 110, 136, 50, 0, 55.80%, 15, 2, 8, 318.86, 477567, 125
1967, 7, 31, 136, 50, 0, 55.80%, 15, 2, 8, 332.58, 479250, 125
1972, 7, 117, 136, 50, 0, 55.80%, 15, 2, 8, 389.21, 481203, 125
1977, 7, 30, 136, 50, 0, 55.80%, 15, 2, 8, 324.03, 482705, 125
1982, 7, 124, 136, 50, 0, 55.80%, 15, 2, 8, 335.97, 484410, 125
1987, 7, 14, 136, 50, 0, 55.80%, 15, 2, 8, 333.93, 486005, 125
1992, 7, 14, 136, 50, 0, 55.80%, 15, 2, 8, 378.69, 487875, 125
1997, 7, 110, 136, 50, 0, 55.80%, 15, 2, 8, 357.97, 489670, 125
2002, 7, 110, 136, 50, 0, 55.80%, 15, 2, 8, 318.64, 491200, 125
2007, 7, 34, 136, 50, 0, 55.80%, 15, 2, 8, 329.57, 492772, 125
2012, 8, 34, 136, 50, 0, 55.80%, 15, 2, 8, 354.87, 494623, 125
2017, 8, 86, 136, 50, 0, 55.80%, 15, 2, 8, 405.52, 496256, 125
2023, 8, 135, 136, 50, 0, 55.80%, 15, 2, 8, 231.15, 497851, 125
2028, 8, 124, 136, 50, 0, 55.80%, 15, 2, 8, 341.60, 499589, 125
2033, 8, 14, 136, 50, 0, 55.80%, 15, 2, 8, 419.48, 501671, 125
2038, 8, 14, 136, 50, 0, 55.80%, 15, 2, 8, 397.96, 503528, 125
2043, 8, 110, 136, 50, 0, 55.80%, 15, 2, 8, 385.78, 505497, 125
2048, 8, 110, 136, 50, 0, 55.80%, 15, 2, 8, 303.58, 507374, 125
2053, 8, 110, 136, 50, 0, 55.80%, 15, 2, 8, 389.01, 509456, 125
2058, 8, 34, 136, 50, 0, 55.80%, 15, 2, 8, 65.93, 511539, 125
2063, 8, 7, 136, 50, 0, 55.80%, 15, 2, 8, 351.28, 513635, 125
2069, 8, 67, 136, 50, 0, 55.80%, 15, 2, 8, 499.91, 516355, 125
2074, 8, 14, 136, 50, 0, 55.80%, 15, 2, 8, 410.93, 518451, 125
2079, 8, 110, 136, 50, 0, 55.80%, 15, 2, 8, 46.98, 520229, 125
2084, 8, 110, 136, 50, 0, 55.80%, 15, 2, 8, 381.80, 522183, 125
2089, 8, 110, 136, 50, 0, 55.80%, 15, 2, 8, 392.12, 524233, 125
2094, 8, 13, 136, 50, 0, 55.80%, 15, 2, 8, 424.76, 526303, 125
2099, 8, 110, 136, 50, 0, 55.80%, 15, 2, 8, 435.18, 528527, 125
2105, 8, 110, 136, 50, 0, 55.80%, 15, 2, 8, 228.10, 530470, 125
2110, 8, 124, 136, 50, 0, 55.80%, 15, 2, 8, 353.11, 532377, 125
2115, 8, 81, 136, 50, 0, 55.80%, 15, 2, 8, 413.16, 534440, 125
2120, 8, 110, 136, 50, 0, 55.80%, 15, 2, 8, 413.89, 536484, 125
2125, 8, 30, 136, 50, 0, 55.80%, 15, 2, 8, 379.20, 538521, 125
2130, 8, 124, 136, 50, 0, 55.80%, 15, 2, 8, 414.01, 540600, 125
2135, 8, 13, 136, 50, 0, 55.80%, 15, 2, 8, 413.62, 542647, 125
2141, 8, 135, 136, 50, 0, 55.80%, 15, 2, 8, 330.43, 544797, 125
2146, 8, 124, 136, 50, 0, 55.80%, 15, 2, 8, 412.64, 546971, 125
2151, 8, 110, 136, 50, 0, 55.80%, 15, 2, 8, 272.08, 548911, 125
2156, 8, 110, 136, 50, 0, 55.80%, 15, 2, 8, 362.55, 550828, 125
2161, 8, 70, 136, 50, 0, 55.80%, 15, 2, 8, 393.85, 552826, 125
2166, 8, 110, 136, 50, 0, 55.80%, 15, 2, 8, 389.83, 554740, 125
2171, 8, 81, 136, 50, 0, 55.80%, 15, 2, 8, 418.76, 556873, 125
2177, 8, 110, 137, 51, 0, 55.80%, 15, 2, 8, 24.49, 558652, 125
2182, 8, 67, 137, 51, 0, 55.80%, 15, 2, 8, 305.00, 560301, 125
2187, 8, 110, 139, 53, 0, 55.80%, 15, 2, 8, 289.09, 561532, 125
2193, 8, 34, 139, 53, 0, 55.80%, 15, 2, 8, 406.25, 563306, 125
2198, 8, 110, 139, 53, 0, 55.80%, 15, 2, 8, 429.27, 565545, 125
2203, 8, 110, 140, 54, 0, 55.80%, 15, 2, 8, 31.18, 567277, 125
2208, 8, 13, 140, 54, 0, 55.80%, 15, 2, 8, 368.87, 569076, 125
2213, 8, 110, 140, 54, 0, 55.80%, 15, 2, 8, 388.00, 571070, 125
2218, 8, 131, 140, 54, 0, 55.80%, 15, 2, 8, 375.45, 572937, 125
2223, 8, 14, 140, 53, 0, 55.80%, 15, 2, 8, 391.57, 574979, 125
2228, 8, 2, 140, 53, 0, 55.80%, 15, 2, 8, 455.36, 577240, 125
2234, 9, 126, 140, 53, 0, 55.80%, 15, 2, 8, 342.69, 578854, 125
2239, 9, 110, 140, 52, 0, 55.80%, 15, 2, 8, 325.42, 580576, 125
2244, 9, 2, 140, 52, 0, 55.80%, 15, 2, 8, 385.58, 582521, 125
2249, 9, 2, 140, 52, 0, 55.80%, 15, 2, 8, 465.29, 584526, 125
2254, 9, 67, 140, 52, 0, 55.80%, 15, 2, 8, 307.20, 586330, 125
2259, 9, 116, 140, 52, 0, 55.80%, 15, 2, 8, 316.07, 587939, 125
2264, 9, 110, 140, 52, 0, 55.80%, 15, 2, 8, 328.25, 589542, 125
2269, 9, 110, 140, 52, 0, 55.80%, 15, 2, 8, 304.07, 591014, 125
2275, 9, 87, 140, 52, 0, 55.80%, 15, 2, 8, 337.39, 592726, 125
2280, 9, 130, 140, 51, 0, 55.80%, 15, 2, 8, 304.99, 594200, 125
2285, 9, 2, 140, 51, 0, 55.80%, 15, 2, 8, 314.06, 595852, 125
2290, 9, 110, 140, 51, 0, 55.80%, 15, 2, 8, 345.52, 597693, 125
2295, 9, 116, 140, 51, 0, 55.80%, 15, 2, 8, 310.07, 599215, 125
2300, 9, 14, 140, 51, 0, 55.80%, 15, 2, 8, 313.72, 600764, 125
2305, 9, 34, 140, 51, 0, 55.80%, 15, 2, 8, 301.44, 602160, 125
2310, 9, 86, 140, 50, 0, 55.80%, 15, 2, 8, 334.80, 603903, 125
2315, 9, 110, 140, 50, 0, 55.80%, 15, 2, 8, 308.37, 605469, 125
2320, 9, 34, 140, 50, 0, 55.80%, 15, 2, 8, 347.40, 607349, 125
2325, 9, 14, 140, 49, 0, 55.80%, 15, 2, 8, 312.61, 608807, 125
2331, 9, 110, 140, 49, 0, 55.80%, 15, 2, 8, 361.29, 610762, 125
2336, 9, 135, 140, 49, 0, 55.80%, 15, 2, 8, 334.41, 612468, 125
2341, 9, 110, 140, 49, 0, 55.80%, 15, 2, 8, 223.88, 614146, 125
2346, 9, 110, 140, 49, 0, 55.80%, 15, 2, 8, 41.41, 615484, 125
2351, 9, 67, 140, 49, 0, 55.80%, 15, 2, 8, 270.16, 617105, 125
2356, 9, 135, 140, 49, 0, 55.80%, 15, 2, 8, 287.35, 618570, 125
2361, 9, 0, 140, 49, 0, 55.80%, 15, 2, 8, 304.76, 620100, 125
2366, 9, 110, 140, 49, 0, 55.80%, 15, 2, 8, 53.89, 621698, 125
2371, 9, 110, 140, 49, 0, 55.80%, 15, 2, 8, 234.94, 623148, 125
2376, 9, 110, 140, 49, 0, 55.80%, 15, 2, 8, 24.91, 624458, 125
2382, 9, 110, 140, 49, 0, 55.80%, 15, 2, 8, 246.24, 625757, 125
2387, 9, 14, 140, 49, 0, 55.80%, 15, 2, 8, 293.72, 627197, 125
2392, 9, 2, 140, 49, 0, 55.80%, 15, 2, 8, 261.74, 628480, 125
2397, 9, 110, 140, 49, 0, 55.80%, 15, 2, 8, 282.93, 629915, 125
2402, 9, 30, 140, 49, 0, 55.80%, 15, 2, 8, 308.73, 631458, 125
2407, 9, 67, 140, 49, 0, 55.80%, 15, 2, 8, 174.27, 632973, 125
2412, 9, 14, 140, 49, 0, 55.80%, 15, 2, 8, 280.56, 634538, 125
2417, 9, 34, 140, 49, 0, 55.80%, 15, 2, 8, 258.36, 635794, 125
2422, 9, 34, 140, 49, 0, 55.80%, 15, 2, 8, 314.47, 637417, 125
2427, 9, 110, 140, 49, 0, 55.80%, 15, 2, 8, 247.57, 638559, 125
2433, 9, 34, 140, 49, 0, 55.80%, 15, 2, 8, 255.21, 639880, 125
2438, 9, 2, 140, 49, 0, 55.80%, 15, 2, 8, 254.86, 641249, 125
2443, 9, 67, 140, 49, 0, 55.80%, 15, 2, 8, 265.47, 642645, 125
2448, 9, 13, 140, 49, 0, 55.80%, 15, 2, 8, 113.38, 644063, 125
2453, 9, 14, 140, 49, 0, 55.80%, 15, 2, 8, 239.06, 645460, 125
2458, 9, 110, 140, 48, 0, 55.80%, 15, 2, 8, 230.25, 646692, 125
2463, 9, 86, 140, 48, 0, 55.80%, 15, 2, 8, 260.16, 648122, 125
2468, 10, 110, 140, 48, 0, 55.80%, 15, 2, 8, 304.14, 649755, 125
2474, 10, 110, 140, 48, 0, 55.80%, 15, 2, 8, 286.05, 651150, 125
2479, 10, 13, 140, 48, 0, 55.80%, 15, 2, 8, 291.60, 652582, 125
2484, 10, 67, 140, 48, 0, 55.80%, 15, 2, 8, 165.63, 654234, 125
2489, 10, 110, 140, 48, 0, 55.80%, 15, 2, 8, 264.59, 655767, 125
2494, 10, 110, 140, 48, 0, 55.80%, 15, 2, 8, 269.68, 657186, 125
2499, 10, 81, 140, 48, 0, 55.80%, 15, 2, 8, 284.82, 658664, 125
2504, 10, 110, 140, 48, 0, 55.80%, 15, 2, 8, 125.51, 659771, 125
2509, 10, 117, 140, 48, 0, 55.80%, 15, 2, 8, 234.07, 661108, 125
2514, 10, 124, 140, 48, 0, 55.80%, 15, 2, 8, 252.20, 662423, 125
2519, 10, 67, 140, 48, 0, 55.80%, 15, 2, 8, 232.05, 663599, 125
2525, 10, 124, 140, 48, 0, 55.80%, 15, 2, 8, 245.18, 664920, 125
2530, 10, 110, 140, 48, 0, 55.80%, 15, 2, 8, 236.44, 666125, 125
2535, 10, 14, 140, 48, 0, 55.80%, 15, 2, 8, 238.73, 667340, 125
2540, 10, 124, 140, 48, 0, 55.80%, 15, 2, 8, 239.89, 668534, 125
2545, 10, 110, 140, 48, 0, 55.80%, 15, 2, 8, 255.56, 669888, 125
2550, 10, 86, 140, 48, 0, 55.80%, 15, 2, 8, 168.28, 671070, 125
2555, 10, 110, 140, 48, 0, 55.80%, 15, 2, 8, 211.50, 672231, 125
2560, 10, 110, 140, 48, 0, 55.80%, 15, 2, 8, 223.90, 673377, 125
2566, 10, 34, 140, 48, 0, 55.80%, 15, 2, 8, 223.20, 674498, 125
2571, 10, 110, 140, 48, 0, 55.80%, 15, 2, 8, 250.32, 675832, 125
2576, 10, 13, 140, 48, 0, 55.80%, 15, 2, 8, 97.87, 677096, 125
2581, 10, 110, 140, 48, 0, 55.80%, 15, 2, 8, 184.82, 678178, 125
2586, 10, 28, 140, 48, 0, 55.80%, 15, 2, 8, 239.44, 679475, 125
2591, 10, 110, 140, 48, 0, 55.80%, 15, 2, 8, 104.89, 680854, 125
2596, 10, 110, 140, 48, 0, 55.80%, 15, 2, 8, 209.53, 682048, 125
2601, 10, 116, 140, 48, 0, 55.80%, 15, 2, 8, 266.83, 683469, 125
2607, 10, 81, 140, 48, 0, 55.80%, 15, 2, 8, 199.21, 684826, 125
2612, 10, 110, 140, 48, 0, 55.80%, 15, 2, 8, 241.20, 686133, 125
2617, 10, 34, 140, 48, 0, 55.80%, 15, 2, 8, 400.29, 687337, 125
2622, 10, 116, 140, 48, 0, 55.80%, 15, 2, 8, 244.56, 688717, 125
2627, 10, 110, 140, 48, 0, 55.80%, 15, 2, 8, 256.62, 690054, 125
2632, 10, 110, 140, 48, 0, 55.80%, 15, 2, 8, 222.27, 691165, 125
2637, 10, 135, 140, 48, 0, 55.80%, 15, 2, 8, 273.71, 692666, 125
2642, 10, 34, 140, 48, 0, 55.80%, 15, 2, 8, 294.68, 694121, 125
2647, 10, 124, 140, 48, 0, 55.80%, 15, 2, 8, 273.59, 695531, 125
2653, 10, 110, 140, 48, 0, 55.80%, 15, 2, 8, 234.46, 696682, 125
2658, 10, 124, 140, 48, 0, 55.80%, 15, 2, 8, 253.20, 697996, 125
2663, 10, 34, 140, 48, 0, 55.80%, 15, 2, 8, 212.90, 699218, 125
2668, 10, 30, 140, 48, 0, 55.80%, 15, 2, 8, 224.30, 700484, 125
2673, 10, 135, 140, 48, 0, 55.80%, 15, 2, 8, 248.41, 701805, 125
2678, 10, 110, 140, 48, 0, 55.80%, 15, 2, 8, 260.37, 703137, 125
2683, 10, 110, 140, 48, 0, 55.80%, 15, 2, 8, 245.07, 704397, 125
2688, 10, 110, 140, 48, 0, 55.80%, 15, 2, 8, 257.30, 705632, 125
2693, 10, 34, 140, 48, 0, 55.80%, 15, 2, 8, 251.72, 706876, 125
2699, 10, 110, 140, 47, 0, 55.80%, 15, 2, 8, 267.10, 708227, 125
2704, 10, 13, 140, 47, 0, 55.80%, 15, 2, 8, 285.94, 709615, 125
2709, 10, 34, 140, 47, 0, 55.80%, 15, 2, 8, 283.05, 711074, 125
2714, 10, 110, 140, 47, 0, 55.80%, 15, 2, 8, 266.60, 712483, 125
2719, 10, 110, 140, 47, 0, 55.80%, 15, 2, 8, 236.12, 713725, 125
2724, 10, 110, 140, 47, 0, 55.80%, 15, 2, 8, 211.74, 714764, 125
2729, 10, 110, 140, 47, 0, 55.80%, 15, 2, 8, 239.33, 716076, 125
2734, 10, 30, 140, 47, 0, 55.80%, 15, 2, 8, 247.81, 717400, 125
2739, 10, 14, 140, 47, 0, 55.80%, 15, 2, 8, 268.46, 718755, 125
2744, 10, 67, 140, 47, 0, 55.80%, 15, 2, 8, 270.67, 720251, 125
2749, 10, 67, 140, 47, 0, 55.80%, 15, 2, 8, 285.83, 721663, 125
2754, 11, 7, 140, 47, 0, 55.80%, 15, 2, 8, 255.60, 722912, 125
2760, 11, 124, 140, 47, 0, 55.80%, 15, 2, 8, 204.57, 724237, 125
2765, 11, 67, 140, 47, 0, 55.80%, 15, 2, 8, 226.85, 725533, 125
2770, 11, 34, 140, 47, 0, 55.80%, 15, 2, 8, 233.17, 726831, 125
2775, 11, 110, 140, 47, 0, 55.80%, 15, 2, 8, 251.79, 728214, 125
2780, 11, 110, 140, 47, 0, 55.80%, 15, 2, 8, 104.30, 729408, 125
2785, 11, 81, 140, 47, 0, 55.80%, 15, 2, 8, 218.79, 730651, 125
2790, 11, 110, 141, 48, 0, 56.25%, 15, 2, 8, 149.50, 731506, 126
2796, 11, 110, 142, 48, 0, 56.25%, 15, 2, 8, 182.49, 732353, 126
2801, 11, 135, 142, 48, 0, 56.25%, 15, 2, 8, 228.77, 733604, 126
2806, 11, 110, 142, 48, 0, 56.25%, 15, 2, 8, 237.58, 734815, 126
2811, 11, 31, 142, 48, 0, 56.25%, 15, 2, 8, 240.12, 735951, 126
2817, 11, 14, 143, 49, 0, 57.14%, 15, 2, 8, 10.23, 737212, 128
2822, 11, 14, 147, 53, 0, 57.14%, 15, 2, 8, 10.41, 737269, 128
2828, 11, 14, 150, 56, 0, 57.14%, 15, 2, 8, 16.37, 737442, 128
2833, 11, 14, 152, 58, 0, 57.14%, 15, 2, 8, 167.48, 737896, 128
2838, 11, 14, 153, 59, 0, 57.59%, 15, 2, 8, 14.44, 738524, 129
2844, 11, 34, 153, 58, 2, 57.59%, 15, 2, 8, 49.14, 739088, 129
2849, 11, 34, 153, 58, 2, 57.59%, 15, 2, 8, 47.78, 739326, 129
2854, 11, 34, 153, 58, 2, 57.59%, 15, 2, 8, 42.23, 739541, 129
2859, 11, 152, 153, 58, 2, 57.59%, 15, 2, 8, 246.08, 740157, 129
2866, 11, 152, 154, 59, 2, 57.59%, 15, 2, 8, 7.38, 740896, 129
2871, 11, 152, 156, 61, 2, 57.59%, 15, 2, 8, 40.48, 741511, 129
2876, 11, 152, 156, 61, 2, 57.59%, 15, 2, 8, 128.39, 742287, 129
2882, 11, 152, 156, 61, 2, 57.59%, 15, 2, 8, 140.82, 743017, 129
2887, 11, 152, 156, 61, 2, 57.59%, 15, 2, 8, 141.65, 743751, 129
2892, 11, 152, 156, 61, 2, 57.59%, 15, 2, 8, 49.75, 744471, 129
2897, 11, 152, 157, 62, 2, 57.59%, 15, 2, 8, 40.12, 744712, 129
2902, 11, 149, 157, 60, 1, 57.59%, 15, 2, 8, 212.35, 745700, 129
2907, 11, 149, 157, 60, 1, 57.59%, 15, 2, 8, 167.37, 746525, 129
2912, 11, 18, 157, 59, 0, 57.59%, 15, 2, 8, 213.83, 747636, 129
2917, 11, 67, 157, 59, 0, 57.59%, 15, 2, 8, 203.60, 748690, 129
2923, 11, 28, 159, 61, 0, 57.59%, 15, 2, 8, 19.26, 749614, 129
2929, 11, 28, 162, 64, 0, 57.59%, 15, 2, 8, 203.05, 749810, 129
2934, 11, 28, 164, 66, 0, 57.59%, 15, 2, 8, 13.32, 750236, 129
2940, 11, 28, 164, 66, 0, 57.59%, 15, 2, 8, 155.73, 751002, 129
2945, 11, 28, 165, 67, 0, 57.59%, 15, 2, 8, 140.27, 751490, 129
2950, 11, 28, 165, 67, 0, 57.59%, 15, 2, 8, 144.89, 752229, 129
2955, 11, 28, 166, 68, 0, 57.59%, 15, 2, 8, 1.33, 752736, 129
2961, 11, 28, 166, 68, 0, 57.59%, 15, 2, 8, 32.42, 752955, 129
2966, 11, 28, 166, 68, 0, 57.59%, 15, 2, 8, 40.02, 753176, 129
2972, 11, 28, 167, 69, 0, 57.59%, 15, 2, 8, 40.34, 753385, 129
2977, 11, 28, 168, 70, 0, 57.59%, 15, 2, 8, 43.90, 753571, 129
2982, 11, 110, 168, 70, 0, 57.59%, 15, 2, 8, 273.37, 754876, 129
2987, 11, 13, 168, 70, 0, 57.59%, 15, 2, 8, 180.80, 756013, 129
2992, 11, 13, 168, 70, 0, 57.59%, 15, 2, 8, 212.53, 757079, 129
2997, 11, 67, 168, 70, 0, 57.59%, 15, 2, 8, 246.25, 758350, 129
3002, 11, 110, 168, 70, 0, 57.59%, 15, 2, 8, 223.42, 759511, 129
3007, 11, 110, 168, 70, 0, 57.59%, 15, 2, 8, 204.72, 760503, 129
3012, 11, 149, 168, 70, 0, 57.59%, 15, 2, 8, 103.90, 761457, 129
3018, 11, 124, 168, 70, 0, 57.59%, 15, 2, 8, 190.02, 762520, 129
3023, 11, 110, 168, 70, 0, 57.59%, 15, 2, 8, 221.11, 763681, 129
3028, 11, 110, 168, 70, 0, 57.59%, 15, 2, 8, 222.88, 764898, 129
3033, 11, 110, 168, 70, 0, 57.59%, 15, 2, 8, 203.01, 765931, 129
3038, 11, 124, 168, 70, 0, 57.59%, 15, 2, 8, 221.02, 767066, 129
3043, 11, 34, 168, 70, 0, 57.59%, 15, 2, 8, 260.80, 768338, 129
3048, 11, 110, 168, 70, 0, 57.59%, 15, 2, 8, 231.46, 769463, 129
3053, 11, 110, 168, 70, 0, 57.59%, 15, 2, 8, 257.88, 770804, 129
3058, 11, 130, 168, 70, 0, 57.59%, 15, 2, 8, 236.08, 772003, 129
3064, 11, 18, 168, 70, 0, 57.59%, 15, 2, 8, 278.55, 773406, 129
3069, 11, 34, 168, 70, 0, 57.59%, 15, 2, 8, 202.20, 774701, 129
3074, 11, 34, 168, 70, 0, 57.59%, 15, 2, 8, 233.09, 775882, 129
3079, 11, 81, 168, 70, 0, 57.59%, 15, 2, 8, 228.78, 777126, 129
3084, 11, 110, 168, 70, 0, 57.59%, 15, 2, 8, 248.28, 778408, 129
3089, 11, 110, 168, 70, 0, 57.59%, 15, 2, 8, 242.60, 779588, 129
3094, 11, 110, 168, 70, 0, 57.59%, 15, 2, 8, 206.83, 780847, 129
3099, 11, 110, 168, 70, 0, 57.59%, 15, 2, 8, 254.85, 782211, 129
3104, 11, 34, 168, 69, 0, 57.59%, 15, 2, 8, 273.34, 783551, 129
3109, 11, 125, 168, 69, 0, 57.59%, 15, 2, 8, 274.89, 784884, 129
3114, 11, 14, 168, 68, 0, 57.59%, 15, 2, 8, 267.09, 786204, 129
3119, 11, 124, 168, 68, 0, 57.59%, 15, 2, 8, 273.27, 787614, 129
3125, 11, 18, 168, 68, 0, 57.59%, 15, 2, 8, 294.02, 789054, 129
3130, 11, 110, 168, 68, 0, 57.59%, 15, 2, 8, 251.94, 790320, 129
3135, 11, 110, 168, 68, 0, 57.59%, 15, 2, 8, 283.48, 791678, 129
3140, 11, 81, 168, 68, 0, 57.59%, 15, 2, 8, 206.93, 793067, 129
3145, 11, 0, 168, 68, 0, 57.59%, 15, 2, 8, 279.13, 794571, 129
3150, 11, 67, 168, 68, 0, 57.59%, 15, 2, 8, 301.71, 796127, 129
3155, 11, 114, 168, 68, 0, 57.59%, 15, 2, 8, 265.50, 797538, 129
3160, 11, 110, 168, 68, 0, 57.59%, 15, 2, 8, 234.91, 798665, 129
3165, 11, 155, 168, 68, 0, 57.59%, 15, 2, 8, 189.72, 799671, 129
3171, 11, 81, 169, 69, 0, 57.59%, 15, 2, 8, 214.78, 800603, 129
3176, 11, 13, 169, 69, 0, 57.59%, 15, 2, 8, 251.40, 801813, 129
3181, 11, 14, 169, 69, 0, 57.59%, 15, 2, 8, 254.90, 803095, 129
3186, 11, 30, 169, 69, 0, 57.59%, 15, 2, 8, 165.91, 804303, 129
3191, 11, 110, 169, 69, 0, 57.59%, 15, 2, 8, 220.46, 805435, 129
3196, 11, 114, 169, 69, 0, 57.59%, 15, 2, 8, 207.35, 806513, 129
3201, 11, 110, 169, 69, 0, 57.59%, 15, 2, 8, 125.16, 807586, 129
3206, 11, 30, 169, 69, 0, 57.59%, 15, 2, 8, 213.19, 808744, 129
3212, 11, 30, 169, 69, 0, 57.59%, 15, 2, 8, 222.08, 809853, 129
3217, 11, 149, 169, 69, 0, 57.59%, 15, 2, 8, 229.63, 811031, 129
3222, 11, 155, 170, 70, 0, 57.59%, 15, 2, 8, 192.12, 811879, 129
3227, 11, 34, 170, 70, 0, 57.59%, 15, 2, 8, 192.62, 812705, 129
3232, 11, 34, 170, 70, 0, 57.59%, 15, 2, 8, 234.23, 813913, 129
3237, 11, 2, 170, 70, 0, 57.59%, 15, 2, 8, 244.95, 815134, 129
3242, 12, 124, 170, 70, 0, 57.59%, 15, 2, 8, 189.96, 816176, 129
3247, 12, 14, 170, 70, 0, 57.59%, 15, 2, 8, 259.83, 817542, 129
3252, 12, 110, 170, 70, 0, 57.59%, 15, 2, 8, 218.10, 818600, 129
3257, 12, 110, 170, 70, 0, 57.59%, 15, 2, 8, 203.19, 819590, 129
3263, 12, 160, 170, 70, 0, 57.59%, 15, 2, 8, 123.45, 820630, 129
3268, 12, 160, 171, 71, 0, 57.59%, 15, 2, 8, 119.84, 821298, 129
3273, 12, 110, 171, 70, 0, 57.59%, 15, 2, 8, 210.90, 822447, 129
3278, 12, 110, 171, 70, 0, 57.59%, 15, 2, 8, 234.34, 823622, 129
3283, 12, 124, 171, 70, 0, 57.59%, 15, 2, 8, 209.14, 824569, 129
3288, 12, 30, 171, 70, 0, 57.59%, 15, 2, 8, 224.51, 825696, 129
3293, 12, 110, 171, 70, 0, 57.59%, 15, 2, 8, 218.66, 826799, 129
3298, 12, 14, 171, 70, 0, 57.59%, 15, 2, 8, 220.43, 827860, 129
3303, 12, 34, 171, 70, 0, 57.59%, 15, 2, 8, 245.48, 829098, 129
3309, 12, 110, 171, 70, 0, 57.59%, 15, 2, 8, 240.67, 830305, 129
3314, 12, 149, 171, 70, 0, 57.59%, 15, 2, 8, 201.74, 831244, 129
3319, 12, 81, 171, 70, 0, 57.59%, 15, 2, 8, 217.70, 832369, 129
3324, 12, 67, 171, 70, 0, 57.59%, 15, 2, 8, 246.13, 833601, 129
3329, 12, 110, 171, 70, 0, 57.59%, 15, 2, 8, 262.22, 834920, 129
3334, 12, 110, 171, 70, 0, 57.59%, 15, 2, 8, 254.78, 836141, 129
3339, 12, 130, 171, 70, 0, 57.59%, 15, 2, 8, 230.72, 837343, 129
3344, 12, 34, 171, 70, 0, 57.59%, 15, 2, 8, 255.04, 838639, 129
3349, 12, 110, 171, 70, 0, 57.59%, 15, 2, 8, 248.06, 839902, 129
3355, 12, 110, 171, 70, 0, 57.59%, 15, 2, 8, 231.36, 841069, 129
3360, 12, 67, 171, 70, 0, 57.59%, 15, 2, 8, 233.23, 842324, 129
3365, 12, 31, 171, 69, 0, 57.59%, 15, 2, 8, 274.41, 843736, 129
3370, 12, 110, 171, 69, 0, 57.59%, 15, 2, 8, 227.70, 844829, 129
3375, 12, 14, 171, 69, 0, 57.59%, 15, 2, 8, 222.72, 845884, 129
3380, 12, 110, 171, 69, 0, 57.59%, 15, 2, 8, 242.45, 847130, 129
3385, 12, 124, 171, 69, 0, 57.59%, 15, 2, 8, 219.93, 848210, 129
3390, 12, 110, 171, 69, 0, 57.59%, 15, 2, 8, 218.00, 849308, 129
3395, 12, 14, 171, 69, 0, 57.59%, 15, 2, 8, 241.51, 850525, 129
3400, 12, 13, 171, 68, 0, 57.59%, 15, 2, 8, 251.79, 851697, 129
3406, 12, 110, 171, 68, 0, 57.59%, 15, 2, 8, 173.56, 852964, 129
3411, 12, 84, 171, 68, 0, 57.59%, 15, 2, 8, 234.74, 854167, 129
3416, 12, 81, 171, 67, 0, 57.59%, 15, 2, 8, 207.78, 855226, 129
3421, 12, 110, 171, 67, 0, 57.59%, 15, 2, 8, 237.10, 856503, 129
3426, 12, 110, 171, 67, 0, 57.59%, 15, 2, 8, 125.37, 857383, 129
3431, 12, 124, 171, 67, 0, 57.59%, 15, 2, 8, 192.57, 858445, 129
3436, 12, 34, 171, 67, 0, 57.59%, 15, 2, 8, 220.10, 859520, 129
3441, 12, 110, 171, 67, 0, 57.59%, 15, 2, 8, 225.40, 860641, 129
3447, 12, 67, 171, 67, 0, 57.59%, 15, 2, 8, 225.16, 861755, 129
3452, 12, 110, 171, 67, 0, 57.59%, 15, 2, 8, 223.84, 862976, 129
3457, 12, 110, 171, 67, 0, 57.59%, 15, 2, 8, 207.19, 863976, 129
3462, 12, 124, 171, 67, 0, 57.59%, 15, 2, 8, 217.93, 865033, 129
3467, 12, 110, 171, 67, 0, 57.59%, 15, 2, 8, 216.24, 866102, 129
3472, 12, 14, 171, 67, 0, 57.59%, 15, 2, 8, 207.33, 867085, 129
3477, 12, 14, 171, 67, 0, 57.59%, 15, 2, 8, 223.57, 868229, 129
3482, 12, 2, 171, 67, 0, 57.59%, 15, 2, 8, 222.27, 869381, 129
3487, 12, 130, 171, 67, 0, 57.59%, 15, 2, 8, 235.98, 870497, 129
3493, 12, 110, 171, 67, 0, 57.59%, 15, 2, 8, 215.46, 871538, 129
3498, 12, 124, 171, 67, 0, 57.59%, 15, 2, 8, 237.03, 872734, 129
3503, 12, 110, 171, 67, 0, 57.59%, 15, 2, 8, 246.56, 874000, 129
3508, 12, 34, 171, 67, 0, 57.59%, 15, 2, 8, 246.14, 875149, 129
3513, 12, 34, 171, 67, 0, 57.59%, 15, 2, 8, 269.78, 876519, 129
3518, 12, 110, 171, 67, 0, 57.59%, 15, 2, 8, 248.59, 877733, 129
3523, 12, 27, 171, 67, 0, 57.59%, 15, 2, 8, 227.84, 878952, 129
3529, 12, 13, 171, 66, 0, 57.59%, 15, 2, 8, 242.16, 880171, 129
3534, 12, 110, 171, 66, 0, 57.59%, 15, 2, 8, 296.10, 881662, 129
3539, 12, 110, 171, 66, 0, 57.59%, 15, 2, 8, 249.79, 882821, 129
3544, 12, 34, 171, 66, 0, 57.59%, 15, 2, 8, 247.13, 884075, 129
3549, 12, 2, 171, 66, 0, 57.59%, 15, 2, 8, 246.69, 885399, 129
3554, 12, 155, 171, 66, 0, 57.59%, 15, 2, 8, 195.25, 886388, 129
3559, 12, 34, 172, 67, 0, 57.59%, 15, 2, 8, 212.95, 886987, 129
3564, 12, 110, 172, 67, 0, 57.59%, 15, 2, 8, 213.90, 888093, 129
3569, 12, 39, 172, 67, 0, 57.59%, 15, 2, 8, 245.98, 889340, 129
3574, 12, 114, 172, 66, 0, 57.59%, 15, 2, 8, 236.90, 890546, 129
3580, 12, 30, 172, 66, 0, 57.59%, 15, 2, 8, 178.41, 891422, 129
3585, 12, 67, 172, 66, 0, 57.59%, 15, 2, 8, 221.80, 892533, 129
3590, 12, 34, 172, 66, 0, 57.59%, 15, 2, 8, 243.28, 893870, 129
3595, 12, 110, 172, 66, 0, 57.59%, 15, 2, 8, 223.78, 895017, 129
3600, 12, 13, 172, 66, 0, 57.59%, 15, 2, 8, 256.78, 896321, 129
3605, 12, 110, 172, 65, 0, 57.59%, 15, 2, 8, 243.65, 897527, 129
3610, 13, 28, 172, 65, 0, 57.59%, 15, 2, 8, 240.84, 898721, 129
3615, 13, 81, 172, 65, 0, 57.59%, 15, 2, 8, 217.42, 899950, 129
3621, 13, 124, 172, 65, 0, 57.59%, 15, 2, 8, 233.08, 901157, 129
3626, 13, 130, 172, 65, 0, 57.59%, 15, 2, 8, 233.92, 902313, 129
3631, 13, 110, 172, 65, 0, 57.59%, 15, 2, 8, 221.25, 903409, 129
3636, 13, 18, 172, 65, 0, 57.59%, 15, 2, 8, 257.11, 904693, 129
3641, 13, 110, 172, 65, 0, 57.59%, 15, 2, 8, 177.07, 905760, 129
3646, 13, 124, 172, 65, 0, 57.59%, 15, 2, 8, 224.44, 906865, 129
3651, 13, 110, 172, 65, 0, 57.59%, 15, 2, 8, 204.85, 907852, 129
3656, 13, 110, 172, 65, 0, 57.59%, 15, 2, 8, 201.33, 908810, 129
3661, 13, 124, 172, 65, 0, 57.59%, 15, 2, 8, 198.47, 909786, 129
3667, 13, 14, 172, 65, 0, 57.59%, 15, 2, 8, 214.70, 910953, 129
3672, 13, 31, 172, 65, 0, 57.59%, 15, 2, 8, 217.33, 912030, 129
3677, 13, 124, 172, 64, 0, 57.59%, 15, 2, 8, 230.34, 913150, 129
3682, 13, 149, 172, 64, 0, 57.59%, 15, 2, 8, 157.66, 914095, 129
3687, 13, 110, 172, 64, 0, 57.59%, 15, 2, 8, 241.59, 915314, 129
3692, 13, 124, 172, 64, 0, 57.59%, 15, 2, 8, 231.86, 916425, 129
3697, 13, 13, 172, 64, 0, 57.59%, 15, 2, 8, 240.18, 917615, 129
3702, 13, 110, 172, 64, 0, 57.59%, 15, 2, 8, 97.09, 918732, 129
3708, 13, 114, 172, 64, 0, 57.59%, 15, 2, 8, 17.94, 920046, 129
3713, 13, 124, 172, 64, 0, 57.59%, 15, 2, 8, 202.29, 921173, 129
3718, 13, 141, 172, 64, 0, 57.59%, 15, 2, 8, 212.62, 922223, 129
3723, 13, 81, 172, 64, 0, 57.59%, 15, 2, 8, 195.13, 923187, 129
3728, 13, 124, 172, 64, 0, 57.59%, 15, 2, 8, 198.00, 924228, 129
3733, 13, 34, 172, 64, 0, 57.59%, 15, 2, 8, 208.98, 925296, 129
3738, 13, 30, 172, 64, 0, 57.59%, 15, 2, 8, 232.50, 926548, 129
3743, 13, 34, 172, 64, 0, 57.59%, 15, 2, 8, 223.16, 927710, 129
3749, 13, 34, 172, 64, 0, 57.59%, 15, 2, 8, 210.30, 928739, 129
3754, 13, 13, 172, 64, 0, 57.59%, 15, 2, 8, 230.49, 929945, 129
3759, 13, 101, 172, 64, 0, 57.59%, 15, 2, 8, 199.38, 930958, 129
3764, 13, 101, 172, 64, 0, 57.59%, 15, 2, 8, 270.80, 932433, 129
3769, 13, 34, 172, 63, 0, 57.59%, 15, 2, 8, 253.91, 933737, 129
3774, 13, 14, 172, 63, 0, 57.59%, 15, 2, 8, 263.07, 935055, 129
3779, 13, 110, 172, 63, 0, 57.59%, 15, 2, 8, 221.18, 936089, 129
3784, 13, 14, 172, 63, 0, 57.59%, 15, 2, 8, 220.68, 937152, 129
3789, 13, 124, 172, 63, 0, 57.59%, 15, 2, 8, 219.14, 938223, 129
3795, 13, 30, 172, 63, 0, 57.59%, 15, 2, 8, 211.34, 939303, 129
3800, 13, 13, 172, 63, 0, 57.59%, 15, 2, 8, 204.50, 940339, 129
3805, 13, 130, 172, 63, 0, 57.59%, 15, 2, 8, 223.52, 941511, 129
3810, 13, 34, 172, 63, 0, 57.59%, 15, 2, 8, 253.88, 942856, 129
3815, 13, 34, 172, 63, 0, 57.59%, 15, 2, 8, 254.29, 944158, 129
3820, 13, 110, 172, 63, 0, 57.59%, 15, 2, 8, 208.49, 945186, 129
3825, 13, 110, 172, 63, 0, 57.59%, 15, 2, 8, 192.99, 946143, 129
3830, 13, 110, 172, 63, 0, 57.59%, 15, 2, 8, 191.30, 947084, 129
3835, 13, 110, 172, 63, 0, 57.59%, 15, 2, 8, 191.65, 948069, 129
3841, 13, 34, 172, 63, 0, 57.59%, 15, 2, 8, 193.78, 949028, 129
3846, 13, 124, 172, 63, 0, 57.59%, 15, 2, 8, 213.81, 950221, 129
3851, 13, 2, 172, 63, 0, 57.59%, 15, 2, 8, 226.92, 951434, 129
3856, 13, 14, 172, 63, 0, 57.59%, 15, 2, 8, 218.10, 952464, 129
3861, 13, 34, 172, 63, 0, 57.59%, 15, 2, 8, 197.29, 953443, 129
3866, 13, 110, 172, 63, 0, 57.59%, 15, 2, 8, 180.96, 954402, 129
3871, 13, 124, 172, 63, 0, 57.59%, 15, 2, 8, 216.23, 955529, 129
3877, 13, 15, 172, 63, 0, 57.59%, 15, 2, 8, 206.47, 956542, 129
3882, 13, 67, 172, 63, 0, 57.59%, 15, 2, 8, 225.41, 957673, 129
3887, 13, 110, 172, 63, 0, 57.59%, 15, 2, 8, 215.19, 958795, 129
3892, 13, 70, 172, 63, 0, 57.59%, 15, 2, 8, 213.51, 959885, 129
3897, 13, 34, 172, 63, 0, 57.59%, 15, 2, 8, 203.71, 961085, 129
3902, 13, 67, 172, 63, 0, 57.59%, 15, 2, 8, 103.18, 962305, 129
3907, 13, 124, 172, 63, 0, 57.59%, 15, 2, 8, 204.00, 963538, 129
3912, 13, 110, 172, 63, 0, 57.59%, 15, 2, 8, 210.34, 964628, 129
3917, 13, 110, 172, 63, 0, 57.59%, 15, 2, 8, 253.27, 966012, 129
3922, 13, 14, 172, 63, 0, 57.59%, 15, 2, 8, 262.28, 967333, 129
3927, 13, 110, 172, 63, 0, 57.59%, 15, 2, 8, 262.18, 968702, 129
3933, 13, 18, 172, 63, 0, 57.59%, 15, 2, 8, 286.97, 969856, 129
3938, 13, 18, 172, 63, 0, 57.59%, 15, 2, 8, 118.87, 971034, 129
3943, 13, 13, 172, 63, 0, 57.59%, 15, 2, 8, 243.32, 972419, 129
3948, 13, 14, 172, 63, 0, 57.59%, 15, 2, 8, 93.70, 973653, 129
3953, 14, 67, 172, 63, 0, 57.59%, 15, 2, 8, 271.51, 975246, 129
3958, 14, 14, 172, 63, 0, 57.59%, 15, 2, 8, 228.44, 976316, 129
3963, 14, 110, 172, 63, 0, 57.59%, 15, 2, 8, 227.61, 977428, 129
3968, 14, 81, 172, 63, 0, 57.59%, 15, 2, 8, 232.56, 978603, 129
3973, 14, 110, 172, 63, 0, 57.59%, 15, 2, 8, 244.62, 979853, 129
3978, 14, 67, 172, 63, 0, 57.59%, 15, 2, 8, 294.34, 981238, 129
3984, 14, 34, 172, 63, 0, 57.59%, 15, 2, 8, 263.19, 982530, 129
3989, 14, 110, 172, 63, 0, 57.59%, 15, 2, 8, 233.15, 983651, 129
3994, 14, 34, 172, 63, 0, 57.59%, 15, 2, 8, 219.86, 984676, 129
3999, 14, 110, 172, 63, 0, 57.59%, 15, 2, 8, 230.83, 985849, 129
4004, 14, 149, 172, 63, 0, 57.59%, 15, 2, 8, 241.60, 987041, 129
4009, 14, 130, 172, 63, 0, 57.59%, 15, 2, 8, 257.29, 988337, 129
4014, 14, 110, 172, 63, 0, 57.59%, 15, 2, 8, 246.90, 989495, 129
4019, 14, 110, 172, 63, 0, 57.59%, 15, 2, 8, 276.66, 990837, 129
4024, 14, 110, 172, 63, 0, 57.59%, 15, 2, 8, 249.63, 992069, 129
4029, 14, 110, 172, 63, 0, 57.59%, 15, 2, 8, 218.68, 993104, 129
4035, 14, 2, 172, 63, 0, 57.59%, 15, 2, 8, 240.99, 994324, 129
4040, 14, 110, 172, 63, 0, 57.59%, 15, 2, 8, 125.21, 995450, 129
4045, 14, 110, 172, 63, 0, 57.59%, 15, 2, 8, 199.43, 996530, 129
4050, 14, 130, 172, 63, 0, 57.59%, 15, 2, 8, 227.69, 997760, 129
4055, 14, 7, 172, 63, 0, 57.59%, 15, 2, 8, 220.69, 998794, 129
4060, 14, 110, 172, 63, 0, 57.59%, 15, 2, 8, 228.80, 999987, 129
4065, 14, 67, 172, 63, 0, 57.59%, 15, 2, 8, 241.90, 1001142, 129
4070, 14, 110, 172, 63, 0, 57.59%, 15, 2, 8, 226.90, 1002286, 129
4075, 14, 110, 172, 63, 0, 57.59%, 15, 2, 8, 216.43, 1003389, 129
4080, 14, 114, 172, 63, 0, 57.59%, 15, 2, 8, 253.18, 1004637, 129
4085, 14, 30, 172, 63, 0, 57.59%, 15, 2, 8, 150.85, 1005926, 129
4090, 14, 124, 172, 63, 0, 57.59%, 15, 2, 8, 215.75, 1007116, 129
4096, 14, 14, 172, 63, 0, 57.59%, 15, 2, 8, 209.15, 1008167, 129
4101, 14, 149, 172, 63, 0, 57.59%, 15, 2, 8, 199.59, 1009245, 129
4106, 14, 13, 172, 63, 0, 57.59%, 15, 2, 8, 260.42, 1010587, 129
4111, 14, 13, 172, 63, 0, 57.59%, 15, 2, 8, 137.48, 1011841, 129
4116, 14, 30, 172, 63, 0, 57.59%, 15, 2, 8, 238.41, 1013132, 129
4121, 14, 110, 172, 63, 0, 57.59%, 15, 2, 8, 236.87, 1014344, 129
4126, 14, 7, 172, 63, 0, 57.59%, 15, 2, 8, 197.60, 1015546, 129
4131, 14, 67, 172, 63, 0, 57.59%, 15, 2, 8, 262.41, 1016897, 129
4137, 14, 2, 172, 63, 0, 57.59%, 15, 2, 8, 260.90, 1018215, 129
4142, 14, 110, 172, 63, 0, 57.59%, 15, 2, 8, 217.16, 1019233, 129
4147, 14, 14, 172, 63, 0, 57.59%, 15, 2, 8, 154.48, 1020497, 129
4152, 14, 110, 172, 63, 0, 57.59%, 15, 2, 8, 195.44, 1021643, 129
4157, 14, 0, 172, 63, 0, 57.59%, 15, 2, 8, 64.95, 1022727, 129
4162, 14, 34, 172, 63, 0, 57.59%, 15, 2, 8, 200.82, 1023960, 129
4167, 14, 31, 172, 63, 0, 57.59%, 15, 2, 8, 229.86, 1025214, 129
4173, 14, 13, 172, 63, 0, 57.59%, 15, 2, 8, 226.00, 1026393, 129
4178, 14, 124, 172, 63, 0, 57.59%, 15, 2, 8, 276.98, 1027865, 129
4183, 14, 141, 172, 63, 0, 57.59%, 15, 2, 8, 241.33, 1029095, 129
4188, 14, 159, 173, 64, 0, 57.59%, 15, 2, 8, 52.40, 1029967, 129
4193, 14, 18, 173, 63, 0, 57.59%, 15, 2, 8, 150.32, 1030877, 129
4198, 14, 110, 173, 63, 0, 57.59%, 15, 2, 8, 227.73, 1032175, 129
4203, 14, 110, 173, 63, 0, 57.59%, 15, 2, 8, 265.44, 1033554, 129
4208, 14, 110, 173, 63, 0, 57.59%, 15, 2, 8, 261.47, 1034839, 129
4213, 14, 81, 173, 63, 0, 57.59%, 15, 2, 8, 254.58, 1036061, 129
4219, 14, 110, 173, 63, 0, 57.59%, 15, 2, 8, 244.79, 1037289, 129
4224, 14, 18, 173, 63, 0, 57.59%, 15, 2, 8, 253.22, 1038511, 129
4229, 14, 120, 173, 63, 0, 57.59%, 15, 2, 8, 244.98, 1039708, 129
4234, 14, 14, 173, 62, 0, 57.59%, 15, 2, 8, 256.38, 1040939, 129
4239, 14, 34, 173, 62, 0, 57.59%, 15, 2, 8, 261.86, 1042220, 129
4244, 14, 34, 173, 62, 0, 57.59%, 15, 2, 8, 154.37, 1043354, 129
4249, 14, 110, 173, 62, 0, 57.59%, 15, 2, 8, 203.82, 1044482, 129
4254, 14, 0, 173, 62, 0, 57.59%, 15, 2, 8, 159.99, 1045638, 129
4259, 14, 67, 173, 62, 0, 57.59%, 15, 2, 8, 209.04, 1046837, 129
4264, 14, 30, 173, 62, 0, 57.59%, 15, 2, 8, 219.30, 1047979, 129
4270, 14, 2, 173, 62, 0, 57.59%, 15, 2, 8, 232.60, 1049142, 129
4275, 14, 110, 173, 62, 0, 57.59%, 15, 2, 8, 219.24, 1050258, 129
4280, 14, 124, 173, 62, 0, 57.59%, 15, 2, 8, 212.20, 1051269, 129
4285, 14, 34, 173, 62, 0, 57.59%, 15, 2, 8, 216.35, 1052355, 129
4290, 14, 155, 173, 62, 0, 57.59%, 15, 2, 8, 217.53, 1053603, 129
4295, 15, 110, 173, 62, 0, 57.59%, 15, 2, 8, 237.47, 1054731, 129
4300, 15, 110, 173, 62, 0, 57.59%, 15, 2, 8, 166.52, 1055817, 129
4305, 15, 30, 173, 62, 0, 57.59%, 15, 2, 8, 241.63, 1057081, 129
4311, 15, 124, 173, 62, 0, 57.59%, 15, 2, 8, 266.11, 1058349, 129
4316, 15, 13, 173, 62, 0, 57.59%, 15, 2, 8, 243.75, 1059549, 129
4321, 15, 168, 173, 62, 0, 57.59%, 15, 2, 8, 109.02, 1060310, 129
4326, 15, 2, 173, 61, 0, 57.59%, 15, 2, 8, 188.08, 1061301, 129
4331, 15, 67, 173, 61, 0, 57.59%, 15, 2, 8, 208.92, 1062308, 129
4336, 15, 110, 173, 61, 0, 57.59%, 15, 2, 8, 257.53, 1063651, 129
4341, 15, 14, 173, 61, 0, 57.59%, 15, 2, 8, 257.20, 1064852, 129
4346, 15, 2, 173, 61, 0, 57.59%, 15, 2, 8, 247.62, 1066039, 129
4351, 15, 30, 173, 61, 0, 57.59%, 15, 2, 8, 151.70, 1067116, 129
4356, 15, 110, 173, 61, 0, 57.59%, 15, 2, 8, 213.64, 1068290, 129
4361, 15, 13, 173, 61, 0, 57.59%, 15, 2, 8, 232.77, 1069446, 129
4366, 15, 13, 173, 61, 0, 57.59%, 15, 2, 8, 161.74, 1070545, 129
4372, 15, 149, 173, 61, 0, 57.59%, 15, 2, 8, 251.26, 1071911, 129
4377, 15, 13, 173, 61, 0, 57.59%, 15, 2, 8, 289.04, 1073469, 129
4382, 15, 67, 173, 61, 0, 57.59%, 15, 2, 8, 289.88, 1074834, 129
4387, 15, 110, 173, 61, 0, 57.59%, 15, 2, 8, 168.66, 1075861, 129
4392, 15, 67, 173, 61, 0, 57.59%, 15, 2, 8, 228.65, 1077040, 129
4397, 15, 110, 173, 61, 0, 57.59%, 15, 2, 8, 256.44, 1078387, 129
4402, 15, 2, 173, 61, 0, 57.59%, 15, 2, 8, 236.65, 1079524, 129
4407, 15, 110, 173, 61, 0, 57.59%, 15, 2, 8, 219.07, 1080549, 129
4413, 15, 13, 173, 61, 0, 57.59%, 15, 2, 8, 233.24, 1081672, 129
4418, 15, 110, 173, 61, 0, 57.59%, 15, 2, 8, 228.79, 1082838, 129
4423, 15, 137, 173, 61, 0, 57.59%, 15, 2, 8, 110.55, 1083611, 129
4428, 15, 13, 173, 60, 0, 57.59%, 15, 2, 8, 221.16, 1084802, 129
4433, 15, 30, 173, 60, 0, 57.59%, 15, 2, 8, 232.55, 1086027, 129
4438, 15, 110, 173, 60, 0, 57.59%, 15, 2, 8, 268.61, 1087388, 129
4443, 15, 67, 173, 60, 0, 57.59%, 15, 2, 8, 278.29, 1088727, 129
4448, 15, 110, 173, 60, 0, 57.59%, 15, 2, 8, 201.53, 1089881, 129
4453, 15, 110, 173, 60, 0, 57.59%, 15, 2, 8, 220.71, 1090994, 129
4459, 15, 110, 173, 60, 0, 57.59%, 15, 2, 8, 198.14, 1091910, 129
4464, 15, 67, 173, 60, 0, 57.59%, 15, 2, 8, 267.36, 1093258, 129
4469, 15, 34, 173, 60, 0, 57.59%, 15, 2, 8, 279.85, 1094611, 129
4474, 15, 14, 173, 60, 0, 57.59%, 15, 2, 8, 233.91, 1095777, 129
4479, 15, 110, 173, 60, 0, 57.59%, 15, 2, 8, 239.08, 1097015, 129
4484, 15, 110, 173, 60, 0, 57.59%, 15, 2, 8, 253.83, 1098255, 129
4489, 15, 124, 173, 60, 0, 57.59%, 15, 2, 8, 328.91, 1099966, 129
4494, 15, 2, 173, 60, 0, 57.59%, 15, 2, 8, 274.79, 1101294, 129
4499, 15, 130, 173, 60, 0, 57.59%, 15, 2, 8, 251.62, 1102641, 129
4505, 15, 34, 173, 60, 0, 57.59%, 15, 2, 8, 305.12, 1104122, 129
4510, 15, 18, 173, 60, 0, 57.59%, 15, 2, 8, 306.01, 1105667, 129
4515, 15, 2, 173, 60, 0, 57.59%, 15, 2, 8, 276.35, 1107085, 129
4520, 15, 30, 173, 60, 0, 57.59%, 15, 2, 8, 221.56, 1108066, 129
4525, 15, 67, 173, 60, 0, 57.59%, 15, 2, 8, 255.08, 1109357, 129
4530, 15, 124, 173, 60, 0, 57.59%, 15, 2, 8, 265.47, 1110705, 129
4535, 15, 110, 173, 60, 0, 57.59%, 15, 2, 8, 226.50, 1111822, 129
4540, 15, 2, 173, 60, 0, 57.59%, 15, 2, 8, 237.47, 1113000, 129
4545, 15, 14, 173, 60, 0, 57.59%, 15, 2, 8, 281.68, 1114412, 129
4551, 15, 110, 173, 60, 0, 57.59%, 15, 2, 8, 263.38, 1115709, 129
4556, 15, 169, 173, 60, 0, 57.59%, 15, 2, 8, 225.03, 1116829, 129
4561, 15, 169, 173, 60, 0, 57.59%, 15, 2, 8, 133.44, 1117606, 129
4566, 15, 169, 174, 61, 0, 57.59%, 15, 2, 8, 144.55, 1118179, 129
4571, 15, 14, 174, 60, 0, 57.59%, 15, 2, 8, 226.04, 1119488, 129
4576, 15, 14, 174, 60, 0, 57.59%, 15, 2, 8, 261.66, 1120868, 129
4581, 15, 110, 174, 60, 0, 57.59%, 15, 2, 8, 254.32, 1122162, 129
4586, 15, 124, 174, 60, 0, 57.59%, 15, 2, 8, 218.10, 1123367, 129
4591, 15, 14, 174, 60, 0, 57.59%, 15, 2, 8, 251.97, 1124644, 129
4597, 15, 34, 174, 60, 0, 57.59%, 15, 2, 8, 223.01, 1125804, 129
4602, 15, 139, 174, 60, 0, 57.59%, 15, 2, 8, 208.20, 1126953, 129
4607, 15, 110, 174, 59, 0, 57.59%, 15, 2, 8, 233.08, 1128082, 129
4612, 15, 47, 174, 59, 0, 57.59%, 15, 2, 8, 257.04, 1129279, 129
4617, 15, 34, 174, 58, 0, 57.59%, 15, 2, 8, 270.16, 1130535, 129
4622, 15, 13, 174, 58, 0, 57.59%, 15, 2, 8, 279.53, 1131889, 129
4627, 15, 110, 174, 58, 0, 57.59%, 15, 2, 8, 263.64, 1133162, 129
4632, 15, 124, 174, 58, 0, 57.59%, 15, 2, 8, 274.40, 1134482, 129
4637, 15, 110, 174, 58, 0, 57.59%, 15, 2, 8, 241.92, 1135690, 129
4643, 16, 34, 174, 58, 0, 57.59%, 15, 2, 8, 264.25, 1137022, 129
4648, 16, 67, 174, 58, 0, 57.59%, 15, 2, 8, 260.61, 1138394, 129
4653, 16, 34, 174, 58, 0, 57.59%, 15, 2, 8, 271.51, 1139742, 129
4658, 16, 34, 174, 58, 0, 57.59%, 15, 2, 8, 276.71, 1141102, 129
4663, 16, 110, 174, 58, 0, 57.59%, 15, 2, 8, 262.45, 1142360, 129
4668, 16, 14, 174, 58, 0, 57.59%, 15, 2, 8, 206.98, 1143523, 129
4673, 16, 34, 174, 58, 0, 57.59%, 15, 2, 8, 268.19, 1144919, 129
4678, 16, 34, 174, 58, 0, 57.59%, 15, 2, 8, 250.71, 1146088, 129
4683, 16, 110, 174, 58, 0, 57.59%, 15, 2, 8, 265.90, 1147282, 129
4689, 16, 34, 174, 58, 0, 57.59%, 15, 2, 8, 266.58, 1148564, 129
4694, 16, 124, 174, 58, 0, 57.59%, 15, 2, 8, 232.94, 1149793, 129
4699, 16, 110, 174, 58, 0, 57.59%, 15, 2, 8, 238.41, 1150942, 129
4704, 16, 110, 174, 58, 0, 57.59%, 15, 2, 8, 250.59, 1152086, 129
4709, 16, 110, 174, 58, 0, 57.59%, 15, 2, 8, 254.99, 1153355, 129
4714, 16, 110, 174, 58, 0, 57.59%, 15, 2, 8, 235.06, 1154493, 129
4720, 16, 30, 174, 58, 0, 57.59%, 15, 2, 8, 193.65, 1155672, 129
4725, 16, 141, 174, 58, 0, 57.59%, 15, 2, 8, 203.19, 1156716, 129
4730, 16, 110, 174, 58, 0, 57.59%, 15, 2, 8, 221.57, 1157855, 129
4735, 16, 124, 174, 58, 0, 57.59%, 15, 2, 8, 223.91, 1159022, 129
4740, 16, 110, 174, 58, 0, 57.59%, 15, 2, 8, 225.35, 1160149, 129
4745, 16, 0, 175, 59, 0, 57.59%, 15, 2, 8, 249.83, 1161078, 129
4751, 16, 124, 175, 59, 0, 57.59%, 15, 2, 8, 255.80, 1162394, 129
4756, 16, 110, 175, 59, 0, 57.59%, 15, 2, 8, 217.93, 1163430, 129
4761, 16, 110, 175, 59, 0, 57.59%, 15, 2, 8, 220.20, 1164583, 129
4766, 16, 124, 175, 59, 0, 57.59%, 15, 2, 8, 228.38, 1165670, 129
4771, 16, 34, 175, 59, 0, 57.59%, 15, 2, 8, 224.77, 1166748, 129
4776, 16, 110, 175, 59, 0, 57.59%, 15, 2, 8, 244.03, 1168025, 129
4781, 16, 110, 175, 59, 0, 57.59%, 15, 2, 8, 216.08, 1169088, 129
4786, 16, 34, 175, 59, 0, 57.59%, 15, 2, 8, 246.08, 1170305, 129
4791, 16, 110, 175, 59, 0, 57.59%, 15, 2, 8, 270.42, 1171662, 129
4796, 16, 34, 175, 59, 0, 57.59%, 15, 2, 8, 285.62, 1173063, 129
4801, 16, 67, 175, 59, 0, 57.59%, 15, 2, 8, 259.54, 1174387, 129
4807, 16, 2, 175, 59, 0, 57.59%, 15, 2, 8, 254.91, 1175696, 129
4812, 16, 34, 175, 59, 0, 57.59%, 15, 2, 8, 247.54, 1176881, 129
4817, 16, 124, 175, 59, 0, 57.59%, 15, 2, 8, 232.42, 1178037, 129
4822, 16, 14, 175, 59, 0, 57.59%, 15, 2, 8, 254.57, 1179313, 129
4827, 16, 110, 175, 59, 0, 57.59%, 15, 2, 8, 235.80, 1180481, 129
4832, 16, 157, 175, 59, 0, 57.59%, 15, 2, 8, 148.25, 1181436, 129
4837, 16, 157, 175, 59, 0, 57.59%, 15, 2, 8, 121.53, 1182177, 129
4843, 16, 30, 175, 58, 0, 57.59%, 15, 2, 8, 213.85, 1183223, 129
4848, 16, 110, 175, 58, 0, 57.59%, 15, 2, 8, 230.30, 1184395, 129
4853, 16, 110, 175, 58, 0, 57.59%, 15, 2, 8, 206.97, 1185422, 129
4858, 16, 110, 175, 58, 0, 57.59%, 15, 2, 8, 197.11, 1186448, 129
4863, 16, 124, 175, 58, 0, 57.59%, 15, 2, 8, 229.79, 1187628, 129
4868, 16, 13, 175, 58, 0, 57.59%, 15, 2, 8, 235.60, 1188763, 129
4874, 16, 124, 175, 58, 0, 57.59%, 15, 2, 8, 233.48, 1189896, 129
4879, 16, 110, 175, 58, 0, 57.59%, 15, 2, 8, 207.03, 1190912, 129
4884, 16, 2, 175, 58, 0, 57.59%, 15, 2, 8, 222.81, 1192019, 129
4889, 16, 149, 175, 58, 0, 57.59%, 15, 2, 8, 212.80, 1193050, 129
4894, 16, 110, 175, 58, 0, 57.59%, 15, 2, 8, 202.52, 1194033, 129
4899, 16, 81, 175, 58, 0, 57.59%, 15, 2, 8, 185.57, 1195081, 129
4904, 16, 14, 175, 58, 0, 57.59%, 15, 2, 8, 264.64, 1196455, 129
4909, 16, 141, 175, 58, 0, 57.59%, 15, 2, 8, 248.44, 1197638, 129
4914, 16, 130, 175, 58, 0, 57.59%, 15, 2, 8, 219.54, 1198714, 129
4920, 16, 34, 175, 58, 0, 57.59%, 15, 2, 8, 251.46, 1199959, 129
4925, 16, 13, 175, 58, 0, 57.59%, 15, 2, 8, 254.06, 1201174, 129
4930, 16, 110, 175, 58, 0, 57.59%, 15, 2, 8, 239.26, 1202322, 129
4935, 16, 155, 175, 58, 0, 57.59%, 15, 2, 8, 181.91, 1203212, 129
4940, 16, 110, 175, 58, 0, 57.59%, 15, 2, 8, 229.68, 1204349, 129
4945, 16, 110, 175, 58, 0, 57.59%, 15, 2, 8, 231.92, 1205490, 129
4950, 16, 110, 175, 58, 0, 57.59%, 15, 2, 8, 220.47, 1206588, 129
4955, 16, 110, 175, 58, 0, 57.59%, 15, 2, 8, 218.50, 1207619, 129
4960, 16, 110, 175, 58, 0, 57.59%, 15, 2, 8, 230.71, 1208763, 129
4965, 16, 130, 175, 58, 0, 57.59%, 15, 2, 8, 211.48, 1209786, 129
4971, 16, 110, 175, 58, 0, 57.59%, 15, 2, 8, 202.93, 1210822, 129
4976, 16, 110, 175, 58, 0, 57.59%, 15, 2, 8, 218.36, 1211941, 129
4981, 16, 34, 175, 58, 0, 57.59%, 15, 2, 8, 246.54, 1213132, 129
4986, 16, 124, 175, 58, 0, 57.59%, 15, 2, 8, 223.05, 1214261, 129
4991, 16, 110, 175, 58, 0, 57.59%, 15, 2, 8, 205.88, 1215241, 129
4996, 16, 67, 175, 58, 0, 57.59%, 15, 2, 8, 297.58, 1216774, 129
5001, 16, 110, 175, 58, 0, 57.59%, 15, 2, 8, 234.22, 1217825, 129
5006, 16, 110, 175, 58, 0, 57.59%, 15, 2, 8, 220.03, 1218903, 129
5011, 16, 30, 175, 58, 0, 57.59%, 15, 2, 8, 276.61, 1220084, 129
5017, 16, 81, 175, 58, 0, 57.59%, 15, 2, 8, 203.60, 1221315, 129
5022, 17, 124, 175, 58, 0, 57.59%, 15, 2, 8, 237.50, 1222464, 129
5027, 17, 14, 175, 58, 0, 57.59%, 15, 2, 8, 257.84, 1223745, 129
5032, 17, 2, 175, 58, 0, 57.59%, 15, 2, 8, 242.58, 1224955, 129
5037, 17, 34, 175, 58, 0, 57.59%, 15, 2, 8, 243.61, 1226181, 129
5042, 17, 124, 175, 58, 0, 57.59%, 15, 2, 8, 237.31, 1227378, 129
5047, 17, 124, 175, 58, 0, 57.59%, 15, 2, 8, 229.65, 1228445, 129
5052, 17, 114, 175, 58, 0, 57.59%, 15, 2, 8, 214.59, 1229469, 129
5057, 17, 110, 175, 58, 0, 57.59%, 15, 2, 8, 227.85, 1230587, 129
5063, 17, 110, 175, 58, 0, 57.59%, 15, 2, 8, 216.20, 1231665, 129
5068, 17, 110, 175, 58, 0, 57.59%, 15, 2, 8, 217.96, 1232767, 129
5073, 17, 110, 175, 58, 0, 57.59%, 15, 2, 8, 234.23, 1233898, 129
5078, 17, 124, 175, 58, 0, 57.59%, 15, 2, 8, 260.96, 1234979, 129
5083, 17, 0, 175, 58, 0, 57.59%, 15, 2, 8, 199.29, 1236173, 129
5088, 17, 13, 175, 58, 0, 57.59%, 15, 2, 8, 230.70, 1237305, 129
5093, 17, 30, 175, 58, 0, 57.59%, 15, 2, 8, 195.42, 1238458, 129
5098, 17, 110, 175, 58, 0, 57.59%, 15, 2, 8, 228.06, 1239606, 129
5104, 17, 34, 175, 58, 0, 57.59%, 15, 2, 8, 242.47, 1240773, 129
5109, 17, 67, 175, 58, 0, 57.59%, 15, 2, 8, 233.84, 1241917, 129
5114, 17, 155, 175, 58, 0, 57.59%, 15, 2, 8, 235.97, 1243136, 129
5119, 17, 124, 175, 58, 0, 57.59%, 15, 2, 8, 217.02, 1244123, 129
5124, 17, 125, 175, 57, 0, 57.59%, 15, 2, 8, 231.65, 1245359, 129
5129, 17, 110, 175, 57, 0, 57.59%, 15, 2, 8, 223.20, 1246459, 129
5134, 17, 14, 175, 57, 0, 57.59%, 15, 2, 8, 228.37, 1247585, 129
5139, 17, 114, 175, 57, 0, 57.59%, 15, 2, 8, 248.18, 1248810, 129
5144, 17, 34, 175, 57, 0, 57.59%, 15, 2, 8, 227.66, 1249872, 129
5149, 17, 110, 175, 57, 0, 57.59%, 15, 2, 8, 229.96, 1251011, 129
5155, 17, 132, 175, 57, 0, 57.59%, 15, 2, 8, 223.15, 1252125, 129
5160, 17, 34, 175, 56, 0, 57.59%, 15, 2, 8, 198.02, 1253068, 129
5165, 17, 110, 175, 56, 0, 57.59%, 15, 2, 8, 181.77, 1254008, 129
5170, 17, 110, 175, 56, 0, 57.59%, 15, 2, 8, 193.94, 1254980, 129
5175, 17, 124, 175, 56, 0, 57.59%, 15, 2, 8, 214.22, 1256118, 129
5180, 17, 110, 175, 56, 0, 57.59%, 15, 2, 8, 203.32, 1257114, 129
5185, 17, 110, 175, 56, 0, 57.59%, 15, 2, 8, 224.59, 1258261, 129
5190, 17, 110, 175, 56, 0, 57.59%, 15, 2, 8, 228.67, 1259372, 129
5196, 17, 133, 175, 56, 0, 57.59%, 15, 2, 8, 193.77, 1260351, 129
5201, 17, 133, 175, 56, 0, 57.59%, 15, 2, 8, 150.17, 1261253, 129
5206, 17, 165, 175, 55, 0, 57.59%, 15, 2, 8, 155.64, 1262052, 129
5211, 17, 14, 175, 54, 0, 57.59%, 15, 2, 8, 215.03, 1263050, 129
5216, 17, 110, 175, 54, 0, 57.59%, 15, 2, 8, 218.74, 1264151, 129
5221, 17, 110, 175, 54, 0, 57.59%, 15, 2, 8, 217.88, 1265307, 129
5226, 17, 110, 175, 54, 0, 57.59%, 15, 2, 8, 208.28, 1266274, 129
5231, 17, 13, 175, 54, 0, 57.59%, 15, 2, 8, 224.38, 1267357, 129
5236, 17, 110, 175, 54, 0, 57.59%, 15, 2, 8, 213.92, 1268419, 129
5241, 17, 110, 175, 54, 0, 57.59%, 15, 2, 8, 200.86, 1269393, 129
5246, 17, 110, 175, 54, 0, 57.59%, 15, 2, 8, 211.81, 1270465, 129
5251, 17, 13, 175, 54, 0, 57.59%, 15, 2, 8, 243.53, 1271680, 129
5256, 17, 110, 175, 54, 0, 57.59%, 15, 2, 8, 192.38, 1272686, 129
5262, 17, 81, 175, 54, 0, 57.59%, 15, 2, 8, 227.25, 1273819, 129
5267, 17, 67, 175, 54, 0, 57.59%, 15, 2, 8, 235.24, 1274929, 129
5272, 17, 110, 175, 54, 0, 57.59%, 15, 2, 8, 211.39, 1276044, 129
5277, 17, 110, 175, 54, 0, 57.59%, 15, 2, 8, 217.63, 1277120, 129
5282, 17, 110, 175, 54, 0, 57.59%, 15, 2, 8, 207.78, 1278154, 129
5287, 17, 124, 175, 54, 0, 57.59%, 15, 2, 8, 189.87, 1279053, 129
5292, 17, 112, 175, 54, 0, 57.59%, 15, 2, 8, 169.68, 1279910, 129
5297, 17, 112, 175, 54, 0, 57.59%, 15, 2, 8, 109.24, 1280608, 129
5302, 17, 112, 175, 54, 0, 57.59%, 15, 2, 8, 133.59, 1281320, 129
5307, 17, 67, 175, 53, 0, 57.59%, 15, 2, 8, 174.07, 1282173, 129
5313, 17, 110, 175, 53, 0, 57.59%, 15, 2, 8, 231.85, 1283483, 129
5318, 17, 7, 175, 53, 0, 57.59%, 15, 2, 8, 233.38, 1284668, 129
5323, 17, 18, 175, 53, 0, 57.59%, 15, 2, 8, 252.51, 1285918, 129
5328, 17, 2, 175, 53, 0, 57.59%, 15, 2, 8, 220.51, 1287027, 129
5333, 17, 14, 175, 53, 0, 57.59%, 15, 2, 8, 224.56, 1288136, 129
5339, 17, 30, 175, 53, 0, 57.59%, 15, 2, 8, 173.90, 1289286, 129
5344, 17, 67, 175, 53, 0, 57.59%, 15, 2, 8, 241.41, 1290540, 129
5349, 17, 124, 175, 53, 0, 57.59%, 15, 2, 8, 225.17, 1291652, 129
5354, 17, 34, 175, 53, 0, 57.59%, 15, 2, 8, 227.13, 1292755, 129
5359, 17, 34, 175, 53, 0, 57.59%, 15, 2, 8, 201.86, 1293855, 129
5364, 17, 14, 175, 53, 0, 57.59%, 15, 2, 8, 229.10, 1295092, 129
5369, 17, 138, 175, 53, 0, 57.59%, 15, 2, 8, 194.37, 1296074, 129
5374, 17, 124, 175, 52, 0, 57.59%, 15, 2, 8, 182.07, 1296946, 129
5380, 17, 110, 175, 52, 0, 57.59%, 15, 2, 8, 194.98, 1297916, 129
5385, 17, 67, 175, 52, 0, 57.59%, 15, 2, 8, 221.66, 1299025, 129
5390, 17, 124, 175, 52, 0, 57.59%, 15, 2, 8, 111.21, 1300104, 129
5395, 17, 110, 175, 52, 0, 57.59%, 15, 2, 8, 200.08, 1301188, 129
5400, 17, 13, 175, 52, 0, 57.59%, 15, 2, 8, 226.07, 1302344, 129
5405, 17, 18, 175, 52, 0, 57.59%, 15, 2, 8, 236.06, 1303566, 129
5410, 17, 34, 175, 52, 0, 57.59%, 15, 2, 8, 239.48, 1304718, 129
5415, 17, 2, 175, 52, 0, 57.59%, 15, 2, 8, 182.61, 1305877, 129
5421, 18, 18, 175, 52, 0, 57.59%, 15, 2, 8, 205.90, 1306978, 129
5426, 18, 34, 175, 52, 0, 57.59%, 15, 2, 8, 171.37, 1308228, 129
5431, 18, 110, 175, 52, 0, 57.59%, 15, 2, 8, 224.52, 1309431, 129
5436, 18, 14, 175, 52, 0, 57.59%, 15, 2, 8, 167.99, 1310623, 129
5441, 18, 70, 175, 52, 0, 57.59%, 15, 2, 8, 200.27, 1311687, 129
5446, 18, 67, 175, 52, 0, 57.59%, 15, 2, 8, 248.57, 1312981, 129
5451, 18, 166, 175, 52, 0, 57.59%, 15, 2, 8, 104.83, 1313820, 129
5456, 18, 110, 175, 51, 0, 57.59%, 15, 2, 8, 195.59, 1314854, 129
5462, 18, 110, 175, 51, 0, 57.59%, 15, 2, 8, 194.27, 1315884, 129
5467, 18, 110, 175, 51, 0, 57.59%, 15, 2, 8, 230.30, 1317065, 129
5472, 18, 14, 175, 51, 0, 57.59%, 15, 2, 8, 304.10, 1318250, 129
5477, 18, 14, 175, 51, 0, 57.59%, 15, 2, 8, 275.25, 1319570, 129
5482, 18, 110, 175, 51, 0, 57.59%, 15, 2, 8, 250.95, 1320812, 129
5487, 18, 110, 175, 51, 0, 57.59%, 15, 2, 8, 195.75, 1321913, 129
5492, 18, 34, 175, 51, 0, 57.59%, 15, 2, 8, 253.54, 1323206, 129
5497, 18, 31, 175, 51, 0, 57.59%, 15, 2, 8, 247.37, 1324412, 129
5502, 18, 124, 175, 51, 0, 57.59%, 15, 2, 8, 234.54, 1325619, 129
5507, 18, 7, 175, 51, 0, 57.59%, 15, 2, 8, 268.82, 1327017, 129
5513, 18, 110, 175, 51, 0, 57.59%, 15, 2, 8, 264.08, 1328280, 129
5518, 18, 14, 175, 51, 0, 57.59%, 15, 2, 8, 243.93, 1329514, 129
5523, 18, 124, 175, 51, 0, 57.59%, 15, 2, 8, 258.44, 1330848, 129
5528, 18, 13, 175, 51, 0, 57.59%, 15, 2, 8, 247.65, 1332012, 129
5533, 18, 110, 175, 51, 0, 57.59%, 15, 2, 8, 245.52, 1333274, 129
5538, 18, 110, 175, 51, 0, 57.59%, 15, 2, 8, 251.32, 1334450, 129
5543, 18, 13, 175, 51, 0, 57.59%, 15, 2, 8, 238.07, 1335661, 129
5548, 18, 124, 175, 51, 0, 57.59%, 15, 2, 8, 274.33, 1337099, 129
5554, 18, 13, 175, 51, 0, 57.59%, 15, 2, 8, 269.74, 1338372, 129
5559, 18, 110, 175, 51, 0, 57.59%, 15, 2, 8, 244.25, 1339571, 129
5564, 18, 149, 175, 51, 0, 57.59%, 15, 2, 8, 231.70, 1340708, 129
5569, 18, 13, 175, 51, 0, 57.59%, 15, 2, 8, 237.64, 1341829, 129
5574, 18, 30, 175, 51, 0, 57.59%, 15, 2, 8, 263.96, 1343142, 129
5579, 18, 2, 175, 51, 0, 57.59%, 15, 2, 8, 200.62, 1344283, 129
5584, 18, 2, 175, 51, 0, 57.59%, 15, 2, 8, 218.43, 1345380, 129
5589, 18, 110, 175, 51, 0, 57.59%, 15, 2, 8, 233.41, 1346525, 129
5594, 18, 67, 175, 51, 0, 57.59%, 15, 2, 8, 296.59, 1347947, 129
5599, 18, 110, 175, 51, 0, 57.59%, 15, 2, 8, 283.19, 1349378, 129
5604, 18, 110, 175, 51, 0, 57.59%, 15, 2, 8, 217.09, 1350673, 129
5609, 18, 163, 175, 51, 0, 57.59%, 15, 2, 8, 184.07, 1351530, 129
5614, 18, 13, 175, 50, 0, 57.59%, 15, 2, 8, 289.09, 1352904, 129
5619, 18, 67, 175, 50, 0, 57.59%, 15, 2, 8, 272.60, 1354182, 129
5625, 18, 13, 175, 50, 0, 57.59%, 15, 2, 8, 303.71, 1355735, 129
5630, 18, 18, 175, 50, 0, 57.59%, 15, 2, 8, 286.44, 1357136, 129
5635, 18, 14, 175, 50, 0, 57.59%, 15, 2, 8, 262.45, 1358384, 129
5640, 18, 110, 175, 50, 0, 57.59%, 15, 2, 8, 254.20, 1359713, 129
5645, 18, 34, 175, 50, 0, 57.59%, 15, 2, 8, 263.91, 1360992, 129
5650, 18, 2, 175, 50, 0, 57.59%, 15, 2, 8, 245.75, 1362173, 129
5655, 18, 110, 175, 50, 0, 57.59%, 15, 2, 8, 215.35, 1363269, 129
5660, 18, 110, 175, 50, 0, 57.59%, 15, 2, 8, 163.36, 1364156, 129
5665, 18, 110, 175, 50, 0, 57.59%, 15, 2, 8, 197.15, 1365184, 129
5670, 18, 110, 175, 50, 0, 57.59%, 15, 2, 8, 197.63, 1366160, 129
5676, 18, 124, 175, 50, 0, 57.59%, 15, 2, 8, 197.16, 1367143, 129
5681, 18, 18, 175, 50, 0, 57.59%, 15, 2, 8, 221.62, 1368268, 129
5686, 18, 110, 175, 50, 0, 57.59%, 15, 2, 8, 207.17, 1369238, 129
5691, 18, 110, 175, 50, 0, 57.59%, 15, 2, 8, 199.42, 1370270, 129
5696, 18, 110, 175, 50, 0, 57.59%, 15, 2, 8, 224.63, 1371401, 129
5701, 18, 0, 175, 50, 0, 57.59%, 15, 2, 8, 240.88, 1372586, 129
5706, 18, 13, 175, 50, 0, 57.59%, 15, 2, 8, 233.16, 1373681, 129
5711, 18, 110, 175, 50, 0, 57.59%, 15, 2, 8, 222.08, 1374737, 129
5717, 18, 110, 175, 50, 0, 57.59%, 15, 2, 8, 241.88, 1375954, 129
5722, 18, 110, 175, 50, 0, 57.59%, 15, 2, 8, 241.18, 1377138, 129
5727, 18, 130, 175, 50, 0, 57.59%, 15, 2, 8, 172.12, 1378170, 129
5732, 18, 110, 175, 50, 0, 57.59%, 15, 2, 8, 224.88, 1379305, 129
5737, 18, 110, 175, 50, 0, 57.59%, 15, 2, 8, 210.01, 1380328, 129
5742, 18, 110, 175, 50, 0, 57.59%, 15, 2, 8, 211.54, 1381372, 129
5747, 18, 110, 175, 50, 0, 57.59%, 15, 2, 8, 202.68, 1382375, 129
5752, 18, 34, 175, 50, 0, 57.59%, 15, 2, 8, 240.32, 1383567, 129
5757, 18, 34, 175, 50, 0, 57.59%, 15, 2, 8, 239.79, 1384711, 129
5762, 18, 114, 175, 50, 0, 57.59%, 15, 2, 8, 221.54, 1385733, 129
5767, 18, 124, 175, 50, 0, 57.59%, 15, 2, 8, 210.60, 1386816, 129
5773, 19, 110, 175, 50, 0, 57.59%, 15, 2, 8, 204.31, 1387811, 129
5778, 19, 34, 175, 50, 0, 57.59%, 15, 2, 8, 195.76, 1388984, 129
5783, 19, 110, 175, 50, 0, 57.59%, 15, 2, 8, 140.90, 1389906, 129
5788, 19, 110, 175, 50, 0, 57.59%, 15, 2, 8, 193.66, 1390937, 129
5793, 19, 14, 175, 50, 0, 57.59%, 15, 2, 8, 225.07, 1392094, 129
5798, 19, 13, 175, 50, 0, 57.59%, 15, 2, 8, 239.86, 1393272, 129
5804, 19, 110, 175, 50, 0, 57.59%, 15, 2, 8, 212.30, 1394277, 129
5809, 19, 110, 175, 50, 0, 57.59%, 15, 2, 8, 232.14, 1395301, 129
5814, 19, 34, 175, 50, 0, 57.59%, 15, 2, 8, 234.28, 1396414, 129
5819, 19, 124, 175, 50, 0, 57.59%, 15, 2, 8, 229.49, 1397598, 129
5824, 19, 110, 175, 50, 0, 57.59%, 15, 2, 8, 140.71, 1398524, 129
5829, 19, 34, 175, 50, 0, 57.59%, 15, 2, 8, 229.21, 1399752, 129
5834, 19, 13, 175, 50, 0, 57.59%, 15, 2, 8, 271.22, 1401089, 129
5839, 19, 34, 175, 50, 0, 57.59%, 15, 2, 8, 277.44, 1402451, 129
5845, 19, 114, 175, 50, 0, 57.59%, 15, 2, 8, 238.24, 1403609, 129
5850, 19, 110, 175, 50, 0, 57.59%, 15, 2, 8, 227.33, 1404695, 129
5855, 19, 110, 175, 50, 0, 57.59%, 15, 2, 8, 232.27, 1405787, 129
5860, 19, 34, 175, 50, 0, 57.59%, 15, 2, 8, 240.60, 1406924, 129
5865, 19, 110, 175, 50, 0, 57.59%, 15, 2, 8, 234.42, 1408098, 129
5870, 19, 34, 175, 50, 0, 57.59%, 15, 2, 8, 211.96, 1409168, 129
5875, 19, 124, 175, 50, 0, 57.59%, 15, 2, 8, 258.60, 1410506, 129
5880, 19, 110, 175, 50, 0, 57.59%, 15, 2, 8, 206.78, 1411514, 129
5885, 19, 110, 175, 50, 0, 57.59%, 15, 2, 8, 218.76, 1412587, 129
5891, 19, 13, 175, 50, 0, 57.59%, 15, 2, 8, 197.43, 1413517, 129
5896, 19, 2, 175, 50, 0, 57.59%, 15, 2, 8, 241.27, 1414797, 129
5901, 19, 14, 175, 50, 0, 57.59%, 15, 2, 8, 238.49, 1415925, 129
5906, 19, 2, 175, 50, 0, 57.59%, 15, 2, 8, 256.04, 1417245, 129
5911, 19, 124, 175, 50, 0, 57.59%, 15, 2, 8, 236.67, 1418411, 129
5916, 19, 81, 175, 50, 0, 57.59%, 15, 2, 8, 180.89, 1419495, 129
5921, 19, 152, 175, 50, 0, 57.59%, 15, 2, 8, 208.35, 1420603, 129
5926, 19, 67, 175, 50, 0, 57.59%, 15, 2, 8, 264.72, 1421980, 129
5932, 19, 110, 175, 50, 0, 57.59%, 15, 2, 8, 254.20, 1423094, 129
5937, 19, 34, 175, 50, 0, 57.59%, 15, 2, 8, 256.94, 1424325, 129
5942, 19, 14, 175, 50, 0, 57.59%, 15, 2, 8, 252.25, 1425605, 129
5947, 19, 34, 175, 50, 0, 57.59%, 15, 2, 8, 248.63, 1426821, 129
5952, 19, 14, 175, 50, 0, 57.59%, 15, 2, 8, 205.69, 1428064, 129
5957, 19, 34, 175, 50, 0, 57.59%, 15, 2, 8, 231.75, 1429230, 129
5962, 19, 110, 175, 50, 0, 57.59%, 15, 2, 8, 163.08, 1430249, 129
5967, 19, 2, 175, 50, 0, 57.59%, 15, 2, 8, 224.70, 1431431, 129
5973, 19, 110, 175, 50, 0, 57.59%, 15, 2, 8, 236.49, 1432589, 129
5978, 19, 110, 175, 50, 0, 57.59%, 15, 2, 8, 220.76, 1433715, 129
5983, 19, 110, 175, 50, 0, 57.59%, 15, 2, 8, 242.73, 1434953, 129
5988, 19, 110, 175, 50, 0, 57.59%, 15, 2, 8, 231.47, 1436070, 129
5993, 19, 67, 175, 50, 0, 57.59%, 15, 2, 8, 237.28, 1437192, 129
5998, 19, 2, 175, 50, 0, 57.59%, 15, 2, 8, 233.15, 1438400, 129
6003, 19, 13, 175, 50, 0, 57.59%, 15, 2, 8, 215.00, 1439399, 129
6008, 19, 81, 175, 50, 0, 57.59%, 15, 2, 8, 239.03, 1440587, 129
6014, 19, 110, 175, 50, 0, 57.59%, 15, 2, 8, 225.89, 1441701, 129
6019, 19, 14, 175, 50, 0, 57.59%, 15, 2, 8, 255.90, 1442984, 129
6024, 19, 34, 175, 50, 0, 57.59%, 15, 2, 8, 244.93, 1444150, 129
6029, 19, 30, 175, 50, 0, 57.59%, 15, 2, 8, 234.79, 1445285, 129
6034, 19, 110, 175, 50, 0, 57.59%, 15, 2, 8, 220.58, 1446358, 129
6039, 19, 18, 175, 50, 0, 57.59%, 15, 2, 8, 170.68, 1447364, 129
6044, 19, 124, 175, 50, 0, 57.59%, 15, 2, 8, 229.49, 1448590, 129
6050, 19, 110, 175, 50, 0, 57.59%, 15, 2, 8, 232.44, 1449719, 129
6055, 19, 155, 175, 50, 0, 57.59%, 15, 2, 8, 222.81, 1450806, 129
6060, 19, 14, 175, 50, 0, 57.59%, 15, 2, 8, 156.43, 1451706, 129
6065, 19, 18, 175, 50, 0, 57.59%, 15, 2, 8, 232.13, 1452932, 129
6070, 19, 34, 176, 51, 0, 57.59%, 15, 2, 8, 83.46, 1453619, 129
6075, 19, 110, 176, 51, 0, 57.59%, 15, 2, 8, 208.73, 1454801, 129
6080, 19, 110, 176, 51, 0, 57.59%, 15, 2, 8, 217.08, 1455852, 129
6085, 19, 110, 176, 51, 0, 57.59%, 15, 2, 8, 220.21, 1456923, 129
6090, 19, 0, 176, 51, 0, 57.59%, 15, 2, 8, 228.48, 1458026, 129
6095, 19, 14, 176, 51, 0, 57.59%, 15, 2, 8, 226.69, 1459119, 129
6101, 19, 67, 176, 51, 0, 57.59%, 15, 2, 8, 248.29, 1460347, 129
6106, 19, 114, 176, 51, 0, 57.59%, 15, 2, 8, 246.04, 1461593, 129
6111, 19, 34, 176, 51, 0, 57.59%, 15, 2, 8, 224.76, 1462744, 129
6116, 19, 110, 176, 51, 0, 57.59%, 15, 2, 8, 224.83, 1463849, 129
6121, 19, 110, 176, 51, 0, 57.59%, 15, 2, 8, 217.51, 1464897, 129
6126, 20, 67, 176, 51, 0, 57.59%, 15, 2, 8, 254.63, 1466228, 129
6131, 20, 114, 176, 51, 0, 57.59%, 15, 2, 8, 197.80, 1467238, 129
6136, 20, 0, 176, 51, 0, 57.59%, 15, 2, 8, 224.39, 1468372, 129
6141, 20, 110, 176, 51, 0, 57.59%, 15, 2, 8, 204.54, 1469405, 129
6146, 20, 34, 176, 51, 0, 57.59%, 15, 2, 8, 208.50, 1470393, 129
6151, 20, 30, 176, 51, 0, 57.59%, 15, 2, 8, 224.08, 1471533, 129
6157, 20, 110, 176, 51, 0, 57.59%, 15, 2, 8, 208.59, 1472591, 129
6162, 20, 14, 176, 51, 0, 57.59%, 15, 2, 8, 216.40, 1473665, 129
6167, 20, 2, 176, 51, 0, 57.59%, 15, 2, 8, 214.26, 1474764, 129
6172, 20, 14, 176, 51, 0, 57.59%, 15, 2, 8, 219.60, 1475815, 129
6177, 20, 34, 176, 51, 0, 57.59%, 15, 2, 8, 240.22, 1477023, 129
6182, 20, 30, 176, 51, 0, 57.59%, 15, 2, 8, 229.31, 1478122, 129
6187, 20, 28, 176, 51, 0, 57.59%, 15, 2, 8, 214.00, 1479148, 129
6192, 20, 67, 176, 51, 0, 57.59%, 15, 2, 8, 237.81, 1480290, 129
6198, 20, 124, 176, 51, 0, 57.59%, 15, 2, 8, 231.08, 1481459, 129
6203, 20, 70, 176, 51, 0, 57.59%, 15, 2, 8, 251.64, 1482691, 129
6208, 20, 110, 176, 51, 0, 57.59%, 15, 2, 8, 234.67, 1483840, 129
6213, 20, 141, 176, 51, 0, 57.59%, 15, 2, 8, 251.64, 1485127, 129
6218, 20, 34, 176, 51, 0, 57.59%, 15, 2, 8, 226.00, 1486144, 129
6223, 20, 110, 176, 51, 0, 57.59%, 15, 2, 8, 218.90, 1487203, 129
6228, 20, 18, 176, 51, 0, 57.59%, 15, 2, 8, 203.15, 1488494, 129
6233, 20, 110, 176, 51, 0, 57.59%, 15, 2, 8, 201.48, 1489585, 129
6239, 20, 34, 176, 51, 0, 57.59%, 15, 2, 8, 218.63, 1490700, 129
6244, 20, 110, 176, 51, 0, 57.59%, 15, 2, 8, 207.54, 1491747, 129
6249, 20, 110, 176, 51, 0, 57.59%, 15, 2, 8, 209.66, 1492786, 129
6254, 20, 13, 176, 51, 0, 57.59%, 15, 2, 8, 225.61, 1493913, 129
6259, 20, 67, 176, 51, 0, 57.59%, 15, 2, 8, 160.36, 1495092, 129
6264, 20, 110, 176, 50, 0, 57.59%, 15, 2, 8, 222.55, 1496325, 129
6269, 20, 110, 176, 50, 0, 57.59%, 15, 2, 8, 249.40, 1497658, 129
6274, 20, 124, 176, 50, 0, 57.59%, 15, 2, 8, 235.50, 1498768, 129
6279, 20, 110, 176, 50, 0, 57.59%, 15, 2, 8, 229.69, 1499902, 129
6285, 20, 30, 176, 50, 0, 57.59%, 15, 2, 8, 216.53, 1500951, 129
6290, 20, 34, 176, 50, 0, 57.59%, 15, 2, 8, 222.25, 1502023, 129
6295, 20, 123, 176, 50, 0, 57.59%, 15, 2, 8, 232.62, 1503226, 129
6300, 20, 70, 176, 49, 0, 57.59%, 15, 2, 8, 228.49, 1504353, 129
6305, 20, 34, 176, 49, 0, 57.59%, 15, 2, 8, 235.26, 1505499, 129
6310, 20, 2, 176, 49, 0, 57.59%, 15, 2, 8, 209.49, 1506534, 129
6315, 20, 13, 176, 49, 0, 57.59%, 15, 2, 8, 244.92, 1507753, 129
6320, 20, 34, 176, 49, 0, 57.59%, 15, 2, 8, 210.61, 1508778, 129
6325, 20, 110, 176, 49, 0, 57.59%, 15, 2, 8, 149.46, 1509933, 129
6331, 20, 110, 176, 49, 0, 57.59%, 15, 2, 8, 155.09, 1511134, 129
6336, 20, 14, 176, 49, 0, 57.59%, 15, 2, 8, 208.95, 1512208, 129
6341, 20, 110, 176, 49, 0, 57.59%, 15, 2, 8, 222.61, 1513354, 129
6346, 20, 110, 176, 48, 0, 57.59%, 15, 2, 8, 221.48, 1514455, 129
6351, 20, 110, 176, 48, 0, 57.59%, 15, 2, 8, 223.24, 1515573, 129
6356, 20, 34, 176, 48, 0, 57.59%, 15, 2, 8, 233.50, 1516701, 129
6361, 20, 110, 176, 48, 0, 57.59%, 15, 2, 8, 246.60, 1517953, 129
6366, 20, 34, 176, 48, 0, 57.59%, 15, 2, 8, 43.17, 1519008, 129
6371, 20, 110, 176, 48, 0, 57.59%, 15, 2, 8, 232.70, 1520120, 129
6376, 20, 102, 176, 48, 0, 57.59%, 15, 2, 8, 205.17, 1521123, 129
6381, 20, 167, 176, 47, 0, 57.59%, 15, 2, 8, 116.35, 1521907, 129
6387, 20, 14, 176, 46, 0, 57.59%, 15, 2, 8, 185.54, 1522845, 129
6392, 20, 28, 177, 47, 0, 57.59%, 15, 2, 8, 184.49, 1523490, 129
6397, 20, 110, 177, 47, 0, 57.59%, 15, 2, 8, 265.12, 1524747, 129
6402, 20, 110, 177, 47, 0, 57.59%, 15, 2, 8, 209.59, 1525749, 129
6407, 20, 110, 177, 47, 0, 57.59%, 15, 2, 8, 215.51, 1526822, 129
6412, 20, 2, 177, 47, 0, 57.59%, 15, 2, 8, 197.22, 1527793, 129
6417, 20, 30, 177, 47, 0, 57.59%, 15, 2, 8, 221.80, 1528876, 129
6422, 20, 152, 177, 47, 0, 57.59%, 15, 2, 8, 206.16, 1529890, 129
6427, 20, 14, 177, 47, 0, 57.59%, 15, 2, 8, 213.14, 1530997, 129
6432, 20, 124, 177, 47, 0, 57.59%, 15, 2, 8, 240.71, 1532221, 129
6438, 20, 13, 177, 47, 0, 57.59%, 15, 2, 8, 241.83, 1533392, 129
6443, 20, 2, 177, 47, 0, 57.59%, 15, 2, 8, 223.31, 1534515, 129
6448, 20, 124, 177, 47, 0, 57.59%, 15, 2, 8, 247.67, 1535729, 129
6453, 20, 110, 177, 47, 0, 57.59%, 15, 2, 8, 219.20, 1536746, 129
6458, 20, 110, 177, 47, 0, 57.59%, 15, 2, 8, 227.26, 1537865, 129
6463, 20, 34, 177, 47, 0, 57.59%, 15, 2, 8, 231.03, 1538956, 129
6468, 20, 110, 177, 47, 0, 57.59%, 15, 2, 8, 231.39, 1540096, 129
6473, 20, 110, 177, 47, 0, 57.59%, 15, 2, 8, 219.63, 1541111, 129
6478, 20, 110, 177, 47, 0, 57.59%, 15, 2, 8, 224.53, 1542214, 129
6484, 20, 110, 177, 47, 0, 57.59%, 15, 2, 8, 234.10, 1543325, 129
6489, 20, 14, 177, 47, 0, 57.59%, 15, 2, 8, 173.00, 1544329, 129
6494, 21, 67, 177, 47, 0, 57.59%, 15, 2, 8, 241.11, 1545562, 129
6499, 21, 34, 177, 47, 0, 57.59%, 15, 2, 8, 251.21, 1546853, 129
6504, 21, 14, 177, 47, 0, 57.59%, 15, 2, 8, 268.04, 1548187, 129
6509, 21, 124, 177, 47, 0, 57.59%, 15, 2, 8, 249.27, 1549410, 129
6514, 21, 67, 177, 47, 0, 57.59%, 15, 2, 8, 239.06, 1550527, 129
6519, 21, 14, 177, 47, 0, 57.59%, 15, 2, 8, 241.90, 1551696, 129
6525, 21, 2, 177, 47, 0, 57.59%, 15, 2, 8, 257.57, 1553016, 129
6530, 21, 34, 177, 47, 0, 57.59%, 15, 2, 8, 202.10, 1554151, 129
6535, 21, 13, 177, 47, 0, 57.59%, 15, 2, 8, 226.92, 1555305, 129
6540, 21, 110, 177, 47, 0, 57.59%, 15, 2, 8, 213.76, 1556414, 129
6545, 21, 124, 177, 47, 0, 57.59%, 15, 2, 8, 206.75, 1557416, 129
6550, 21, 14, 177, 47, 0, 57.59%, 15, 2, 8, 205.42, 1558452, 129
6555, 21, 67, 177, 47, 0, 57.59%, 15, 2, 8, 204.77, 1559716, 129
6560, 21, 34, 177, 47, 0, 57.59%, 15, 2, 8, 208.77, 1560814, 129
6565, 21, 67, 177, 47, 0, 57.59%, 15, 2, 8, 233.47, 1562019, 129
6571, 21, 2, 177, 47, 0, 57.59%, 15, 2, 8, 227.36, 1563211, 129
6576, 21, 34, 177, 47, 0, 57.59%, 15, 2, 8, 226.39, 1564330, 129
6581, 21, 110, 177, 47, 0, 57.59%, 15, 2, 8, 230.12, 1565500, 129
6586, 21, 34, 177, 47, 0, 57.59%, 15, 2, 8, 169.09, 1566587, 129
6591, 21, 110, 177, 47, 0, 57.59%, 15, 2, 8, 208.47, 1567779, 129
6596, 21, 14, 177, 47, 0, 57.59%, 15, 2, 8, 224.09, 1568861, 129
6601, 21, 110, 177, 47, 0, 57.59%, 15, 2, 8, 239.86, 1570028, 129
6606, 21, 14, 177, 47, 0, 57.59%, 15, 2, 8, 200.33, 1571080, 129
6611, 21, 110, 177, 47, 0, 57.59%, 15, 2, 8, 222.88, 1572248, 129
6616, 21, 67, 177, 47, 0, 57.59%, 15, 2, 8, 264.71, 1573535, 129
6622, 21, 13, 177, 47, 0, 57.59%, 15, 2, 8, 269.98, 1574885, 129
6627, 21, 124, 177, 47, 0, 57.59%, 15, 2, 8, 242.37, 1576067, 129
6632, 21, 14, 177, 47, 0, 57.59%, 15, 2, 8, 246.82, 1577303, 129
6637, 21, 110, 177, 47, 0, 57.59%, 15, 2, 8, 236.45, 1578489, 129
6642, 21, 34, 177, 47, 0, 57.59%, 15, 2, 8, 245.75, 1579660, 129
6647, 21, 0, 177, 47, 0, 57.59%, 15, 2, 8, 247.02, 1580747, 129
6652, 21, 18, 177, 47, 0, 57.59%, 15, 2, 8, 232.81, 1581876, 129
6657, 21, 30, 177, 47, 0, 57.59%, 15, 2, 8, 245.64, 1583108, 129
6662, 21, 13, 177, 47, 0, 57.59%, 15, 2, 8, 166.86, 1584190, 129
6667, 21, 0, 177, 47, 0, 57.59%, 15, 2, 8, 208.36, 1585253, 129
6672, 21, 124, 177, 47, 0, 57.59%, 15, 2, 8, 221.71, 1586358, 129
6678, 21, 14, 177, 47, 0, 57.59%, 15, 2, 8, 231.72, 1587475, 129
6683, 21, 110, 177, 47, 0, 57.59%, 15, 2, 8, 229.19, 1588625, 129
6688, 21, 34, 177, 47, 0, 57.59%, 15, 2, 8, 250.18, 1589900, 129
6693, 21, 13, 177, 47, 0, 57.59%, 15, 2, 8, 248.25, 1591138, 129
6698, 21, 110, 177, 47, 0, 57.59%, 15, 2, 8, 243.81, 1592347, 129
6703, 21, 34, 177, 47, 0, 57.59%, 15, 2, 8, 260.78, 1593633, 129
6708, 21, 18, 177, 47, 0, 57.59%, 15, 2, 8, 241.96, 1594831, 129
6713, 21, 34, 177, 47, 0, 57.59%, 15, 2, 8, 226.30, 1595910, 129
6719, 21, 110, 177, 47, 0, 57.59%, 15, 2, 8, 242.11, 1597134, 129
6724, 21, 110, 177, 47, 0, 57.59%, 15, 2, 8, 209.73, 1598133, 129
6729, 21, 110, 177, 47, 0, 57.59%, 15, 2, 8, 193.16, 1599073, 129
6734, 21, 13, 177, 47, 0, 57.59%, 15, 2, 8, 237.17, 1600245, 129
6739, 21, 70, 177, 47, 0, 57.59%, 15, 2, 8, 244.12, 1601531, 129
6744, 21, 31, 177, 47, 0, 57.59%, 15, 2, 8, 153.65, 1602499, 129
6749, 21, 13, 177, 47, 0, 57.59%, 15, 2, 8, 237.66, 1603764, 129
6754, 21, 124, 177, 47, 0, 57.59%, 15, 2, 8, 240.38, 1604958, 129
6760, 21, 31, 177, 47, 0, 57.59%, 15, 2, 8, 237.80, 1606076, 129
6765, 21, 30, 177, 47, 0, 57.59%, 15, 2, 8, 241.45, 1607279, 129
6770, 21, 67, 177, 47, 0, 57.59%, 15, 2, 8, 251.17, 1608515, 129
6775, 21, 70, 177, 47, 0, 57.59%, 15, 2, 8, 178.58, 1609725, 129
6780, 21, 67, 177, 47, 0, 57.59%, 15, 2, 8, 253.63, 1611017, 129
6785, 21, 123, 177, 47, 0, 57.59%, 15, 2, 8, 190.15, 1611976, 129
6790, 21, 110, 177, 47, 0, 57.59%, 15, 2, 8, 238.84, 1613140, 129
6795, 21, 110, 177, 47, 0, 57.59%, 15, 2, 8, 218.53, 1614164, 129
6800, 21, 13, 177, 47, 0, 57.59%, 15, 2, 8, 234.49, 1615312, 129
6806, 21, 13, 177, 47, 0, 57.59%, 15, 2, 8, 230.89, 1616446, 129
6811, 21, 0, 177, 47, 0, 57.59%, 15, 2, 8, 232.43, 1617614, 129
6816, 21, 110, 177, 47, 0, 57.59%, 15, 2, 8, 222.51, 1618698, 129
6821, 21, 110, 177, 47, 0, 57.59%, 15, 2, 8, 220.39, 1619825, 129
6826, 21, 123, 177, 47, 0, 57.59%, 15, 2, 8, 196.22, 1620785, 129
6831, 21, 124, 177, 47, 0, 57.59%, 15, 2, 8, 203.95, 1621805, 129
6836, 21, 18, 177, 47, 0, 57.59%, 15, 2, 8, 218.02, 1622898, 129
6841, 21, 110, 177, 47, 0, 57.59%, 15, 2, 8, 215.84, 1623901, 129
6846, 21, 110, 177, 47, 0, 57.59%, 15, 2, 8, 229.83, 1625079, 129
6852, 21, 110, 177, 47, 0, 57.59%, 15, 2, 8, 215.34, 1626167, 129
6857, 21, 81, 177, 47, 0, 57.59%, 15, 2, 8, 216.25, 1627235, 129
6862, 22, 110, 177, 47, 0, 57.59%, 15, 2, 8, 222.38, 1628388, 129
6867, 22, 110, 177, 47, 0, 57.59%, 15, 2, 8, 211.19, 1629447, 129
6872, 22, 18, 177, 47, 0, 57.59%, 15, 2, 8, 230.60, 1630534, 129
6877, 22, 110, 177, 47, 0, 57.59%, 15, 2, 8, 242.01, 1631754, 129
6882, 22, 149, 177, 47, 0, 57.59%, 15, 2, 8, 193.64, 1632668, 129
6887, 22, 14, 177, 47, 0, 57.59%, 15, 2, 8, 247.27, 1633941, 129
6892, 22, 124, 177, 47, 0, 57.59%, 15, 2, 8, 235.90, 1635095, 129
6898, 22, 110, 177, 47, 0, 57.59%, 15, 2, 8, 227.58, 1636251, 129
6903, 22, 152, 177, 47, 0, 57.59%, 15, 2, 8, 209.71, 1637318, 129
6908, 22, 110, 177, 47, 0, 57.59%, 15, 2, 8, 227.52, 1638445, 129
6913, 22, 34, 177, 47, 0, 57.59%, 15, 2, 8, 251.50, 1639681, 129
6918, 22, 34, 177, 47, 0, 57.59%, 15, 2, 8, 240.34, 1640868, 129
6923, 22, 28, 178, 48, 0, 57.59%, 15, 2, 8, 49.13, 1641730, 129
6928, 22, 110, 178, 48, 0, 57.59%, 15, 2, 8, 238.63, 1642916, 129
6933, 22, 110, 178, 48, 0, 57.59%, 15, 2, 8, 236.46, 1644105, 129
6939, 22, 124, 178, 48, 0, 57.59%, 15, 2, 8, 224.30, 1645184, 129
6944, 22, 110, 178, 48, 0, 57.59%, 15, 2, 8, 207.56, 1646248, 129
6949, 22, 110, 178, 48, 0, 57.59%, 15, 2, 8, 231.54, 1647524, 129
6954, 22, 123, 178, 48, 0, 57.59%, 15, 2, 8, 221.95, 1648585, 129
6959, 22, 124, 178, 48, 0, 57.59%, 15, 2, 8, 232.27, 1649724, 129
6964, 22, 34, 178, 48, 0, 57.59%, 15, 2, 8, 241.41, 1650901, 129
6969, 22, 14, 178, 48, 0, 57.59%, 15, 2, 8, 241.78, 1652113, 129
6974, 22, 18, 178, 48, 0, 57.59%, 15, 2, 8, 249.89, 1653376, 129
6979, 22, 110, 178, 48, 0, 57.59%, 15, 2, 8, 255.34, 1654639, 129
6985, 22, 34, 178, 48, 0, 57.59%, 15, 2, 8, 259.04, 1655897, 129
6990, 22, 70, 178, 48, 0, 57.59%, 15, 2, 8, 260.81, 1657246, 129
6995, 22, 110, 178, 48, 0, 57.59%, 15, 2, 8, 203.44, 1658379, 129
7000, 22, 124, 178, 48, 0, 57.59%, 15, 2, 8, 251.70, 1659642, 129
7005, 22, 67, 178, 48, 0, 57.59%, 15, 2, 8, 286.54, 1661063, 129
7010, 22, 34, 178, 48, 0, 57.59%, 15, 2, 8, 265.57, 1662341, 129
7015, 22, 34, 178, 48, 0, 57.59%, 15, 2, 8, 251.90, 1663514, 129
7021, 22, 110, 179, 49, 0, 57.59%, 15, 2, 8, 21.48, 1664462, 129
7026, 22, 110, 179, 49, 0, 57.59%, 15, 2, 8, 224.89, 1665171, 129
7031, 22, 67, 179, 49, 0, 57.59%, 15, 2, 8, 271.21, 1666488, 129
7036, 22, 67, 179, 49, 0, 57.59%, 15, 2, 8, 197.21, 1667711, 129
7042, 22, 124, 179, 49, 0, 57.59%, 15, 2, 8, 217.40, 1668898, 129
7047, 22, 34, 179, 49, 0, 57.59%, 15, 2, 8, 270.70, 1670262, 129
7052, 22, 30, 179, 49, 0, 57.59%, 15, 2, 8, 236.03, 1671420, 129
7057, 22, 14, 179, 49, 0, 57.59%, 15, 2, 8, 221.91, 1672547, 129
7062, 22, 110, 179, 49, 0, 57.59%, 15, 2, 8, 219.68, 1673648, 129
7067, 22, 59, 179, 49, 0, 57.59%, 15, 2, 8, 266.82, 1674974, 129
7072, 22, 110, 179, 48, 0, 57.59%, 15, 2, 8, 238.70, 1676163, 129
7077, 22, 14, 179, 48, 0, 57.59%, 15, 2, 8, 239.98, 1677330, 129
7082, 22, 34, 179, 48, 0, 57.59%, 15, 2, 8, 245.91, 1678485, 129
7088, 22, 124, 179, 48, 0, 57.59%, 15, 2, 8, 238.21, 1679745, 129
7093, 22, 152, 179, 48, 0, 57.59%, 15, 2, 8, 240.02, 1680898, 129
7098, 22, 14, 179, 48, 0, 57.59%, 15, 2, 8, 233.95, 1682000, 129
7103, 22, 110, 179, 48, 0, 57.59%, 15, 2, 8, 224.20, 1683162, 129
7108, 22, 155, 179, 48, 0, 57.59%, 15, 2, 8, 204.78, 1684221, 129
7113, 22, 13, 179, 48, 0, 57.59%, 15, 2, 8, 215.10, 1685285, 129
7118, 22, 110, 179, 48, 0, 57.59%, 15, 2, 8, 201.95, 1686298, 129
7123, 22, 110, 179, 48, 0, 57.59%, 15, 2, 8, 210.43, 1687368, 129
7128, 22, 110, 179, 48, 0, 57.59%, 15, 2, 8, 203.90, 1688351, 129
7134, 22, 110, 179, 48, 0, 57.59%, 15, 2, 8, 194.31, 1689338, 129
7139, 22, 110, 179, 48, 0, 57.59%, 15, 2, 8, 216.52, 1690431, 129
7144, 22, 0, 179, 48, 0, 57.59%, 15, 2, 8, 224.25, 1691519, 129
7149, 22, 13, 179, 48, 0, 57.59%, 15, 2, 8, 259.33, 1692803, 129
7154, 22, 34, 179, 48, 0, 57.59%, 15, 2, 8, 258.94, 1694080, 129
7159, 22, 110, 179, 48, 0, 57.59%, 15, 2, 8, 145.74, 1695233, 129
7164, 22, 0, 179, 48, 0, 57.59%, 15, 2, 8, 206.95, 1696310, 129
7169, 22, 124, 179, 48, 0, 57.59%, 15, 2, 8, 242.38, 1697501, 129
7174, 22, 143, 179, 48, 0, 57.59%, 15, 2, 8, 138.14, 1698288, 129
7179, 22, 13, 179, 47, 0, 57.59%, 15, 2, 8, 218.85, 1699471, 129
7185, 22, 110, 179, 47, 0, 57.59%, 15, 2, 8, 229.88, 1700676, 129
7190, 22, 14, 179, 47, 0, 57.59%, 15, 2, 8, 247.99, 1701919, 129
7195, 22, 14, 179, 47, 0, 57.59%, 15, 2, 8, 263.15, 1703232, 129
7200, 22, 2, 179, 47, 0, 57.59%, 15, 2, 8, 268.41, 1704518, 129
7205, 22, 0, 179, 47, 0, 57.59%, 15, 2, 8, 223.80, 1705540, 129
7210, 22, 110, 179, 47, 0, 57.59%, 15, 2, 8, 200.20, 1706619, 129
7215, 22, 2, 179, 47, 0, 57.59%, 15, 2, 8, 262.54, 1707866, 129
7220, 22, 155, 179, 47, 0, 57.59%, 15, 2, 8, 229.17, 1709056, 129
7225, 22, 67, 179, 47, 0, 57.59%, 15, 2, 8, 251.22, 1710231, 129
7230, 22, 67, 179, 47, 0, 57.59%, 15, 2, 8, 278.71, 1711604, 129
7235, 23, 30, 179, 47, 0, 57.59%, 15, 2, 8, 247.92, 1712800, 129
7240, 23, 34, 179, 47, 0, 57.59%, 15, 2, 8, 242.73, 1713969, 129
7246, 23, 110, 179, 47, 0, 57.59%, 15, 2, 8, 213.76, 1715012, 129
7251, 23, 34, 179, 47, 0, 57.59%, 15, 2, 8, 222.14, 1716096, 129
7256, 23, 171, 179, 47, 0, 57.59%, 15, 2, 8, 227.98, 1717250, 129
7261, 23, 171, 179, 47, 0, 57.59%, 15, 2, 8, 120.64, 1717944, 129
7266, 23, 124, 179, 46, 0, 57.59%, 15, 2, 8, 184.75, 1718905, 129
7271, 23, 110, 179, 46, 0, 57.59%, 15, 2, 8, 237.22, 1720133, 129
7276, 23, 110, 179, 46, 0, 57.59%, 15, 2, 8, 257.85, 1721172, 129
7281, 23, 34, 179, 46, 0, 57.59%, 15, 2, 8, 156.46, 1722277, 129
7286, 23, 149, 179, 46, 0, 57.59%, 15, 2, 8, 222.03, 1723532, 129
7292, 23, 124, 179, 46, 0, 57.59%, 15, 2, 8, 226.20, 1724665, 129
7297, 23, 110, 179, 46, 0, 57.59%, 15, 2, 8, 217.61, 1725734, 129
7302, 23, 110, 179, 46, 0, 57.59%, 15, 2, 8, 198.27, 1726740, 129
7307, 23, 30, 179, 46, 0, 57.59%, 15, 2, 8, 221.65, 1727807, 129
7312, 23, 30, 179, 46, 0, 57.59%, 15, 2, 8, 247.93, 1729043, 129
7317, 23, 7, 179, 46, 0, 57.59%, 15, 2, 8, 239.00, 1730182, 129
7322, 23, 149, 179, 46, 0, 57.59%, 15, 2, 8, 216.28, 1731232, 129
7327, 23, 110, 179, 46, 0, 57.59%, 15, 2, 8, 213.50, 1732301, 129
7333, 23, 134, 179, 46, 0, 57.59%, 15, 2, 8, 280.28, 1733695, 129
7338, 23, 124, 179, 45, 0, 57.59%, 15, 2, 8, 261.41, 1735061, 129
7343, 23, 114, 179, 45, 0, 57.59%, 15, 2, 8, 245.26, 1736240, 129
7348, 23, 67, 179, 45, 0, 57.59%, 15, 2, 8, 274.12, 1737583, 129
7353, 23, 110, 179, 45, 0, 57.59%, 15, 2, 8, 236.91, 1738766, 129
7358, 23, 67, 179, 44, 0, 57.59%, 15, 2, 8, 249.03, 1739989, 129
7363, 23, 110, 179, 44, 0, 57.59%, 15, 2, 8, 271.59, 1741407, 129
7368, 23, 110, 179, 44, 0, 57.59%, 15, 2, 8, 257.18, 1742590, 129
7373, 23, 2, 179, 44, 0, 57.59%, 15, 2, 8, 208.56, 1743686, 129
7378, 23, 142, 179, 44, 0, 57.59%, 15, 2, 8, 185.30, 1744562, 129
7383, 23, 30, 179, 43, 0, 57.59%, 15, 2, 8, 234.07, 1745738, 129
7389, 23, 67, 179, 43, 0, 57.59%, 15, 2, 8, 262.05, 1747082, 129
7394, 23, 124, 179, 43, 0, 57.59%, 15, 2, 8, 271.76, 1748527, 129
7399, 23, 110, 179, 43, 0, 57.59%, 15, 2, 8, 282.59, 1749952, 129
7404, 23, 14, 179, 43, 0, 57.59%, 15, 2, 8, 256.65, 1751178, 129
7409, 23, 110, 179, 43, 0, 57.59%, 15, 2, 8, 261.19, 1752494, 129
7414, 23, 155, 179, 43, 0, 57.59%, 15, 2, 8, 248.26, 1753799, 129
7419, 23, 14, 179, 43, 0, 57.59%, 15, 2, 8, 285.11, 1755227, 129
7424, 23, 0, 179, 43, 0, 57.59%, 15, 2, 8, 272.52, 1756594, 129
7429, 23, 34, 179, 43, 0, 57.59%, 15, 2, 8, 295.52, 1758038, 129
7434, 23, 124, 179, 43, 0, 57.59%, 15, 2, 8, 271.27, 1759371, 129
7440, 23, 123, 179, 43, 0, 57.59%, 15, 2, 8, 266.67, 1760743, 129
7445, 23, 124, 179, 43, 0, 57.59%, 15, 2, 8, 259.19, 1762033, 129
7450, 23, 110, 179, 43, 0, 57.59%, 15, 2, 8, 240.77, 1763171, 129
7455, 23, 70, 179, 43, 0, 57.59%, 15, 2, 8, 256.53, 1764501, 129
7460, 23, 110, 179, 43, 0, 57.59%, 15, 2, 8, 230.48, 1765643, 129
7465, 23, 110, 179, 43, 0, 57.59%, 15, 2, 8, 241.53, 1766884, 129
7470, 23, 110, 179, 43, 0, 57.59%, 15, 2, 8, 232.75, 1768031, 129
7476, 23, 110, 179, 43, 0, 57.59%, 15, 2, 8, 228.76, 1769206, 129
7481, 23, 110, 179, 43, 0, 57.59%, 15, 2, 8, 234.78, 1770411, 129
7486, 23, 123, 179, 43, 0, 57.59%, 15, 2, 8, 157.31, 1771489, 129
7491, 23, 110, 179, 43, 0, 57.59%, 15, 2, 8, 186.13, 1772564, 129
7496, 23, 110, 179, 43, 0, 57.59%, 15, 2, 8, 235.27, 1773841, 129
7501, 23, 67, 179, 43, 0, 57.59%, 15, 2, 8, 255.80, 1775133, 129
7506, 23, 110, 179, 43, 0, 57.59%, 15, 2, 8, 291.03, 1776453, 129
7511, 23, 13, 179, 43, 0, 57.59%, 15, 2, 8, 247.85, 1777636, 129
7516, 23, 110, 179, 43, 0, 57.59%, 15, 2, 8, 208.86, 1778721, 129
7521, 23, 67, 179, 43, 0, 57.59%, 15, 2, 8, 272.16, 1780153, 129
7527, 23, 14, 179, 43, 0, 57.59%, 15, 2, 8, 288.02, 1781618, 129
7532, 23, 14, 179, 43, 0, 57.59%, 15, 2, 8, 250.02, 1782860, 129
7537, 23, 67, 179, 43, 0, 57.59%, 15, 2, 8, 244.52, 1784074, 129
7542, 23, 67, 179, 43, 0, 57.59%, 15, 2, 8, 255.13, 1785408, 129
7547, 23, 30, 179, 43, 0, 57.59%, 15, 2, 8, 250.98, 1786655, 129
7552, 23, 110, 179, 43, 0, 57.59%, 15, 2, 8, 250.50, 1787830, 129
7557, 23, 110, 179, 43, 0, 57.59%, 15, 2, 8, 208.89, 1788849, 129
7562, 23, 34, 179, 42, 0, 57.59%, 15, 2, 8, 241.38, 1790100, 129
7568, 23, 30, 179, 42, 0, 57.59%, 15, 2, 8, 249.46, 1791366, 129
7573, 23, 124, 179, 42, 0, 57.59%, 15, 2, 8, 232.22, 1792521, 129
7578, 23, 110, 179, 42, 0, 57.59%, 15, 2, 8, 221.15, 1793595, 129
7583, 23, 110, 179, 42, 0, 57.59%, 15, 2, 8, 244.06, 1794868, 129
7588, 23, 124, 179, 42, 0, 57.59%, 15, 2, 8, 222.64, 1795960, 129
7593, 23, 123, 179, 42, 0, 57.59%, 15, 2, 8, 228.75, 1797101, 129
7598, 24, 30, 179, 42, 0, 57.59%, 15, 2, 8, 225.87, 1798152, 129
7603, 24, 110, 179, 42, 0, 57.59%, 15, 2, 8, 235.01, 1799334, 129
7608, 24, 34, 179, 42, 0, 57.59%, 15, 2, 8, 261.10, 1800602, 129
7614, 24, 124, 179, 42, 0, 57.59%, 15, 2, 8, 271.15, 1801970, 129
7619, 24, 30, 179, 42, 0, 57.59%, 15, 2, 8, 290.21, 1803425, 129
7624, 24, 110, 179, 42, 0, 57.59%, 15, 2, 8, 263.19, 1804736, 129
7629, 24, 123, 179, 42, 0, 57.59%, 15, 2, 8, 250.74, 1805990, 129
7634, 24, 14, 179, 42, 0, 57.59%, 15, 2, 8, 261.11, 1807284, 129
7639, 24, 67, 179, 42, 0, 57.59%, 15, 2, 8, 285.59, 1808707, 129
7644, 24, 110, 179, 42, 0, 57.59%, 15, 2, 8, 251.00, 1809914, 129
7649, 24, 110, 179, 42, 0, 57.59%, 15, 2, 8, 240.70, 1811069, 129
7654, 24, 34, 179, 42, 0, 57.59%, 15, 2, 8, 224.30, 1812124, 129
7659, 24, 110, 179, 42, 0, 57.59%, 15, 2, 8, 197.55, 1813143, 129
7664, 24, 34, 179, 42, 0, 57.59%, 15, 2, 8, 248.39, 1814387, 129
7670, 24, 30, 179, 42, 0, 57.59%, 15, 2, 8, 250.76, 1815629, 129
7675, 24, 110, 179, 42, 0, 57.59%, 15, 2, 8, 220.23, 1816703, 129
7680, 24, 13, 179, 42, 0, 57.59%, 15, 2, 8, 232.95, 1817878, 129
7685, 24, 31, 179, 42, 0, 57.59%, 15, 2, 8, 249.42, 1819109, 129
7690, 24, 110, 179, 42, 0, 57.59%, 15, 2, 8, 238.93, 1820306, 129
7695, 24, 110, 179, 42, 0, 57.59%, 15, 2, 8, 217.53, 1821367, 129
7700, 24, 110, 179, 42, 0, 57.59%, 15, 2, 8, 240.39, 1822576, 129
7706, 24, 124, 179, 42, 0, 57.59%, 15, 2, 8, 236.58, 1823743, 129
7711, 24, 13, 179, 42, 0, 57.59%, 15, 2, 8, 249.60, 1824926, 129
7716, 24, 110, 179, 42, 0, 57.59%, 15, 2, 8, 236.94, 1826131, 129
7721, 24, 110, 179, 42, 0, 57.59%, 15, 2, 8, 238.76, 1827322, 129
7726, 24, 14, 179, 42, 0, 57.59%, 15, 2, 8, 235.52, 1828427, 129
7731, 24, 110, 179, 42, 0, 57.59%, 15, 2, 8, 332.47, 1830149, 129
7736, 24, 110, 179, 42, 0, 57.59%, 15, 2, 8, 404.99, 1832276, 129
7741, 24, 67, 179, 42, 0, 57.59%, 15, 2, 8, 446.12, 1834351, 129
7746, 24, 124, 179, 42, 0, 57.59%, 15, 2, 8, 288.19, 1835897, 129
7751, 24, 34, 179, 42, 0, 57.59%, 15, 2, 8, 265.10, 1837174, 129
7756, 24, 34, 179, 42, 0, 57.59%, 15, 2, 8, 237.54, 1838254, 129
7762, 24, 14, 179, 42, 0, 57.59%, 15, 2, 8, 170.87, 1839507, 129
7767, 24, 2, 179, 42, 0, 57.59%, 15, 2, 8, 270.26, 1840956, 129
7772, 24, 34, 179, 42, 0, 57.59%, 15, 2, 8, 300.26, 1842497, 129
7777, 24, 124, 179, 42, 0, 57.59%, 15, 2, 8, 178.54, 1843793, 129
7782, 24, 67, 179, 42, 0, 57.59%, 15, 2, 8, 268.68, 1845250, 129
7787, 24, 2, 179, 42, 0, 57.59%, 15, 2, 8, 291.80, 1846765, 129
7792, 24, 7, 179, 42, 0, 57.59%, 15, 2, 8, 301.05, 1848253, 129
7797, 24, 124, 179, 42, 0, 57.59%, 15, 2, 8, 258.70, 1849556, 129
7803, 24, 2, 179, 42, 0, 57.59%, 15, 2, 8, 246.41, 1850748, 129
7808, 24, 34, 179, 42, 0, 57.59%, 15, 2, 8, 232.44, 1851854, 129
7813, 24, 124, 179, 42, 0, 57.59%, 15, 2, 8, 308.46, 1853213, 129
7818, 24, 28, 179, 42, 0, 57.59%, 15, 2, 8, 269.80, 1854411, 129
7823, 24, 2, 179, 42, 0, 57.59%, 15, 2, 8, 277.22, 1855788, 129
7828, 24, 110, 179, 42, 0, 57.59%, 15, 2, 8, 258.49, 1857067, 129
7833, 24, 2, 179, 42, 0, 57.59%, 15, 2, 8, 244.21, 1858262, 129
7838, 24, 110, 179, 42, 0, 57.59%, 15, 2, 8, 228.41, 1859347, 129
7843, 24, 124, 179, 42, 0, 57.59%, 15, 2, 8, 247.66, 1860556, 129
7848, 24, 155, 179, 42, 0, 57.59%, 15, 2, 8, 225.44, 1861723, 129
7853, 24, 110, 179, 42, 0, 57.59%, 15, 2, 8, 256.96, 1862892, 129
7858, 24, 110, 179, 42, 0, 57.59%, 15, 2, 8, 226.68, 1863970, 129
7864, 24, 14, 179, 42, 0, 57.59%, 15, 2, 8, 274.25, 1865366, 129
7869, 24, 67, 179, 42, 0, 57.59%, 15, 2, 8, 280.25, 1866755, 129
7874, 24, 31, 179, 42, 0, 57.59%, 15, 2, 8, 142.38, 1867829, 129
7879, 24, 110, 179, 42, 0, 57.59%, 15, 2, 8, 220.60, 1869122, 129
7884, 24, 14, 179, 42, 0, 57.59%, 15, 2, 8, 241.21, 1870327, 129
7889, 24, 110, 179, 42, 0, 57.59%, 15, 2, 8, 244.47, 1871576, 129
7894, 24, 13, 179, 42, 0, 57.59%, 15, 2, 8, 240.98, 1872755, 129
7899, 24, 110, 179, 42, 0, 57.59%, 15, 2, 8, 259.24, 1874121, 129
7905, 24, 6, 179, 42, 0, 57.59%, 15, 2, 8, 250.35, 1875365, 129
7910, 25, 2, 179, 42, 0, 57.59%, 15, 2, 8, 272.89, 1876761, 129
7915, 25, 110, 179, 42, 0, 57.59%, 15, 2, 8, 315.49, 1878077, 129
7920, 25, 110, 179, 42, 0, 57.59%, 15, 2, 8, 279.39, 1879371, 129
7925, 25, 14, 179, 42, 0, 57.59%, 15, 2, 8, 255.68, 1880585, 129
7930, 25, 2, 179, 42, 0, 57.59%, 15, 2, 8, 295.72, 1881896, 129
7935, 25, 124, 179, 42, 0, 57.59%, 15, 2, 8, 248.20, 1883061, 129
7940, 25, 14, 179, 42, 0, 57.59%, 15, 2, 8, 249.45, 1884307, 129
7945, 25, 110, 179, 42, 0, 57.59%, 15, 2, 8, 240.16, 1885500, 129
7950, 25, 30, 179, 42, 0, 57.59%, 15, 2, 8, 234.42, 1886680, 129
7956, 25, 110, 179, 42, 0, 57.59%, 15, 2, 8, 243.64, 1887906, 129
7961, 25, 30, 179, 42, 0, 57.59%, 15, 2, 8, 229.73, 1888947, 129
7966, 25, 155, 179, 42, 0, 57.59%, 15, 2, 8, 208.10, 1889970, 129
7971, 25, 110, 179, 42, 0, 57.59%, 15, 2, 8, 223.25, 1891120, 129
7976, 25, 7, 179, 42, 0, 57.59%, 15, 2, 8, 236.06, 1892321, 129
7981, 25, 141, 179, 42, 0, 57.59%, 15, 2, 8, 269.43, 1893707, 129
7986, 25, 13, 179, 42, 0, 57.59%, 15, 2, 8, 256.82, 1894952, 129
7991, 25, 110, 179, 42, 0, 57.59%, 15, 2, 8, 254.79, 1896230, 129
