# relative_time, cycles_done, cur_item, corpus_count, pending_total, pending_favs, map_size, saved_crashes, saved_hangs, max_depth, execs_per_sec, total_execs, edges_found
63, 0, 0, 16, 16, 1, 15.73%, 0, 0, 2, 0.25, 588, 28
99, 0, 0, 22, 22, 1, 15.73%, 0, 0, 2, 0.50, 1105, 28
104, 0, 0, 25, 25, 1, 16.29%, 0, 0, 2, 167.20, 1781, 29
109, 0, 0, 30, 30, 1, 16.29%, 0, 0, 2, 281.77, 2761, 29
114, 0, 0, 33, 33, 1, 22.47%, 0, 0, 2, 212.61, 3693, 40
120, 0, 0, 38, 38, 1, 23.03%, 0, 0, 2, 199.42, 4485, 41
125, 0, 0, 38, 38, 1, 23.03%, 0, 0, 2, 192.41, 5431, 41
130, 0, 0, 39, 39, 1, 23.03%, 0, 1, 2, 329.63, 6295, 41
135, 0, 0, 41, 41, 1, 23.03%, 0, 1, 2, 323.02, 7274, 41
140, 0, 0, 41, 41, 1, 23.03%, 0, 1, 2, 220.36, 8280, 41
145, 0, 0, 42, 42, 1, 23.03%, 0, 1, 2, 212.45, 9288, 41
150, 0, 0, 42, 42, 1, 23.03%, 0, 1, 2, 172.63, 10131, 41
156, 0, 0, 43, 43, 1, 25.84%, 0, 1, 2, 58.55, 10765, 46
161, 0, 0, 44, 44, 1, 25.84%, 0, 1, 2, 56.42, 11023, 46
166, 0, 0, 44, 44, 1, 25.84%, 0, 1, 2, 57.60, 11315, 46
171, 0, 0, 44, 44, 1, 25.84%, 0, 1, 2, 62.04, 11632, 46
176, 0, 0, 44, 44, 1, 25.84%, 0, 1, 2, 67.74, 11986, 46
181, 0, 0, 44, 44, 1, 25.84%, 0, 1, 2, 77.42, 12392, 46
186, 0, 0, 44, 44, 1, 25.84%, 0, 1, 2, 93.17, 12877, 46
192, 0, 0, 44, 44, 1, 25.84%, 0, 1, 2, 102.99, 13422, 46
197, 0, 7, 45, 43, 8, 25.84%, 0, 1, 2, 156.90, 14175, 46
222, 0, 7, 47, 45, 8, 25.84%, 0, 1, 3, 1.20, 14235, 46
227, 0, 7, 47, 45, 8, 25.84%, 0, 1, 3, 115.07, 14711, 46
232, 0, 6, 47, 44, 7, 25.84%, 0, 2, 3, 17.34, 15507, 46
237, 0, 9, 48, 43, 5, 25.84%, 0, 2, 3, 215.50, 16525, 46
242, 0, 12, 48, 41, 3, 25.84%, 0, 2, 3, 183.21, 17436, 46
255, 0, 42, 49, 41, 1, 32.02%, 0, 2, 3, 5.86, 17784, 57
260, 0, 12, 50, 40, 0, 32.02%, 0, 2, 3, 331.68, 18408, 57
294, 0, 12, 51, 41, 0, 32.02%, 0, 2, 3, 0.27, 18577, 57
310, 0, 12, 52, 42, 0, 32.02%, 0, 2, 3, 1.01, 18979, 57
331, 0, 12, 53, 43, 0, 32.02%, 0, 2, 3, 1.16, 19047, 57
336, 0, 12, 53, 43, 0, 32.02%, 0, 2, 3, 62.64, 19351, 57
341, 0, 12, 53, 43, 0, 32.02%, 0, 2, 3, 64.59, 19683, 57
346, 0, 12, 53, 43, 0, 32.02%, 0, 2, 3, 70.16, 20044, 57
351, 0, 12, 54, 44, 0, 32.02%, 0, 2, 3, 116.16, 20608, 57
356, 0, 48, 54, 44, 0, 32.02%, 0, 2, 3, 154.58, 21524, 57
400, 0, 48, 55, 45, 0, 32.02%, 0, 2, 4, 0.39, 22112, 57
406, 0, 48, 55, 45, 0, 32.02%, 0, 2, 4, 110.70, 22760, 57
411, 0, 12, 55, 45, 0, 32.02%, 0, 2, 4, 156.76, 23664, 57
459, 0, 12, 56, 46, 0, 32.02%, 0, 2, 4, 0.41, 23946, 57
500, 0, 12, 57, 47, 0, 32.02%, 0, 2, 4, 0.47, 23975, 57
505, 0, 43, 57, 47, 0, 32.02%, 0, 2, 4, 53.67, 24221, 57
510, 0, 43, 57, 47, 0, 32.02%, 0, 2, 4, 58.38, 24512, 57
515, 0, 43, 57, 47, 0, 32.02%, 0, 2, 4, 60.24, 24821, 57
520, 0, 43, 57, 47, 0, 32.02%, 0, 2, 4, 69.88, 25179, 57
525, 0, 43, 57, 47, 0, 32.02%, 0, 2, 4, 125.28, 25748, 57
554, 0, 31, 58, 47, 0, 32.02%, 0, 2, 4, 0.37, 26298, 57
86379, 0, 31, 59, 48, 0, 32.58%, 0, 3, 4, 0.00, 26370, 58
