4656;4922;3424;5218;9653;
no error
no error
4656;4922;3424;5218;9653;
4656;4922;3424;5218;9653;
no error
no error
4656;4922;3424;5218;9653;
9321;9623;
no error
no error
4188;4188;5218;9653;
no error
no error
4656;4922;3424;5218;9653;
4656;4922;3424;5218;9653;
4656;4922;3424;5218;9653;
no error
4656;4922;3424;5218;9653;
no error
4656;4922;3424;5218;9653;
no error
4656;4922;3424;5218;9653;
4656;4922;3424;5218;9653;
4656;4922;3424;5218;9653;
no error
4656;4922;3424;5218;9653;
no error
no error
no error
no error
4656;4922;3424;5218;9653;
no error
4656;4922;3424;5218;9653;
no error
4656;4922;3424;5218;9653;
no error
4656;4922;3424;5218;9653;
4656;4922;3424;5218;9653;
4191;4191;5218;9653;
4656;4922;3424;5218;9653;
4656;4922;3424;5218;9653;
4656;4922;3424;5218;9653;
no error
4656;4922;3424;5218;9653;
no error
4656;4922;3424;5218;9653;
4656;4922;3424;5218;9653;
4656;4922;3424;5218;9653;
no error
4656;4922;3424;5218;9653;
4656;4922;3424;5218;9653;
4656;4922;3424;5218;9653;
4656;4922;3424;5218;9653;
4656;4922;3424;5218;9653;
4656;4922;3424;5218;9653;
4656;4922;3424;5218;9653;
4656;4922;3424;5218;9653;
4656;4922;3424;5218;9653;
4656;4922;3424;5218;9653;
4656;4922;3424;5218;9653;
4656;4922;3424;5218;9653;
4656;4922;3424;5218;9653;
4656;4922;3424;5218;9653;
4656;4922;3424;5218;9653;
4656;4922;3424;5218;9653;
4656;4922;3424;5218;9653;
4656;4922;3424;5218;9653;
no error
6628;7807;9700;9671;
no error
no error
4656;4922;3424;5218;9653;
4656;4922;3424;5218;9653;
