no error
4656;4922;3424;5218;9653;
no error
4656;4922;3424;5218;9653;
4656;4922;3424;5218;9653;
no error
no error
4656;4922;3424;5218;9653;
9497;9497;
no error
4656;4922;3424;5218;9653;
9497;9497;
4656;4922;3424;5218;9653;
no error
no error
4656;4922;3424;5218;9653;
no error
no error
5133;9653;
no error
no error
no error
no error
no error
9321;9623;
no error
4656;4922;3424;5218;9653;
4656;4922;3424;5218;9653;
no error
4656;4922;3424;5218;9653;
no error
no error
no error
no error
no error
4656;4922;3424;5218;9653;
no error
no error
no error
9497;9497;
4656;4922;3424;5218;9653;
4656;4922;3424;5218;9653;
no error
4656;4922;3424;5218;9653;
4656;4922;3424;5218;9653;
4656;4922;3424;5218;9653;
4656;4922;3424;5218;9653;
4656;4922;3424;5218;9653;
4656;4922;3424;5218;9653;
4656;4922;3424;5218;9653;
no error
4656;4922;3424;5218;9653;
4656;4922;3424;5218;9653;
4656;4922;3424;5218;9653;
4656;4922;3424;5218;9653;
4656;4922;3424;5218;9653;
4656;4922;3424;5218;9653;
no error
4656;4922;3424;5218;9653;
4656;4922;3424;5218;9653;
7333;7807;9700;9671;
