no error
4656;4922;3424;5218;9653;
no error
no error
4656;4922;3424;5218;9653;
4656;4922;3424;5218;9653;
no error
4656;4922;3424;5218;9653;
no error
no error
no error
no error
4656;4922;3424;5218;9653;
no error
4656;4922;3424;5218;9653;
4656;4922;3424;5218;9653;
4656;4922;3424;5218;9653;
no error
4656;4922;3424;5218;9653;
no error
9321;9623;
4656;4922;3424;5218;9653;
4656;4922;3424;5218;9653;
no error
no error
4656;4922;3424;5218;9653;
no error
4656;4922;3424;5218;9653;
no error
no error
no error
4656;4922;3424;5218;9653;
no error
4656;4922;3424;5218;9653;
no error
no error
4656;4922;3424;5218;9653;
no error
6689;7807;9700;9671;
no error
4656;4922;3424;5218;9653;
4656;4922;3424;5218;9653;
no error
4656;4922;3424;5218;9653;
4656;4922;3424;5218;9653;
4656;4922;3424;5218;9653;
4656;4922;3424;5218;9653;
4656;4922;3424;5218;9653;
4656;4922;3424;5218;9653;
4912;4912;3424;5218;9653;
4656;4922;3424;5218;9653;
4656;4922;3424;5218;9653;
5972;7159;7807;9700;9671;
6628;7807;9700;9671;
no error
no error
no error
no error
9701;9671;
6628;7807;9700;9671;
4656;4922;3424;5218;9653;
4656;4922;3424;5218;9653;
4656;4922;3424;5218;9653;
4656;4922;3424;5218;9653;
4656;4922;3424;5218;9653;
4656;4922;3424;5218;9653;
no error
4656;4922;3424;5218;9653;
4656;4922;3424;5218;9653;
