# relative_time, cycles_done, cur_item, corpus_count, pending_total, pending_favs, map_size, saved_crashes, saved_hangs, max_depth, execs_per_sec, total_execs, edges_found
62, 0, 0, 18, 18, 1, 8.27%, 0, 5, 2, 0.20, 187, 164
72, 0, 0, 18, 18, 1, 8.27%, 0, 5, 2, 0.19, 188, 164
82, 0, 0, 18, 18, 1, 8.27%, 0, 5, 2, 0.22, 194, 164
93, 0, 0, 19, 19, 1, 8.27%, 0, 5, 2, 1.28, 207, 164
103, 0, 0, 19, 19, 1, 8.27%, 0, 5, 2, 1.22, 211, 164
113, 0, 0, 19, 19, 1, 8.27%, 0, 5, 2, 0.10, 212, 164
123, 0, 0, 19, 19, 1, 8.27%, 0, 5, 2, 0.11, 215, 164
133, 0, 0, 19, 19, 1, 8.27%, 0, 5, 2, 0.12, 218, 164
143, 0, 0, 19, 19, 1, 8.27%, 0, 5, 2, 0.10, 232, 164
153, 0, 0, 19, 19, 1, 8.27%, 0, 5, 2, 0.79, 240, 164
163, 0, 0, 20, 20, 1, 8.27%, 0, 5, 2, 0.80, 250, 164
173, 0, 0, 20, 20, 1, 8.27%, 0, 5, 2, 0.78, 255, 164
183, 0, 0, 20, 20, 1, 8.27%, 0, 5, 2, 0.75, 258, 164
193, 0, 0, 20, 20, 1, 8.27%, 0, 5, 2, 0.74, 263, 164
204, 0, 0, 20, 20, 1, 8.27%, 0, 5, 2, 0.70, 265, 164
214, 0, 0, 20, 20, 1, 8.27%, 0, 5, 2, 0.69, 270, 164
224, 0, 0, 20, 20, 1, 8.27%, 0, 5, 2, 0.69, 277, 164
234, 0, 0, 20, 20, 1, 8.27%, 0, 5, 2, 0.66, 279, 164
244, 0, 0, 20, 20, 1, 8.27%, 0, 6, 2, 0.64, 283, 164
254, 0, 0, 20, 20, 1, 8.27%, 0, 6, 2, 0.68, 295, 164
265, 0, 0, 21, 21, 1, 8.32%, 0, 6, 2, 1.28, 319, 165
275, 0, 0, 22, 22, 1, 8.32%, 0, 6, 2, 1.28, 332, 165
285, 0, 0, 23, 23, 1, 8.32%, 0, 7, 2, 0.20, 345, 165
295, 0, 0, 23, 23, 1, 8.32%, 0, 8, 2, 0.21, 348, 165
305, 0, 0, 23, 23, 1, 8.32%, 0, 8, 2, 0.21, 350, 165
315, 0, 0, 23, 23, 1, 8.32%, 0, 8, 2, 1.08, 361, 165
325, 0, 0, 23, 23, 1, 8.32%, 0, 8, 2, 1.04, 366, 165
335, 0, 0, 23, 23, 1, 8.32%, 0, 8, 2, 1.05, 377, 165
346, 0, 0, 24, 24, 1, 8.32%, 0, 8, 2, 0.40, 394, 165
356, 0, 0, 25, 25, 1, 8.37%, 0, 8, 2, 0.44, 405, 166
366, 0, 0, 25, 25, 1, 8.37%, 0, 8, 2, 0.20, 418, 166
376, 0, 0, 26, 26, 1, 8.37%, 0, 8, 2, 0.40, 434, 166
387, 0, 0, 26, 26, 1, 8.37%, 0, 8, 2, 0.10, 445, 166
397, 0, 0, 26, 26, 1, 8.37%, 0, 8, 2, 0.79, 475, 166
407, 0, 0, 26, 26, 1, 8.37%, 0, 8, 2, 0.76, 478, 166
418, 0, 0, 26, 26, 1, 8.37%, 0, 8, 2, 0.30, 505, 166
428, 0, 0, 26, 26, 1, 8.37%, 0, 8, 2, 0.10, 519, 166
438, 0, 0, 26, 26, 1, 8.37%, 0, 8, 2, 0.12, 524, 166
448, 0, 0, 26, 26, 1, 8.37%, 0, 8, 2, 0.89, 533, 166
458, 0, 0, 26, 26, 1, 8.37%, 0, 8, 2, 0.86, 538, 166
468, 0, 0, 26, 26, 1, 8.37%, 0, 8, 2, 0.10, 539, 166
479, 0, 0, 26, 26, 1, 8.37%, 0, 9, 2, 1.17, 551, 166
489, 0, 0, 26, 26, 1, 8.37%, 0, 9, 2, 0.20, 553, 166
499, 0, 0, 26, 26, 1, 8.37%, 0, 9, 2, 0.20, 556, 166
509, 0, 0, 26, 26, 1, 8.37%, 0, 9, 2, 0.22, 561, 166
520, 0, 0, 27, 27, 1, 8.42%, 0, 9, 2, 0.20, 587, 167
530, 0, 0, 27, 27, 1, 8.42%, 0, 9, 2, 0.21, 590, 167
540, 0, 0, 27, 27, 1, 8.42%, 0, 9, 2, 0.20, 591, 167
550, 0, 0, 27, 27, 1, 8.42%, 0, 9, 2, 0.20, 594, 167
560, 0, 0, 27, 27, 1, 8.42%, 0, 9, 2, 0.20, 595, 167
571, 0, 0, 27, 27, 1, 8.42%, 0, 9, 2, 0.30, 600, 167
584, 0, 0, 29, 29, 1, 20.61%, 0, 9, 2, 0.16, 615, 409
594, 0, 0, 29, 29, 1, 20.61%, 0, 9, 2, 0.18, 620, 409
604, 0, 0, 31, 31, 1, 20.67%, 0, 9, 2, 0.20, 665, 410
614, 0, 0, 31, 31, 1, 20.67%, 0, 9, 2, 0.19, 666, 410
625, 0, 0, 32, 32, 1, 20.82%, 0, 9, 2, 0.10, 676, 413
635, 0, 0, 32, 32, 1, 20.82%, 0, 9, 2, 0.11, 678, 413
645, 0, 0, 32, 32, 1, 20.82%, 0, 9, 2, 0.11, 680, 413
655, 0, 0, 32, 32, 1, 20.82%, 0, 9, 2, 0.87, 689, 413
666, 0, 0, 32, 32, 1, 20.82%, 0, 9, 2, 0.20, 693, 413
676, 0, 0, 32, 32, 1, 20.82%, 0, 9, 2, 0.69, 713, 413
686, 0, 0, 32, 32, 1, 20.82%, 0, 9, 2, 0.66, 715, 413
696, 0, 0, 32, 32, 1, 20.82%, 0, 9, 2, 0.40, 729, 413
706, 0, 0, 32, 32, 1, 20.82%, 0, 9, 2, 0.38, 731, 413
717, 0, 0, 32, 32, 1, 20.82%, 0, 9, 2, 0.37, 732, 413
727, 0, 0, 32, 32, 1, 20.82%, 0, 9, 2, 0.36, 734, 413
737, 0, 0, 32, 32, 1, 20.82%, 0, 9, 2, 0.35, 736, 413
747, 0, 0, 32, 32, 1, 20.82%, 0, 9, 2, 0.34, 738, 413
758, 0, 0, 32, 32, 1, 20.82%, 0, 9, 2, 0.33, 740, 413
768, 0, 0, 32, 32, 1, 20.82%, 0, 9, 2, 0.33, 743, 413
778, 0, 0, 32, 32, 1, 20.82%, 0, 9, 2, 0.10, 745, 413
789, 0, 0, 34, 34, 1, 20.82%, 0, 9, 2, 0.79, 778, 413
799, 0, 0, 34, 34, 1, 20.82%, 0, 10, 2, 0.77, 783, 413
809, 0, 0, 34, 34, 1, 20.82%, 0, 10, 2, 0.10, 784, 413
819, 0, 0, 34, 34, 1, 20.82%, 0, 10, 2, 0.11, 786, 413
829, 0, 0, 34, 34, 1, 20.82%, 0, 10, 2, 0.79, 794, 413
840, 0, 0, 34, 34, 1, 20.82%, 0, 10, 2, 0.10, 804, 413
850, 0, 0, 35, 35, 1, 20.87%, 0, 10, 2, 0.69, 823, 414
860, 0, 0, 35, 35, 1, 20.87%, 0, 10, 2, 0.67, 826, 414
870, 0, 0, 35, 35, 1, 20.87%, 0, 10, 2, 0.67, 833, 414
880, 0, 0, 35, 35, 1, 20.87%, 0, 11, 2, 0.65, 837, 414
890, 0, 0, 35, 35, 1, 20.87%, 0, 11, 2, 0.64, 841, 414
900, 0, 0, 35, 35, 1, 20.87%, 0, 11, 2, 0.65, 849, 414
910, 0, 0, 35, 35, 1, 20.87%, 0, 11, 2, 0.62, 852, 414
920, 0, 0, 35, 35, 1, 20.87%, 0, 11, 2, 0.60, 854, 414
930, 0, 0, 35, 35, 1, 20.87%, 0, 11, 2, 0.57, 856, 414
940, 0, 0, 35, 35, 1, 20.87%, 0, 11, 2, 0.55, 858, 414
951, 0, 0, 36, 36, 1, 20.87%, 0, 11, 2, 0.20, 868, 414
961, 0, 0, 36, 36, 1, 20.87%, 0, 11, 2, 0.19, 869, 414
971, 0, 0, 36, 36, 1, 20.87%, 0, 11, 2, 0.19, 871, 414
981, 0, 0, 36, 36, 1, 20.87%, 0, 11, 2, 0.19, 872, 414
991, 0, 0, 36, 36, 1, 20.87%, 0, 11, 2, 0.18, 873, 414
1001, 0, 0, 36, 36, 1, 20.87%, 0, 11, 2, 0.18, 875, 414
1011, 0, 0, 37, 37, 1, 20.92%, 0, 11, 2, 1.08, 886, 415
1021, 0, 0, 37, 37, 1, 20.92%, 0, 11, 2, 0.20, 888, 415
1031, 0, 0, 37, 37, 1, 20.92%, 0, 11, 2, 0.22, 893, 415
1041, 0, 0, 37, 37, 1, 20.92%, 0, 11, 2, 0.23, 897, 415
1051, 0, 0, 37, 37, 1, 20.92%, 0, 11, 2, 0.24, 901, 415
1061, 0, 0, 38, 38, 1, 20.92%, 0, 11, 2, 0.30, 914, 415
1071, 0, 0, 38, 38, 1, 20.92%, 0, 11, 2, 0.29, 916, 415
1081, 0, 0, 38, 38, 1, 20.92%, 0, 11, 2, 0.31, 921, 415
1092, 0, 0, 39, 39, 1, 20.92%, 0, 11, 2, 0.34, 930, 415
1102, 0, 0, 39, 39, 1, 20.92%, 0, 11, 2, 0.33, 932, 415
1112, 0, 0, 39, 39, 1, 20.92%, 0, 11, 2, 0.33, 935, 415
1122, 0, 0, 39, 39, 1, 20.92%, 0, 11, 2, 0.32, 937, 415
1132, 0, 0, 39, 39, 1, 20.92%, 0, 11, 2, 0.31, 938, 415
1142, 0, 0, 39, 39, 1, 20.92%, 0, 11, 2, 0.32, 943, 415
1152, 0, 0, 39, 39, 1, 20.92%, 0, 11, 2, 0.31, 944, 415
1162, 0, 0, 39, 39, 1, 20.92%, 0, 11, 2, 0.34, 952, 415
1172, 0, 0, 39, 39, 1, 20.92%, 0, 11, 2, 0.49, 963, 415
1183, 0, 0, 39, 39, 1, 20.92%, 0, 11, 2, 0.10, 964, 415
1193, 0, 0, 39, 39, 1, 20.92%, 0, 11, 2, 0.30, 976, 415
1203, 0, 0, 39, 39, 1, 20.92%, 0, 11, 2, 0.32, 982, 415
1213, 0, 0, 39, 39, 1, 20.92%, 0, 11, 2, 0.32, 986, 415
1224, 0, 0, 39, 39, 1, 20.92%, 0, 11, 2, 0.31, 988, 415
1234, 0, 0, 39, 39, 1, 20.92%, 0, 11, 2, 0.30, 989, 415
1244, 0, 0, 39, 39, 1, 20.92%, 0, 11, 2, 0.59, 997, 415
1254, 0, 0, 39, 39, 1, 20.92%, 0, 11, 2, 0.10, 998, 415
1265, 0, 0, 39, 39, 1, 20.92%, 0, 11, 2, 0.29, 1004, 415
1275, 0, 0, 39, 39, 1, 20.92%, 0, 11, 2, 0.29, 1007, 415
1285, 0, 0, 39, 39, 1, 20.92%, 0, 11, 2, 0.29, 1009, 415
1295, 0, 0, 39, 39, 1, 20.92%, 0, 11, 2, 0.28, 1010, 415
1305, 0, 0, 39, 39, 1, 20.92%, 0, 11, 2, 0.29, 1015, 415
1315, 0, 0, 39, 39, 1, 20.92%, 0, 11, 2, 0.28, 1016, 415
1325, 0, 0, 39, 39, 1, 20.92%, 0, 11, 2, 0.29, 1020, 415
1335, 0, 0, 39, 39, 1, 20.92%, 0, 11, 2, 0.28, 1022, 415
1345, 0, 0, 39, 39, 1, 20.92%, 0, 11, 2, 0.29, 1027, 415
1355, 0, 0, 39, 39, 1, 20.92%, 0, 11, 2, 0.31, 1032, 415
1365, 0, 0, 39, 39, 1, 20.92%, 0, 11, 2, 0.31, 1036, 415
1376, 0, 0, 40, 40, 1, 20.97%, 0, 11, 2, 0.98, 1060, 416
1386, 0, 0, 40, 40, 1, 20.97%, 0, 11, 2, 0.10, 1061, 416
1396, 0, 0, 40, 40, 1, 20.97%, 0, 11, 2, 0.10, 1062, 416
1406, 0, 0, 40, 40, 1, 20.97%, 0, 11, 2, 0.11, 1064, 416
1416, 0, 0, 40, 40, 1, 20.97%, 0, 11, 2, 0.13, 1069, 416
1426, 0, 0, 40, 40, 1, 20.97%, 0, 11, 2, 0.13, 1071, 416
1436, 0, 0, 40, 40, 1, 20.97%, 0, 11, 2, 0.15, 1075, 416
1446, 0, 0, 40, 40, 1, 20.97%, 0, 11, 2, 0.15, 1076, 416
1457, 0, 0, 40, 40, 1, 20.97%, 0, 11, 2, 0.17, 1081, 416
1467, 0, 0, 40, 40, 1, 20.97%, 0, 11, 2, 0.20, 1087, 416
1477, 0, 0, 40, 40, 1, 20.97%, 0, 11, 2, 0.20, 1090, 416
1487, 0, 0, 40, 40, 1, 20.97%, 0, 11, 2, 0.20, 1091, 416
1497, 0, 0, 41, 41, 1, 21.02%, 0, 11, 2, 0.10, 1105, 417
1507, 0, 0, 41, 41, 1, 21.02%, 0, 11, 2, 0.10, 1106, 417
1517, 0, 0, 42, 42, 1, 21.17%, 0, 11, 2, 0.50, 1121, 420
1527, 0, 0, 42, 42, 1, 21.17%, 0, 11, 2, 0.47, 1122, 420
1537, 0, 0, 42, 42, 1, 21.17%, 0, 11, 2, 0.45, 1123, 420
1547, 0, 0, 42, 42, 1, 21.17%, 0, 11, 2, 0.45, 1128, 420
1557, 0, 0, 42, 42, 1, 21.17%, 0, 11, 2, 0.43, 1129, 420
1567, 0, 0, 42, 42, 1, 21.17%, 0, 11, 2, 0.41, 1130, 420
1578, 0, 0, 42, 42, 1, 21.17%, 0, 11, 2, 0.40, 1133, 420
1588, 0, 0, 42, 42, 1, 21.17%, 0, 11, 2, 0.39, 1135, 420
1598, 0, 0, 42, 42, 1, 21.17%, 0, 11, 2, 0.38, 1137, 420
1608, 0, 0, 42, 42, 1, 21.17%, 0, 11, 2, 0.38, 1142, 420
1618, 0, 0, 42, 42, 1, 21.17%, 0, 11, 2, 0.37, 1143, 420
1628, 0, 0, 43, 43, 1, 21.22%, 0, 11, 2, 0.42, 1156, 421
1638, 0, 0, 43, 43, 1, 21.22%, 0, 11, 2, 0.42, 1159, 421
1648, 0, 0, 43, 43, 1, 21.22%, 0, 11, 2, 0.41, 1163, 421
1658, 0, 0, 43, 43, 1, 21.22%, 0, 11, 2, 0.39, 1164, 421
1668, 0, 0, 43, 43, 1, 21.22%, 0, 11, 2, 0.38, 1166, 421
1678, 0, 0, 43, 43, 1, 21.22%, 0, 11, 2, 0.36, 1167, 421
1688, 0, 0, 43, 43, 1, 21.22%, 0, 11, 2, 0.37, 1171, 421
1698, 0, 0, 43, 43, 1, 21.22%, 0, 11, 2, 0.37, 1176, 421
1708, 0, 0, 44, 44, 1, 21.22%, 0, 11, 2, 0.41, 1185, 421
1719, 0, 0, 44, 44, 1, 21.22%, 0, 11, 2, 0.39, 1186, 421
1729, 0, 0, 44, 44, 1, 21.22%, 0, 11, 2, 0.10, 1198, 421
1739, 0, 0, 44, 44, 1, 21.22%, 0, 11, 2, 0.12, 1202, 421
1749, 0, 0, 44, 44, 1, 21.22%, 0, 11, 2, 0.12, 1204, 421
1759, 0, 0, 44, 44, 1, 21.22%, 0, 11, 2, 0.13, 1206, 421
1769, 0, 0, 44, 44, 1, 21.22%, 0, 11, 2, 0.13, 1207, 421
1779, 0, 0, 44, 44, 1, 21.22%, 0, 11, 2, 0.13, 1209, 421
1789, 0, 0, 44, 44, 1, 21.22%, 0, 11, 2, 0.15, 1214, 421
1799, 0, 0, 44, 44, 1, 21.22%, 0, 11, 2, 0.16, 1217, 421
1809, 0, 0, 44, 44, 1, 21.22%, 0, 11, 2, 0.17, 1219, 421
1819, 0, 0, 44, 44, 1, 21.22%, 0, 11, 2, 0.16, 1220, 421
1829, 0, 0, 44, 44, 1, 21.22%, 0, 11, 2, 0.16, 1221, 421
1839, 0, 0, 44, 44, 1, 21.22%, 0, 11, 2, 0.16, 1223, 421
1849, 0, 0, 44, 44, 1, 21.22%, 0, 11, 2, 0.16, 1225, 421
1859, 0, 0, 44, 44, 1, 21.22%, 0, 11, 2, 0.16, 1226, 421
1869, 0, 0, 45, 45, 1, 21.27%, 0, 11, 2, 0.98, 1236, 422
1879, 0, 0, 45, 45, 1, 21.27%, 0, 11, 2, 0.10, 1237, 422
1889, 0, 0, 45, 45, 1, 21.27%, 0, 11, 2, 0.12, 1242, 422
1900, 0, 0, 45, 45, 1, 21.27%, 0, 11, 2, 0.14, 1246, 422
1910, 0, 0, 45, 45, 1, 21.27%, 0, 11, 2, 0.14, 1247, 422
1920, 0, 0, 45, 45, 1, 21.27%, 0, 11, 2, 0.14, 1248, 422
1930, 0, 0, 45, 45, 1, 21.27%, 0, 11, 2, 0.13, 1249, 422
1940, 0, 0, 45, 45, 1, 21.27%, 0, 11, 2, 0.14, 1252, 422
1950, 0, 0, 45, 45, 1, 21.27%, 0, 11, 2, 0.17, 1257, 422
1960, 0, 0, 45, 45, 1, 21.27%, 0, 11, 2, 0.16, 1258, 422
1970, 0, 0, 45, 45, 1, 21.27%, 0, 11, 2, 0.29, 1262, 422
1980, 0, 0, 45, 45, 1, 21.27%, 0, 11, 2, 0.29, 1265, 422
1990, 0, 0, 45, 45, 1, 21.27%, 0, 11, 2, 0.29, 1268, 422
2000, 0, 0, 45, 45, 1, 21.27%, 0, 11, 2, 0.28, 1269, 422
2011, 0, 0, 45, 45, 1, 21.27%, 0, 11, 2, 0.31, 1276, 422
2021, 0, 0, 45, 45, 1, 21.27%, 0, 11, 2, 0.29, 1277, 422
2031, 0, 0, 45, 45, 1, 21.27%, 0, 11, 2, 0.30, 1281, 422
2041, 0, 0, 45, 45, 1, 21.27%, 0, 11, 2, 0.30, 1284, 422
2051, 0, 0, 45, 45, 1, 21.27%, 0, 11, 2, 0.30, 1287, 422
2061, 0, 0, 45, 45, 1, 21.27%, 0, 11, 2, 0.33, 1295, 422
2071, 0, 0, 46, 46, 1, 21.32%, 0, 11, 2, 0.40, 1313, 423
2081, 0, 0, 46, 46, 1, 21.32%, 0, 11, 2, 0.42, 1320, 423
2091, 0, 0, 46, 46, 1, 21.32%, 0, 11, 2, 0.43, 1326, 423
2101, 0, 0, 46, 46, 1, 21.32%, 0, 11, 2, 0.41, 1327, 423
2111, 0, 0, 46, 46, 1, 21.32%, 0, 11, 2, 0.42, 1333, 423
2121, 0, 0, 46, 46, 1, 21.32%, 0, 11, 2, 0.40, 1334, 423
2132, 0, 0, 46, 46, 1, 21.32%, 0, 11, 2, 0.40, 1338, 423
2142, 0, 0, 46, 46, 1, 21.32%, 0, 11, 2, 0.39, 1341, 423
2152, 0, 0, 46, 46, 1, 21.32%, 0, 11, 2, 0.37, 1342, 423
2162, 0, 0, 46, 46, 1, 21.32%, 0, 11, 2, 0.37, 1345, 423
2172, 0, 0, 46, 46, 1, 21.32%, 0, 11, 2, 0.36, 1347, 423
2182, 0, 0, 46, 46, 1, 21.32%, 0, 11, 2, 0.37, 1352, 423
2192, 0, 0, 46, 46, 1, 21.32%, 0, 11, 2, 0.35, 1353, 423
2202, 0, 0, 46, 46, 1, 21.32%, 0, 11, 2, 0.36, 1358, 423
2212, 0, 0, 46, 46, 1, 21.32%, 0, 11, 2, 0.34, 1359, 423
2222, 0, 0, 46, 46, 1, 21.32%, 0, 11, 2, 0.33, 1361, 423
2232, 0, 0, 46, 46, 1, 21.32%, 0, 11, 2, 0.10, 1374, 423
2242, 0, 0, 47, 47, 1, 21.32%, 0, 11, 2, 0.98, 1384, 423
2253, 0, 0, 47, 47, 1, 21.32%, 0, 11, 2, 0.96, 1390, 423
2263, 0, 0, 47, 47, 1, 21.32%, 0, 11, 2, 0.91, 1392, 423
2273, 0, 0, 47, 47, 1, 21.32%, 0, 11, 2, 0.10, 1393, 423
2283, 0, 0, 47, 47, 1, 21.32%, 0, 11, 2, 0.59, 1399, 423
2293, 0, 0, 47, 47, 1, 21.32%, 0, 11, 2, 0.58, 1402, 423
2303, 0, 0, 47, 47, 1, 21.32%, 0, 11, 2, 0.55, 1404, 423
2313, 0, 0, 47, 47, 1, 21.32%, 0, 11, 2, 0.59, 1416, 423
2323, 0, 0, 48, 48, 1, 21.42%, 0, 11, 2, 0.10, 1427, 425
2333, 0, 0, 48, 48, 1, 21.42%, 0, 11, 2, 0.12, 1431, 425
2343, 0, 0, 48, 48, 1, 21.42%, 0, 11, 2, 0.14, 1436, 425
2353, 0, 0, 48, 48, 1, 21.42%, 0, 11, 2, 0.14, 1437, 425
2363, 0, 0, 48, 48, 1, 21.42%, 0, 11, 2, 0.14, 1438, 425
2373, 0, 0, 48, 48, 1, 21.42%, 0, 11, 2, 0.16, 1443, 425
2384, 0, 0, 48, 48, 1, 21.42%, 0, 11, 2, 1.08, 1454, 425
2394, 0, 0, 48, 48, 1, 21.42%, 0, 11, 2, 0.10, 1455, 425
2404, 0, 0, 48, 48, 1, 21.42%, 0, 11, 2, 0.11, 1458, 425
2414, 0, 0, 48, 48, 1, 21.42%, 0, 11, 2, 0.13, 1462, 425
2424, 0, 0, 48, 48, 1, 21.42%, 0, 11, 2, 0.13, 1463, 425
2434, 0, 0, 48, 48, 1, 21.42%, 0, 11, 2, 0.14, 1466, 425
2444, 0, 0, 48, 48, 1, 21.42%, 0, 11, 2, 0.15, 1470, 425
2454, 0, 0, 48, 48, 1, 21.42%, 0, 11, 2, 0.18, 1476, 425
2464, 0, 0, 48, 48, 1, 21.42%, 0, 11, 2, 0.21, 1482, 425
2474, 0, 0, 48, 48, 1, 21.42%, 0, 11, 2, 0.20, 1483, 425
2484, 0, 0, 48, 48, 1, 21.42%, 0, 11, 2, 0.19, 1484, 425
2494, 0, 0, 48, 48, 1, 21.42%, 0, 11, 2, 0.19, 1485, 425
2504, 0, 0, 48, 48, 1, 21.42%, 0, 11, 2, 0.20, 1489, 425
2514, 0, 0, 48, 48, 1, 21.42%, 0, 11, 2, 0.23, 1495, 425
2525, 0, 0, 48, 48, 1, 21.42%, 0, 11, 2, 0.26, 1502, 425
2535, 0, 0, 48, 48, 1, 21.42%, 0, 11, 2, 0.26, 1506, 425
2545, 0, 0, 48, 48, 1, 21.42%, 0, 11, 2, 0.27, 1510, 425
2555, 0, 0, 48, 48, 1, 21.42%, 0, 11, 2, 0.27, 1513, 425
2565, 0, 0, 48, 48, 1, 21.42%, 0, 11, 2, 0.29, 1519, 425
2575, 0, 0, 48, 48, 1, 21.42%, 0, 11, 2, 0.29, 1522, 425
2585, 0, 0, 48, 48, 1, 21.42%, 0, 11, 2, 0.32, 1529, 425
2595, 0, 0, 49, 49, 1, 21.42%, 0, 11, 2, 0.10, 1543, 425
2605, 0, 0, 49, 49, 1, 21.42%, 0, 11, 2, 0.12, 1547, 425
2615, 0, 0, 49, 49, 1, 21.42%, 0, 11, 2, 0.59, 1553, 425
2625, 0, 0, 49, 49, 1, 21.42%, 0, 11, 2, 0.10, 1554, 425
2636, 0, 0, 49, 49, 1, 21.42%, 0, 11, 2, 0.59, 1560, 425
2646, 0, 0, 49, 49, 1, 21.42%, 0, 11, 2, 0.58, 1564, 425
2656, 0, 0, 49, 49, 1, 21.42%, 0, 11, 2, 0.56, 1567, 425
2666, 0, 0, 49, 49, 1, 21.42%, 0, 11, 2, 0.54, 1569, 425
2676, 0, 0, 49, 49, 1, 21.42%, 0, 11, 2, 0.52, 1571, 425
2686, 0, 0, 49, 49, 1, 21.42%, 0, 11, 2, 0.50, 1573, 425
2696, 0, 0, 49, 49, 1, 21.42%, 0, 11, 2, 0.48, 1575, 425
2706, 0, 0, 49, 49, 1, 21.42%, 0, 11, 2, 0.46, 1576, 425
2716, 0, 0, 50, 50, 1, 21.47%, 0, 11, 2, 0.50, 1587, 426
2726, 0, 0, 50, 50, 1, 21.47%, 0, 11, 2, 0.47, 1588, 426
2736, 0, 0, 50, 50, 1, 21.47%, 0, 11, 2, 0.48, 1595, 426
2746, 0, 0, 50, 50, 1, 21.47%, 0, 11, 2, 0.49, 1601, 426
2756, 0, 0, 50, 50, 1, 21.47%, 0, 11, 2, 0.47, 1603, 426
2766, 0, 0, 50, 50, 1, 21.47%, 0, 11, 2, 0.46, 1606, 426
2776, 0, 0, 50, 50, 1, 21.47%, 0, 11, 2, 0.46, 1610, 426
2786, 0, 0, 50, 50, 1, 21.47%, 0, 11, 2, 0.44, 1611, 426
2796, 0, 0, 50, 50, 1, 21.47%, 0, 11, 2, 0.43, 1614, 426
2807, 0, 0, 50, 50, 1, 21.47%, 0, 11, 2, 0.41, 1616, 426
2817, 0, 0, 50, 50, 1, 21.47%, 0, 11, 2, 0.43, 1623, 426
2827, 0, 0, 50, 50, 1, 21.47%, 0, 11, 2, 0.41, 1624, 426
2837, 0, 0, 50, 50, 1, 21.47%, 0, 11, 2, 0.40, 1626, 426
2847, 0, 0, 50, 50, 1, 21.47%, 0, 11, 2, 0.40, 1630, 426
2857, 0, 0, 50, 50, 1, 21.47%, 0, 11, 2, 0.40, 1634, 426
2867, 0, 0, 50, 50, 1, 21.47%, 0, 11, 2, 0.38, 1635, 426
2877, 0, 0, 50, 50, 1, 21.47%, 0, 11, 2, 0.38, 1639, 426
2887, 0, 0, 50, 50, 1, 21.47%, 0, 11, 2, 0.37, 1641, 426
2897, 0, 0, 50, 50, 1, 21.47%, 0, 11, 2, 0.35, 1642, 426
2907, 0, 0, 50, 50, 1, 21.47%, 0, 11, 2, 0.37, 1648, 426
2917, 0, 0, 50, 50, 1, 21.47%, 0, 11, 2, 0.38, 1654, 426
2927, 0, 0, 50, 50, 1, 21.47%, 0, 11, 2, 0.36, 1655, 426
2937, 0, 0, 50, 50, 1, 21.47%, 0, 11, 2, 0.37, 1660, 426
2948, 0, 0, 50, 50, 1, 21.47%, 0, 11, 2, 0.20, 1666, 426
2958, 0, 0, 50, 50, 1, 21.47%, 0, 11, 2, 0.21, 1669, 426
2968, 0, 0, 50, 50, 1, 21.47%, 0, 11, 2, 0.22, 1673, 426
2978, 0, 0, 50, 50, 1, 21.47%, 0, 11, 2, 0.21, 1674, 426
2988, 0, 0, 50, 50, 1, 21.47%, 0, 11, 2, 0.20, 1675, 426
2998, 0, 0, 50, 50, 1, 21.47%, 0, 11, 2, 0.22, 1679, 426
3008, 0, 0, 50, 50, 1, 21.47%, 0, 11, 2, 0.21, 1680, 426
3018, 0, 0, 50, 50, 1, 21.47%, 0, 11, 2, 0.23, 1685, 426
3028, 0, 0, 50, 50, 1, 21.47%, 0, 11, 2, 0.22, 1686, 426
3038, 0, 0, 50, 50, 1, 21.47%, 0, 11, 2, 0.21, 1687, 426
3048, 0, 0, 50, 50, 1, 21.47%, 0, 11, 2, 0.20, 1688, 426
3058, 0, 0, 50, 50, 1, 21.47%, 0, 11, 2, 0.20, 1689, 426
3068, 0, 0, 50, 50, 1, 21.47%, 0, 11, 2, 0.20, 1691, 426
3078, 0, 0, 51, 51, 1, 21.47%, 0, 11, 2, 1.08, 1702, 426
3088, 0, 0, 51, 51, 1, 21.47%, 0, 11, 2, 0.20, 1704, 426
3098, 0, 0, 51, 51, 1, 21.47%, 0, 11, 2, 0.22, 1710, 426
3108, 0, 0, 51, 51, 1, 21.47%, 0, 11, 2, 0.26, 1718, 426
3118, 0, 0, 51, 51, 1, 21.47%, 0, 11, 2, 0.25, 1719, 426
3128, 0, 0, 51, 51, 1, 21.47%, 0, 11, 2, 0.25, 1721, 426
3139, 0, 0, 51, 51, 1, 21.47%, 0, 11, 2, 0.20, 1733, 426
3149, 0, 0, 51, 51, 1, 21.47%, 0, 11, 2, 0.20, 1735, 426
3159, 0, 0, 51, 51, 1, 21.47%, 0, 11, 2, 0.24, 1744, 426
3169, 0, 0, 51, 51, 1, 21.47%, 0, 11, 2, 0.26, 1749, 426
3179, 0, 0, 51, 51, 1, 21.47%, 0, 11, 2, 0.29, 1756, 426
3189, 0, 0, 51, 51, 1, 21.47%, 0, 11, 2, 0.29, 1759, 426
3199, 0, 0, 51, 51, 1, 21.47%, 0, 11, 2, 0.31, 1766, 426
3209, 0, 0, 51, 51, 1, 21.47%, 0, 11, 2, 0.32, 1771, 426
3219, 0, 0, 51, 51, 1, 21.47%, 0, 11, 2, 0.33, 1776, 426
3230, 0, 0, 51, 51, 1, 21.47%, 0, 11, 2, 0.37, 1785, 426
3240, 0, 0, 51, 51, 1, 21.47%, 0, 11, 2, 0.35, 1786, 426
3250, 0, 0, 51, 51, 1, 21.47%, 0, 11, 2, 0.34, 1788, 426
3260, 0, 0, 51, 51, 1, 21.47%, 0, 11, 2, 0.33, 1789, 426
3270, 0, 0, 51, 51, 1, 21.47%, 0, 11, 2, 0.32, 1791, 426
3280, 0, 0, 51, 51, 1, 21.47%, 0, 11, 2, 0.32, 1794, 426
3290, 0, 0, 51, 51, 1, 21.47%, 0, 11, 2, 0.10, 1807, 426
3300, 0, 0, 51, 51, 1, 21.47%, 0, 11, 2, 0.11, 1810, 426
3310, 0, 0, 51, 51, 1, 21.47%, 0, 11, 2, 0.12, 1812, 426
3320, 0, 0, 51, 51, 1, 21.47%, 0, 11, 2, 0.12, 1814, 426
3330, 0, 0, 51, 51, 1, 21.47%, 0, 11, 2, 0.13, 1816, 426
3340, 0, 0, 51, 51, 1, 21.47%, 0, 11, 2, 0.13, 1818, 426
3350, 0, 0, 51, 51, 1, 21.47%, 0, 12, 2, 0.14, 1820, 426
3360, 0, 0, 51, 51, 1, 21.47%, 0, 12, 2, 0.13, 1821, 426
3370, 0, 0, 51, 51, 1, 21.47%, 0, 12, 2, 0.13, 1822, 426
3383, 0, 0, 52, 52, 1, 21.52%, 0, 12, 2, 0.83, 1833, 427
3393, 0, 0, 52, 52, 1, 21.52%, 0, 12, 2, 0.10, 1834, 427
3403, 0, 0, 52, 52, 1, 21.52%, 0, 12, 2, 0.10, 1835, 427
3414, 0, 0, 52, 52, 1, 21.52%, 0, 12, 2, 0.10, 1836, 427
3424, 0, 0, 52, 52, 1, 21.52%, 0, 12, 2, 0.10, 1837, 427
3434, 0, 0, 52, 52, 1, 21.52%, 0, 12, 2, 0.11, 1840, 427
3444, 0, 0, 52, 52, 1, 21.52%, 0, 12, 2, 0.13, 1844, 427
3454, 0, 0, 52, 52, 1, 21.52%, 0, 12, 2, 0.13, 1846, 427
3464, 0, 0, 52, 52, 1, 21.52%, 0, 12, 2, 0.89, 1855, 427
3474, 0, 0, 52, 52, 1, 21.52%, 0, 12, 2, 0.10, 1856, 427
3484, 0, 0, 52, 52, 1, 21.52%, 0, 12, 2, 0.10, 1857, 427
3494, 0, 0, 52, 52, 1, 21.52%, 0, 12, 2, 1.08, 1881, 427
3504, 0, 0, 52, 52, 1, 21.52%, 0, 12, 2, 0.10, 1882, 427
3514, 0, 0, 52, 52, 1, 21.52%, 0, 12, 2, 0.11, 1884, 427
3524, 0, 0, 52, 52, 1, 21.52%, 0, 12, 2, 0.12, 1887, 427
3534, 0, 0, 52, 52, 1, 21.52%, 0, 12, 2, 0.12, 1889, 427
3544, 0, 0, 52, 52, 1, 21.52%, 0, 12, 2, 0.69, 1896, 427
3555, 0, 0, 52, 52, 1, 21.52%, 0, 12, 2, 0.67, 1899, 427
3565, 0, 0, 52, 52, 1, 21.52%, 0, 12, 2, 0.66, 1904, 427
3575, 0, 0, 52, 52, 1, 21.52%, 0, 12, 2, 0.63, 1906, 427
3585, 0, 0, 52, 52, 1, 21.52%, 0, 12, 2, 0.60, 1908, 427
3595, 0, 0, 52, 52, 1, 21.52%, 0, 12, 2, 0.58, 1910, 427
3605, 0, 0, 52, 52, 1, 21.52%, 0, 12, 2, 0.56, 1913, 427
3615, 0, 0, 52, 52, 1, 21.52%, 0, 12, 2, 0.10, 1914, 427
3625, 0, 0, 52, 52, 1, 21.52%, 0, 12, 2, 0.10, 1915, 427
3635, 0, 0, 52, 52, 1, 21.52%, 0, 12, 2, 0.10, 1916, 427
3645, 0, 0, 52, 52, 1, 21.52%, 0, 12, 2, 0.10, 1917, 427
3655, 0, 0, 52, 52, 1, 21.52%, 0, 12, 2, 0.11, 1919, 427
3665, 0, 0, 52, 52, 1, 21.52%, 0, 12, 2, 0.11, 1920, 427
3675, 0, 0, 52, 52, 1, 21.52%, 0, 12, 2, 0.13, 1925, 427
3685, 0, 0, 52, 52, 1, 21.52%, 0, 12, 2, 0.13, 1926, 427
3695, 0, 0, 52, 52, 1, 21.52%, 0, 12, 2, 0.13, 1927, 427
3705, 0, 0, 52, 52, 1, 21.52%, 0, 12, 2, 0.12, 1928, 427
3715, 0, 0, 52, 52, 1, 21.52%, 0, 12, 2, 0.12, 1929, 427
3725, 0, 0, 52, 52, 1, 21.52%, 0, 12, 2, 0.89, 1938, 427
3735, 0, 0, 53, 53, 1, 21.57%, 0, 12, 2, 0.40, 1956, 428
3745, 0, 0, 53, 53, 1, 21.57%, 0, 12, 2, 0.38, 1957, 428
3755, 0, 0, 53, 53, 1, 21.57%, 0, 12, 2, 0.36, 1958, 428
3765, 0, 0, 53, 53, 1, 21.57%, 0, 12, 2, 0.35, 1959, 428
3776, 0, 0, 53, 53, 1, 21.57%, 0, 12, 2, 0.37, 1967, 428
3786, 0, 0, 53, 53, 1, 21.57%, 0, 12, 2, 0.37, 1971, 428
3796, 0, 0, 53, 53, 1, 21.57%, 0, 12, 2, 0.36, 1972, 428
3806, 0, 0, 53, 53, 1, 21.57%, 0, 12, 2, 0.35, 1974, 428
3816, 0, 0, 53, 53, 1, 21.57%, 0, 12, 2, 0.34, 1977, 428
3826, 0, 0, 53, 53, 1, 21.57%, 0, 12, 2, 0.33, 1978, 428
3836, 0, 0, 53, 53, 1, 21.57%, 0, 12, 2, 0.31, 1979, 428
3846, 0, 0, 53, 53, 1, 21.57%, 0, 12, 2, 0.33, 1984, 428
3856, 0, 0, 53, 53, 1, 21.57%, 0, 12, 2, 0.32, 1986, 428
3866, 0, 0, 53, 53, 1, 21.57%, 0, 12, 2, 0.34, 1993, 428
3876, 0, 0, 53, 53, 1, 21.57%, 0, 12, 2, 0.38, 2002, 428
3886, 0, 0, 53, 53, 1, 21.57%, 0, 12, 2, 0.36, 2004, 428
3896, 0, 0, 53, 53, 1, 21.57%, 0, 12, 2, 0.10, 2016, 428
3906, 0, 0, 53, 53, 1, 21.57%, 0, 12, 2, 0.12, 2020, 428
3916, 0, 0, 53, 53, 1, 21.57%, 0, 12, 2, 0.12, 2022, 428
3926, 0, 0, 53, 53, 1, 21.57%, 0, 12, 2, 0.13, 2024, 428
3937, 0, 0, 53, 53, 1, 21.57%, 0, 12, 2, 0.14, 2027, 428
3947, 0, 0, 53, 53, 1, 21.57%, 0, 12, 2, 0.14, 2029, 428
3957, 0, 0, 53, 53, 1, 21.57%, 0, 12, 2, 0.15, 2031, 428
3967, 0, 0, 53, 53, 1, 21.57%, 0, 12, 2, 0.16, 2035, 428
3977, 0, 0, 54, 54, 1, 21.67%, 0, 12, 2, 0.20, 2047, 430
3987, 0, 0, 54, 54, 1, 21.67%, 0, 12, 2, 0.23, 2054, 430
3997, 0, 0, 54, 54, 1, 21.67%, 0, 12, 2, 0.25, 2060, 430
4007, 0, 0, 54, 54, 1, 21.67%, 0, 12, 2, 0.24, 2061, 430
4017, 0, 0, 54, 54, 1, 21.67%, 0, 12, 2, 0.24, 2063, 430
4027, 0, 0, 54, 54, 1, 21.67%, 0, 12, 2, 0.23, 2064, 430
4037, 0, 0, 54, 54, 1, 21.67%, 0, 12, 2, 0.23, 2066, 430
4047, 0, 0, 54, 54, 1, 21.67%, 0, 12, 2, 0.23, 2068, 430
4057, 0, 0, 54, 54, 1, 21.67%, 0, 12, 2, 0.23, 2071, 430
4067, 0, 0, 54, 54, 1, 21.67%, 0, 12, 2, 0.22, 2072, 430
4077, 0, 0, 54, 54, 1, 21.67%, 0, 12, 2, 0.22, 2074, 430
4087, 0, 0, 54, 54, 1, 21.67%, 0, 12, 2, 0.26, 2082, 430
4098, 0, 0, 54, 54, 1, 21.67%, 0, 12, 2, 0.28, 2088, 430
4108, 0, 0, 54, 54, 1, 21.67%, 0, 12, 2, 0.31, 2096, 430
4118, 0, 0, 54, 54, 1, 21.67%, 0, 12, 2, 0.33, 2103, 430
4128, 0, 0, 54, 54, 1, 21.67%, 0, 12, 2, 0.32, 2104, 430
4138, 0, 0, 54, 54, 1, 21.67%, 0, 12, 2, 0.31, 2105, 430
4148, 0, 0, 54, 54, 1, 21.67%, 0, 12, 2, 0.29, 2106, 430
4158, 0, 0, 54, 54, 1, 21.67%, 0, 12, 2, 0.30, 2110, 430
4168, 0, 0, 54, 54, 1, 21.67%, 0, 12, 2, 0.10, 2120, 430
4178, 0, 0, 54, 54, 1, 21.67%, 0, 12, 2, 0.10, 2121, 430
4188, 0, 0, 54, 54, 1, 21.67%, 0, 12, 2, 0.59, 2127, 430
4198, 0, 0, 54, 54, 1, 21.67%, 0, 12, 2, 0.10, 2128, 430
4208, 0, 0, 54, 54, 1, 21.67%, 0, 12, 2, 0.11, 2130, 430
4218, 0, 0, 54, 54, 1, 21.67%, 0, 12, 2, 0.13, 2135, 430
4228, 0, 0, 54, 54, 1, 21.67%, 0, 12, 2, 0.13, 2137, 430
4239, 0, 0, 54, 54, 1, 21.67%, 0, 12, 2, 0.69, 2144, 430
4249, 0, 0, 54, 54, 1, 21.67%, 0, 12, 2, 0.10, 2145, 430
4259, 0, 0, 54, 54, 1, 21.67%, 0, 12, 2, 0.11, 2147, 430
4269, 0, 0, 54, 54, 1, 21.67%, 0, 12, 2, 1.08, 2158, 430
4279, 0, 0, 54, 54, 1, 21.67%, 0, 12, 2, 1.03, 2162, 430
4289, 0, 0, 55, 55, 1, 21.67%, 0, 12, 2, 0.39, 2174, 430
4299, 0, 0, 55, 55, 1, 21.67%, 0, 12, 2, 0.38, 2175, 430
4310, 0, 0, 55, 55, 1, 21.67%, 0, 12, 2, 0.38, 2179, 430
4320, 0, 0, 55, 55, 1, 21.67%, 0, 12, 2, 0.36, 2180, 430
4330, 0, 0, 55, 55, 1, 21.67%, 0, 12, 2, 0.36, 2183, 430
4340, 0, 0, 55, 55, 1, 21.67%, 0, 12, 2, 0.35, 2186, 430
4350, 0, 0, 55, 55, 1, 21.67%, 0, 12, 2, 0.34, 2188, 430
4360, 0, 0, 55, 55, 1, 21.67%, 0, 12, 2, 0.35, 2193, 430
4370, 0, 0, 56, 56, 1, 21.67%, 0, 12, 2, 0.40, 2205, 430
4380, 0, 0, 56, 56, 1, 21.67%, 0, 12, 2, 0.39, 2207, 430
4390, 0, 0, 56, 56, 1, 21.67%, 0, 12, 2, 0.39, 2211, 430
4400, 0, 0, 56, 56, 1, 21.67%, 0, 12, 2, 0.40, 2216, 430
4410, 0, 0, 56, 56, 1, 21.67%, 0, 12, 2, 0.39, 2218, 430
4420, 0, 0, 56, 56, 1, 21.67%, 0, 12, 2, 0.38, 2221, 430
4430, 0, 0, 56, 56, 1, 21.67%, 0, 12, 2, 0.38, 2224, 430
4440, 0, 0, 56, 56, 1, 21.67%, 0, 12, 2, 0.36, 2225, 430
4450, 0, 0, 56, 56, 1, 21.67%, 0, 12, 2, 0.34, 2226, 430
4460, 0, 0, 56, 56, 1, 21.67%, 0, 13, 2, 0.33, 2228, 430
4470, 0, 0, 56, 56, 1, 21.67%, 0, 13, 2, 0.34, 2233, 430
4481, 0, 0, 56, 56, 1, 21.67%, 0, 13, 2, 0.33, 2234, 430
4491, 0, 0, 56, 56, 1, 21.67%, 0, 13, 2, 0.34, 2239, 430
4501, 0, 0, 56, 56, 1, 21.67%, 0, 13, 2, 0.34, 2242, 430
4511, 0, 0, 56, 56, 1, 21.67%, 0, 13, 2, 0.37, 2251, 430
4521, 0, 0, 56, 56, 1, 21.67%, 0, 13, 2, 0.35, 2252, 430
4531, 0, 0, 56, 56, 1, 21.67%, 0, 13, 2, 0.34, 2253, 430
4541, 0, 0, 56, 56, 1, 21.67%, 0, 13, 2, 0.32, 2254, 430
4551, 0, 0, 56, 56, 1, 21.67%, 0, 13, 2, 0.35, 2262, 430
4561, 0, 0, 56, 56, 1, 21.67%, 0, 13, 2, 0.36, 2267, 430
4571, 0, 0, 56, 56, 1, 21.67%, 0, 13, 2, 0.34, 2268, 430
4581, 0, 0, 56, 56, 1, 21.67%, 0, 13, 2, 0.34, 2270, 430
4591, 0, 0, 56, 56, 1, 21.67%, 0, 13, 2, 0.36, 2277, 430
4601, 0, 0, 56, 56, 1, 21.67%, 0, 14, 2, 0.34, 2278, 430
4611, 0, 0, 56, 56, 1, 21.67%, 0, 14, 2, 0.33, 2279, 430
4621, 0, 0, 56, 56, 1, 21.67%, 0, 14, 2, 0.32, 2281, 430
4631, 0, 0, 56, 56, 1, 21.67%, 0, 14, 2, 0.32, 2285, 430
4641, 0, 0, 56, 56, 1, 21.67%, 0, 14, 2, 0.33, 2290, 430
4652, 0, 0, 56, 56, 1, 21.67%, 0, 14, 2, 0.36, 2298, 430
4662, 0, 0, 56, 56, 1, 21.67%, 0, 14, 2, 0.38, 2304, 430
4672, 0, 0, 56, 56, 1, 21.67%, 0, 14, 2, 0.36, 2305, 430
4682, 0, 0, 56, 56, 1, 21.67%, 0, 14, 2, 0.37, 2310, 430
4692, 0, 0, 56, 56, 1, 21.67%, 0, 14, 2, 0.37, 2314, 430
4702, 0, 0, 56, 56, 1, 21.67%, 0, 14, 2, 0.37, 2318, 430
4712, 0, 0, 56, 56, 1, 21.67%, 0, 14, 2, 0.36, 2320, 430
4722, 0, 0, 56, 56, 1, 21.67%, 0, 14, 2, 0.34, 2321, 430
4732, 0, 0, 56, 56, 1, 21.67%, 0, 14, 2, 0.33, 2322, 430
4742, 0, 0, 56, 56, 1, 21.67%, 0, 14, 2, 0.33, 2326, 430
4752, 0, 0, 56, 56, 1, 21.67%, 0, 14, 2, 0.32, 2327, 430
4762, 0, 0, 56, 56, 1, 21.67%, 0, 14, 2, 0.35, 2335, 430
4772, 0, 0, 56, 56, 1, 21.67%, 0, 14, 2, 0.34, 2337, 430
4782, 0, 0, 56, 56, 1, 21.67%, 0, 14, 2, 0.37, 2346, 430
4792, 0, 0, 56, 56, 1, 21.67%, 0, 14, 2, 0.37, 2350, 430
4802, 0, 0, 56, 56, 1, 21.67%, 0, 14, 2, 0.36, 2352, 430
4812, 0, 0, 56, 56, 1, 21.67%, 0, 14, 2, 0.35, 2353, 430
4822, 0, 0, 56, 56, 1, 21.67%, 0, 14, 2, 0.33, 2354, 430
4833, 0, 0, 56, 56, 1, 21.67%, 0, 14, 2, 0.36, 2362, 430
4843, 0, 0, 56, 56, 1, 21.67%, 0, 14, 2, 0.34, 2363, 430
4853, 0, 0, 56, 56, 1, 21.67%, 0, 14, 2, 0.34, 2365, 430
4863, 0, 0, 56, 56, 1, 21.67%, 0, 14, 2, 0.33, 2367, 430
4873, 0, 0, 56, 56, 1, 21.67%, 0, 14, 2, 0.36, 2376, 430
4883, 0, 0, 56, 56, 1, 21.67%, 0, 14, 2, 0.36, 2380, 430
4893, 0, 0, 56, 56, 1, 21.67%, 0, 14, 2, 0.37, 2384, 430
4903, 0, 0, 56, 56, 1, 21.67%, 0, 14, 2, 0.35, 2385, 430
4913, 0, 0, 56, 56, 1, 21.67%, 0, 14, 2, 0.38, 2393, 430
4923, 0, 0, 56, 56, 1, 21.67%, 0, 14, 2, 0.37, 2396, 430
4933, 0, 0, 56, 56, 1, 21.67%, 0, 14, 2, 0.35, 2397, 430
4943, 0, 0, 56, 56, 1, 21.67%, 0, 14, 2, 0.35, 2400, 430
4953, 0, 0, 56, 56, 1, 21.67%, 0, 14, 2, 0.36, 2405, 430
4963, 0, 0, 56, 56, 1, 21.67%, 0, 14, 2, 0.37, 2410, 430
4974, 0, 0, 56, 56, 1, 21.67%, 0, 14, 2, 0.36, 2413, 430
4984, 0, 0, 56, 56, 1, 21.67%, 0, 14, 2, 0.35, 2415, 430
4994, 0, 0, 56, 56, 1, 21.67%, 0, 14, 2, 0.36, 2419, 430
5004, 0, 0, 56, 56, 1, 21.67%, 0, 14, 2, 0.35, 2421, 430
5014, 0, 0, 56, 56, 1, 21.67%, 0, 14, 2, 0.33, 2422, 430
5024, 0, 0, 56, 56, 1, 21.67%, 0, 14, 2, 0.32, 2423, 430
5034, 0, 0, 56, 56, 1, 21.67%, 0, 14, 2, 0.31, 2425, 430
5044, 0, 0, 56, 56, 1, 21.67%, 0, 14, 2, 0.30, 2427, 430
5054, 0, 0, 56, 56, 1, 21.67%, 0, 14, 2, 0.30, 2429, 430
5064, 0, 0, 56, 56, 1, 21.67%, 0, 15, 2, 0.30, 2432, 430
5074, 0, 0, 56, 56, 1, 21.67%, 0, 15, 2, 0.33, 2441, 430
5084, 0, 0, 56, 56, 1, 21.67%, 0, 15, 2, 0.33, 2444, 430
5094, 0, 0, 56, 56, 1, 21.67%, 0, 15, 2, 0.34, 2449, 430
5104, 0, 0, 56, 56, 1, 21.67%, 0, 15, 2, 0.33, 2450, 430
5114, 0, 0, 56, 56, 1, 21.67%, 0, 15, 2, 0.31, 2451, 430
5124, 0, 0, 56, 56, 1, 21.67%, 0, 15, 2, 0.30, 2452, 430
5134, 0, 0, 56, 56, 1, 21.67%, 0, 15, 2, 0.29, 2454, 430
5144, 0, 0, 56, 56, 1, 21.67%, 0, 15, 2, 0.28, 2455, 430
5154, 0, 0, 56, 56, 1, 21.67%, 0, 15, 2, 0.28, 2457, 430
5164, 0, 0, 56, 56, 1, 21.67%, 0, 15, 2, 0.27, 2459, 430
5174, 0, 0, 56, 56, 1, 21.67%, 0, 15, 2, 0.26, 2460, 430
5184, 0, 0, 56, 56, 1, 21.67%, 0, 15, 2, 0.26, 2462, 430
5194, 0, 0, 56, 56, 1, 21.67%, 0, 15, 2, 0.28, 2469, 430
5204, 0, 0, 56, 56, 1, 21.67%, 0, 15, 2, 0.29, 2473, 430
5215, 0, 0, 56, 56, 1, 21.67%, 0, 15, 2, 0.29, 2475, 430
5225, 0, 0, 56, 56, 1, 21.67%, 0, 15, 2, 0.30, 2480, 430
5235, 0, 0, 56, 56, 1, 21.67%, 0, 15, 2, 0.30, 2484, 430
5245, 0, 0, 56, 56, 1, 21.67%, 0, 15, 2, 0.31, 2488, 430
5255, 0, 0, 56, 56, 1, 21.67%, 0, 15, 2, 0.34, 2496, 430
5265, 0, 0, 56, 56, 1, 21.67%, 0, 15, 2, 0.34, 2499, 430
5275, 0, 0, 56, 56, 1, 21.67%, 0, 15, 2, 0.33, 2501, 430
5285, 0, 0, 56, 56, 1, 21.67%, 0, 15, 2, 0.33, 2505, 430
5295, 0, 0, 56, 56, 1, 21.67%, 0, 15, 2, 0.36, 2513, 430
5305, 0, 0, 57, 57, 1, 21.67%, 0, 15, 2, 0.40, 2528, 430
5315, 0, 0, 57, 57, 1, 21.67%, 0, 15, 2, 0.38, 2529, 430
5325, 0, 0, 57, 57, 1, 21.67%, 0, 15, 2, 0.36, 2530, 430
5336, 0, 0, 57, 57, 1, 21.67%, 0, 15, 2, 0.36, 2533, 430
5346, 0, 0, 57, 57, 1, 21.67%, 0, 15, 2, 0.34, 2534, 430
5356, 0, 0, 57, 57, 1, 21.67%, 0, 15, 2, 0.33, 2536, 430
5366, 0, 0, 57, 57, 1, 21.67%, 0, 15, 2, 0.32, 2537, 430
5376, 0, 0, 57, 57, 1, 21.67%, 0, 15, 2, 0.31, 2539, 430
5386, 0, 0, 57, 57, 1, 21.67%, 0, 15, 2, 0.30, 2541, 430
5396, 0, 0, 57, 57, 1, 21.67%, 0, 15, 2, 0.30, 2543, 430
5406, 0, 0, 57, 57, 1, 21.67%, 0, 15, 2, 0.29, 2545, 430
5416, 0, 0, 57, 57, 1, 21.67%, 0, 15, 2, 0.31, 2551, 430
5426, 0, 0, 57, 57, 1, 21.67%, 0, 15, 2, 0.32, 2555, 430
5436, 0, 0, 57, 57, 1, 21.67%, 0, 15, 2, 0.30, 2556, 430
5446, 0, 0, 57, 57, 1, 21.67%, 0, 15, 2, 0.30, 2558, 430
5456, 0, 0, 57, 57, 1, 21.67%, 0, 15, 2, 0.29, 2560, 430
5466, 0, 0, 57, 57, 1, 21.67%, 0, 15, 2, 0.30, 2565, 430
5476, 0, 0, 57, 57, 1, 21.67%, 0, 15, 2, 0.32, 2571, 430
5486, 0, 0, 57, 57, 1, 21.67%, 0, 15, 2, 0.31, 2572, 430
5496, 0, 0, 57, 57, 1, 21.67%, 0, 15, 2, 0.31, 2576, 430
5506, 0, 0, 57, 57, 1, 21.67%, 0, 15, 2, 0.32, 2581, 430
5516, 0, 0, 57, 57, 1, 21.67%, 0, 15, 2, 0.33, 2586, 430
5527, 0, 0, 57, 57, 1, 21.67%, 0, 15, 2, 0.34, 2591, 430
5537, 0, 0, 57, 57, 1, 21.67%, 0, 15, 2, 0.33, 2592, 430
5547, 0, 0, 57, 57, 1, 21.67%, 0, 15, 2, 0.34, 2597, 430
5557, 0, 0, 57, 57, 1, 21.67%, 0, 15, 2, 0.32, 2598, 430
5567, 0, 0, 57, 57, 1, 21.67%, 0, 15, 2, 0.32, 2601, 430
5577, 0, 0, 57, 57, 1, 21.67%, 0, 15, 2, 0.32, 2603, 430
5587, 0, 0, 57, 57, 1, 21.67%, 0, 15, 2, 0.30, 2604, 430
5597, 0, 0, 57, 57, 1, 21.67%, 0, 15, 2, 0.30, 2606, 430
5607, 0, 0, 57, 57, 1, 21.67%, 0, 15, 2, 0.31, 2612, 430
5617, 0, 0, 57, 57, 1, 21.67%, 0, 15, 2, 0.31, 2615, 430
5627, 0, 0, 57, 57, 1, 21.67%, 0, 15, 2, 0.31, 2617, 430
5637, 0, 0, 57, 57, 1, 21.67%, 0, 15, 2, 0.31, 2620, 430
5647, 0, 0, 57, 57, 1, 21.67%, 0, 15, 2, 0.29, 2621, 430
5657, 0, 0, 57, 57, 1, 21.67%, 0, 15, 2, 0.28, 2622, 430
5667, 0, 0, 57, 57, 1, 21.67%, 0, 15, 2, 0.28, 2624, 430
5677, 0, 0, 57, 57, 1, 21.67%, 0, 15, 2, 0.30, 2631, 430
5687, 0, 0, 57, 57, 1, 21.67%, 0, 15, 2, 0.33, 2639, 430
5697, 0, 0, 57, 57, 1, 21.67%, 0, 15, 2, 0.32, 2641, 430
5707, 0, 0, 57, 57, 1, 21.67%, 0, 15, 2, 0.31, 2642, 430
5718, 0, 0, 57, 57, 1, 21.67%, 0, 15, 2, 0.33, 2649, 430
5728, 0, 0, 57, 57, 1, 21.67%, 0, 15, 2, 0.35, 2655, 430
5738, 0, 0, 57, 57, 1, 21.67%, 0, 15, 2, 0.35, 2658, 430
5748, 0, 0, 57, 57, 1, 21.67%, 0, 15, 2, 0.35, 2662, 430
5758, 0, 0, 57, 57, 1, 21.67%, 0, 15, 2, 0.35, 2666, 430
5768, 0, 0, 57, 57, 1, 21.67%, 0, 15, 2, 0.34, 2667, 430
5778, 0, 0, 57, 57, 1, 21.67%, 0, 15, 2, 0.33, 2669, 430
5788, 0, 0, 57, 57, 1, 21.67%, 0, 15, 2, 0.33, 2672, 430
5798, 0, 0, 57, 57, 1, 21.67%, 0, 15, 2, 0.31, 2673, 430
5808, 0, 0, 57, 57, 1, 21.67%, 0, 15, 2, 0.34, 2680, 430
5818, 0, 0, 57, 57, 1, 21.67%, 0, 15, 2, 0.33, 2682, 430
5828, 0, 0, 57, 57, 1, 21.67%, 0, 15, 2, 0.35, 2689, 430
5838, 0, 0, 57, 57, 1, 21.67%, 0, 15, 2, 0.37, 2696, 430
5848, 0, 0, 57, 57, 1, 21.67%, 0, 15, 2, 0.36, 2698, 430
5858, 0, 0, 57, 57, 1, 21.67%, 0, 15, 2, 0.35, 2700, 430
5868, 0, 0, 57, 57, 1, 21.67%, 0, 15, 2, 0.33, 2701, 430
5879, 0, 0, 57, 57, 1, 21.67%, 0, 15, 2, 0.33, 2703, 430
5889, 0, 0, 57, 57, 1, 21.67%, 0, 15, 2, 0.32, 2706, 430
5899, 0, 0, 57, 57, 1, 21.67%, 0, 15, 2, 0.32, 2708, 430
5909, 0, 0, 57, 57, 1, 21.67%, 0, 15, 2, 0.31, 2710, 430
5919, 0, 0, 57, 57, 1, 21.67%, 0, 15, 2, 0.31, 2714, 430
5929, 0, 0, 57, 57, 1, 21.67%, 0, 15, 2, 0.32, 2718, 430
5939, 0, 0, 57, 57, 1, 21.67%, 0, 15, 2, 0.31, 2720, 430
5949, 0, 0, 57, 57, 1, 21.67%, 0, 15, 2, 0.34, 2727, 430
5959, 0, 0, 57, 57, 1, 21.67%, 0, 15, 2, 0.35, 2733, 430
5969, 0, 0, 57, 57, 1, 21.67%, 0, 15, 2, 0.36, 2737, 430
5979, 0, 0, 57, 57, 1, 21.67%, 0, 15, 2, 0.34, 2738, 430
5989, 0, 0, 57, 57, 1, 21.67%, 0, 15, 2, 0.34, 2741, 430
5999, 0, 0, 57, 57, 1, 21.67%, 0, 15, 2, 0.35, 2746, 430
6009, 0, 0, 57, 57, 1, 21.67%, 0, 15, 2, 0.35, 2750, 430
6019, 0, 0, 57, 57, 1, 21.67%, 0, 15, 2, 0.33, 2751, 430
6029, 0, 0, 57, 57, 1, 21.67%, 0, 15, 2, 0.34, 2756, 430
6039, 0, 0, 57, 57, 1, 21.67%, 0, 15, 2, 0.33, 2757, 430
6049, 0, 0, 57, 57, 1, 21.67%, 0, 15, 2, 0.32, 2759, 430
6060, 0, 0, 57, 57, 1, 21.67%, 0, 15, 2, 0.31, 2761, 430
6070, 0, 0, 57, 57, 1, 21.67%, 0, 15, 2, 0.30, 2762, 430
6080, 0, 0, 57, 57, 1, 21.67%, 0, 15, 2, 0.29, 2763, 430
6090, 0, 0, 57, 57, 1, 21.67%, 0, 15, 2, 0.28, 2764, 430
6100, 0, 0, 57, 57, 1, 21.67%, 0, 15, 2, 0.26, 2765, 430
6110, 0, 0, 57, 57, 1, 21.67%, 0, 15, 2, 0.30, 2773, 430
6120, 0, 0, 57, 57, 1, 21.67%, 0, 15, 2, 0.32, 2780, 430
6130, 0, 0, 57, 57, 1, 21.67%, 0, 15, 2, 0.31, 2781, 430
6140, 0, 0, 57, 57, 1, 21.67%, 0, 15, 2, 0.30, 2783, 430
6150, 0, 0, 57, 57, 1, 21.67%, 0, 15, 2, 0.29, 2784, 430
6160, 0, 0, 57, 57, 1, 21.67%, 0, 15, 2, 0.28, 2785, 430
6170, 0, 0, 57, 57, 1, 21.67%, 0, 15, 2, 0.27, 2787, 430
6180, 0, 0, 57, 57, 1, 21.67%, 0, 15, 2, 0.28, 2791, 430
6190, 0, 0, 57, 57, 1, 21.67%, 0, 15, 2, 0.30, 2797, 430
6200, 0, 0, 57, 57, 1, 21.67%, 0, 15, 2, 0.29, 2798, 430
6210, 0, 0, 57, 57, 1, 21.67%, 0, 16, 2, 0.30, 2803, 430
6220, 0, 0, 57, 57, 1, 21.67%, 0, 16, 2, 0.30, 2806, 430
6230, 0, 0, 57, 57, 1, 21.67%, 0, 16, 2, 0.31, 2811, 430
6240, 0, 0, 57, 57, 1, 21.67%, 0, 16, 2, 0.31, 2813, 430
6251, 0, 0, 57, 57, 1, 21.67%, 0, 16, 2, 0.32, 2818, 430
6261, 0, 0, 57, 57, 1, 21.67%, 0, 16, 2, 0.31, 2820, 430
6271, 0, 0, 57, 57, 1, 21.67%, 0, 16, 2, 0.31, 2823, 430
6281, 0, 0, 57, 57, 1, 21.67%, 0, 16, 2, 0.32, 2828, 430
6291, 0, 0, 58, 58, 1, 21.88%, 0, 16, 2, 0.98, 2849, 434
6301, 0, 0, 58, 58, 1, 21.88%, 0, 16, 2, 0.95, 2854, 434
6311, 0, 0, 58, 58, 1, 21.88%, 0, 16, 2, 0.92, 2858, 434
6321, 0, 0, 58, 58, 1, 21.88%, 0, 16, 2, 0.90, 2864, 434
6331, 0, 0, 58, 58, 1, 21.88%, 0, 16, 2, 0.85, 2866, 434
6341, 0, 0, 58, 58, 1, 21.88%, 0, 16, 2, 0.82, 2869, 434
6352, 0, 0, 58, 58, 1, 21.88%, 0, 16, 2, 0.79, 2872, 434
6362, 0, 0, 58, 58, 1, 21.88%, 0, 16, 2, 0.10, 2873, 434
6372, 0, 0, 58, 58, 1, 21.88%, 0, 16, 2, 0.11, 2876, 434
6382, 0, 0, 58, 58, 1, 21.88%, 0, 16, 2, 0.12, 2879, 434
6392, 0, 0, 58, 58, 1, 21.88%, 0, 16, 2, 0.13, 2881, 434
6402, 0, 0, 58, 58, 1, 21.88%, 0, 16, 2, 0.98, 2891, 434
6412, 0, 0, 58, 58, 1, 21.88%, 0, 16, 2, 0.10, 2892, 434
6422, 0, 0, 58, 58, 1, 21.88%, 0, 16, 2, 0.12, 2897, 434
6432, 0, 0, 58, 58, 1, 21.88%, 0, 16, 2, 0.13, 2899, 434
6442, 0, 0, 59, 59, 1, 21.88%, 0, 16, 2, 0.20, 2912, 434
6452, 0, 0, 59, 59, 1, 21.88%, 0, 16, 2, 0.23, 2919, 434
6462, 0, 0, 59, 59, 1, 21.88%, 0, 16, 2, 0.22, 2920, 434
6473, 0, 0, 59, 59, 1, 21.88%, 0, 16, 2, 0.27, 2930, 434
6483, 0, 0, 59, 59, 1, 21.88%, 0, 16, 2, 0.26, 2932, 434
6493, 0, 0, 59, 59, 1, 21.88%, 0, 16, 2, 0.27, 2936, 434
6503, 0, 0, 59, 59, 1, 21.88%, 0, 16, 2, 0.26, 2937, 434
6513, 0, 0, 59, 59, 1, 21.88%, 0, 16, 2, 0.26, 2940, 434
6523, 0, 0, 59, 59, 1, 21.88%, 0, 16, 2, 0.27, 2943, 434
6533, 0, 0, 60, 60, 1, 21.88%, 0, 16, 2, 0.40, 2959, 434
6543, 0, 0, 60, 60, 1, 21.88%, 0, 16, 2, 0.39, 2962, 434
6553, 0, 0, 60, 60, 1, 21.88%, 0, 16, 2, 0.39, 2965, 434
6563, 0, 0, 60, 60, 1, 21.88%, 0, 16, 2, 0.37, 2966, 434
6573, 0, 0, 60, 60, 1, 21.88%, 0, 16, 2, 0.36, 2968, 434
6583, 0, 0, 60, 60, 1, 21.88%, 0, 16, 2, 0.36, 2972, 434
6593, 0, 0, 60, 60, 1, 21.88%, 0, 16, 2, 0.35, 2974, 434
6603, 0, 0, 60, 60, 1, 21.88%, 0, 16, 2, 0.34, 2976, 434
6614, 0, 0, 60, 60, 1, 21.88%, 0, 16, 2, 0.34, 2979, 434
6624, 0, 0, 60, 60, 1, 21.88%, 0, 16, 2, 0.34, 2983, 434
6634, 0, 0, 60, 60, 1, 21.88%, 0, 16, 2, 0.33, 2985, 434
6644, 0, 0, 60, 60, 1, 21.88%, 0, 16, 2, 0.33, 2988, 434
6654, 0, 0, 60, 60, 1, 21.88%, 0, 16, 2, 0.32, 2989, 434
6664, 0, 0, 60, 60, 1, 21.88%, 0, 16, 2, 0.31, 2991, 434
6674, 0, 0, 60, 60, 1, 21.88%, 0, 16, 2, 0.33, 2997, 434
6684, 0, 0, 60, 60, 1, 21.88%, 0, 16, 2, 0.32, 3000, 434
6694, 0, 0, 60, 60, 1, 21.88%, 0, 16, 2, 0.32, 3002, 434
6704, 0, 0, 60, 60, 1, 21.88%, 0, 16, 2, 0.32, 3005, 434
6714, 0, 0, 60, 60, 1, 21.88%, 0, 16, 2, 0.33, 3011, 434
6724, 0, 0, 60, 60, 1, 21.88%, 0, 16, 2, 0.34, 3016, 434
6734, 0, 0, 60, 60, 1, 21.88%, 0, 16, 2, 0.36, 3023, 434
6745, 0, 0, 60, 60, 1, 21.88%, 0, 16, 2, 0.37, 3027, 434
6755, 0, 0, 60, 60, 1, 21.88%, 0, 16, 2, 0.36, 3030, 434
6765, 0, 0, 60, 60, 1, 21.88%, 0, 16, 2, 0.38, 3036, 434
6775, 0, 0, 60, 60, 1, 21.88%, 0, 16, 2, 0.40, 3043, 434
6785, 0, 0, 60, 60, 1, 21.88%, 0, 16, 2, 0.38, 3044, 434
6795, 0, 0, 60, 60, 1, 21.88%, 0, 16, 2, 0.37, 3046, 434
6805, 0, 0, 60, 60, 1, 21.88%, 0, 16, 2, 0.35, 3047, 434
6815, 0, 0, 60, 60, 1, 21.88%, 0, 16, 2, 0.36, 3052, 434
6825, 0, 0, 60, 60, 1, 21.88%, 0, 16, 2, 0.34, 3053, 434
6835, 0, 0, 60, 60, 1, 21.88%, 0, 16, 2, 0.33, 3054, 434
6845, 0, 0, 60, 60, 1, 21.88%, 0, 16, 2, 0.31, 3055, 434
6855, 0, 0, 60, 60, 1, 21.88%, 0, 16, 2, 0.31, 3057, 434
6865, 0, 0, 60, 60, 1, 21.88%, 0, 16, 2, 0.31, 3061, 434
6875, 0, 0, 60, 60, 1, 21.88%, 0, 16, 2, 0.33, 3067, 434
6885, 0, 0, 60, 60, 1, 21.88%, 0, 16, 2, 0.32, 3069, 434
6895, 0, 0, 60, 60, 1, 21.88%, 0, 16, 2, 0.31, 3071, 434
6905, 0, 0, 60, 60, 1, 21.88%, 0, 16, 2, 0.30, 3072, 434
6915, 0, 0, 60, 60, 1, 21.88%, 0, 16, 2, 0.29, 3074, 434
6925, 0, 0, 60, 60, 1, 21.88%, 0, 16, 2, 0.30, 3078, 434
6935, 0, 0, 60, 60, 1, 21.88%, 0, 16, 2, 0.29, 3080, 434
6945, 0, 0, 60, 60, 1, 21.88%, 0, 16, 2, 0.29, 3082, 434
6956, 0, 0, 60, 60, 1, 21.88%, 0, 16, 2, 0.31, 3088, 434
6966, 0, 0, 60, 60, 1, 21.88%, 0, 16, 2, 0.31, 3092, 434
6976, 0, 0, 60, 60, 1, 21.88%, 0, 16, 2, 0.30, 3105, 434
6986, 0, 0, 60, 60, 1, 21.88%, 0, 16, 2, 0.29, 3106, 434
6996, 0, 0, 60, 60, 1, 21.88%, 0, 16, 2, 0.29, 3109, 434
7006, 0, 0, 60, 60, 1, 21.88%, 0, 16, 2, 0.29, 3113, 434
7016, 0, 0, 60, 60, 1, 21.88%, 0, 16, 2, 0.29, 3115, 434
7026, 0, 0, 60, 60, 1, 21.88%, 0, 16, 2, 0.31, 3122, 434
7036, 0, 0, 60, 60, 1, 21.88%, 0, 16, 2, 0.34, 3129, 434
7046, 0, 0, 60, 60, 1, 21.88%, 0, 16, 2, 0.33, 3131, 434
7056, 0, 0, 60, 60, 1, 21.88%, 0, 16, 2, 0.34, 3136, 434
7067, 0, 0, 60, 60, 1, 21.88%, 0, 16, 2, 0.34, 3139, 434
7077, 0, 0, 60, 60, 1, 21.88%, 0, 16, 2, 0.33, 3142, 434
7087, 0, 0, 60, 60, 1, 21.88%, 0, 16, 2, 0.33, 3144, 434
7097, 0, 0, 60, 60, 1, 21.88%, 0, 16, 2, 0.34, 3150, 434
7107, 0, 0, 60, 60, 1, 21.88%, 0, 16, 2, 0.33, 3151, 434
7117, 0, 0, 60, 60, 1, 21.88%, 0, 16, 2, 0.32, 3153, 434
7127, 0, 0, 60, 60, 1, 21.88%, 0, 16, 2, 0.32, 3157, 434
7137, 0, 0, 60, 60, 1, 21.88%, 0, 16, 2, 0.32, 3159, 434
7147, 0, 0, 60, 60, 1, 21.88%, 0, 16, 2, 0.31, 3162, 434
7157, 0, 0, 60, 60, 1, 21.88%, 0, 16, 2, 0.33, 3167, 434
7167, 0, 0, 60, 60, 1, 21.88%, 0, 16, 2, 0.10, 3171, 434
7178, 0, 0, 60, 60, 1, 21.88%, 0, 16, 2, 1.08, 3188, 434
7188, 0, 0, 60, 60, 1, 21.88%, 0, 16, 2, 1.06, 3196, 434
7198, 0, 0, 60, 60, 1, 21.88%, 0, 16, 2, 0.20, 3198, 434
7208, 0, 0, 60, 60, 1, 21.88%, 0, 16, 2, 0.21, 3202, 434
7218, 0, 0, 60, 60, 1, 21.88%, 0, 16, 2, 0.25, 3210, 434
7228, 0, 0, 60, 60, 1, 21.88%, 0, 16, 2, 0.24, 3212, 434
7238, 0, 0, 60, 60, 1, 21.88%, 0, 16, 2, 0.25, 3215, 434
7248, 0, 0, 60, 60, 1, 21.88%, 0, 16, 2, 0.24, 3216, 434
7258, 0, 0, 60, 60, 1, 21.88%, 0, 16, 2, 0.24, 3218, 434
7268, 0, 0, 60, 60, 1, 21.88%, 0, 16, 2, 0.26, 3224, 434
7279, 0, 0, 60, 60, 1, 21.88%, 0, 16, 2, 0.40, 3238, 434
7289, 0, 0, 60, 60, 1, 21.88%, 0, 16, 2, 0.39, 3241, 434
7299, 0, 0, 60, 60, 1, 21.88%, 0, 16, 2, 0.38, 3243, 434
7309, 0, 0, 60, 60, 1, 21.88%, 0, 16, 2, 0.37, 3246, 434
7319, 0, 0, 60, 60, 1, 21.88%, 0, 16, 2, 0.37, 3250, 434
7329, 0, 0, 60, 60, 1, 21.88%, 0, 16, 2, 0.10, 3263, 434
7339, 0, 0, 60, 60, 1, 21.88%, 0, 16, 2, 0.11, 3266, 434
7349, 0, 0, 60, 60, 1, 21.88%, 0, 16, 2, 0.14, 3271, 434
7359, 0, 0, 60, 60, 1, 21.88%, 0, 16, 2, 0.16, 3277, 434
7369, 0, 0, 60, 60, 1, 21.88%, 0, 16, 2, 0.16, 3278, 434
7379, 0, 0, 60, 60, 1, 21.88%, 0, 16, 2, 0.17, 3281, 434
7389, 0, 0, 60, 60, 1, 21.88%, 0, 16, 2, 0.18, 3284, 434
7399, 0, 0, 60, 60, 1, 21.88%, 0, 16, 2, 0.17, 3285, 434
7409, 0, 0, 60, 60, 1, 21.88%, 0, 16, 2, 0.19, 3289, 434
7420, 0, 0, 60, 60, 1, 21.88%, 0, 16, 2, 0.19, 3291, 434
7430, 0, 0, 60, 60, 1, 21.88%, 0, 16, 2, 0.21, 3296, 434
7440, 0, 0, 60, 60, 1, 21.88%, 0, 16, 2, 0.25, 3305, 434
7450, 0, 0, 60, 60, 1, 21.88%, 0, 16, 2, 0.24, 3306, 434
7460, 0, 0, 60, 60, 1, 21.88%, 0, 16, 2, 0.26, 3311, 434
7470, 0, 0, 60, 60, 1, 21.88%, 0, 16, 2, 0.25, 3312, 434
7480, 0, 0, 60, 60, 1, 21.88%, 0, 16, 2, 0.24, 3314, 434
7490, 0, 0, 60, 60, 1, 21.88%, 0, 16, 2, 0.24, 3316, 434
7500, 0, 0, 60, 60, 1, 21.88%, 0, 16, 2, 0.23, 3317, 434
7510, 0, 0, 60, 60, 1, 21.88%, 0, 16, 2, 0.27, 3325, 434
7520, 0, 0, 60, 60, 1, 21.88%, 0, 16, 2, 0.28, 3330, 434
7530, 0, 0, 60, 60, 1, 21.88%, 0, 16, 2, 0.28, 3333, 434
7541, 0, 0, 60, 60, 1, 21.88%, 0, 16, 2, 0.50, 3349, 434
7551, 0, 0, 60, 60, 1, 21.88%, 0, 16, 2, 0.52, 3358, 434
7561, 0, 0, 60, 60, 1, 21.88%, 0, 16, 2, 0.51, 3362, 434
7571, 0, 0, 60, 60, 1, 21.88%, 0, 16, 2, 0.49, 3364, 434
7581, 0, 0, 60, 60, 1, 21.88%, 0, 16, 2, 0.47, 3365, 434
7591, 0, 0, 60, 60, 1, 21.88%, 0, 16, 2, 0.48, 3371, 434
7601, 0, 0, 60, 60, 1, 21.88%, 0, 16, 2, 0.45, 3372, 434
7611, 0, 0, 60, 60, 1, 21.88%, 0, 16, 2, 0.43, 3373, 434
7621, 0, 0, 60, 60, 1, 21.88%, 0, 16, 2, 0.41, 3374, 434
7631, 0, 0, 60, 60, 1, 21.88%, 0, 16, 2, 0.40, 3376, 434
7641, 0, 0, 60, 60, 1, 21.88%, 0, 16, 2, 0.38, 3377, 434
7652, 0, 0, 60, 60, 1, 21.88%, 0, 16, 2, 0.40, 3384, 434
7662, 0, 0, 60, 60, 1, 21.88%, 0, 16, 2, 0.40, 3388, 434
7672, 0, 0, 60, 60, 1, 21.88%, 0, 17, 2, 0.39, 3390, 434
7682, 0, 0, 60, 60, 1, 21.88%, 0, 17, 2, 0.37, 3392, 434
7692, 0, 0, 60, 60, 1, 21.88%, 0, 17, 2, 0.36, 3393, 434
7702, 0, 0, 60, 60, 1, 21.88%, 0, 17, 2, 0.35, 3395, 434
7712, 0, 0, 60, 60, 1, 21.88%, 0, 17, 2, 0.34, 3398, 434
7722, 0, 0, 60, 60, 1, 21.88%, 0, 17, 2, 0.33, 3399, 434
7732, 0, 0, 60, 60, 1, 21.88%, 0, 17, 2, 0.33, 3403, 434
7742, 0, 0, 60, 60, 1, 21.88%, 0, 17, 2, 0.32, 3404, 434
7752, 0, 0, 60, 60, 1, 21.88%, 0, 18, 2, 0.30, 3405, 434
7762, 0, 0, 60, 60, 1, 21.88%, 0, 18, 2, 0.30, 3418, 434
7772, 0, 0, 60, 60, 1, 21.88%, 0, 18, 2, 0.29, 3420, 434
7782, 0, 0, 60, 60, 1, 21.88%, 0, 18, 2, 0.32, 3427, 434
7792, 0, 0, 60, 60, 1, 21.88%, 0, 18, 2, 0.32, 3430, 434
7802, 0, 0, 60, 60, 1, 21.88%, 0, 18, 2, 0.31, 3433, 434
7812, 0, 0, 60, 60, 1, 21.88%, 0, 18, 2, 0.30, 3434, 434
7823, 0, 0, 60, 60, 1, 21.88%, 0, 18, 2, 0.33, 3442, 434
7833, 0, 0, 60, 60, 1, 21.88%, 0, 18, 2, 0.32, 3443, 434
7843, 0, 0, 60, 60, 1, 21.88%, 0, 18, 2, 0.30, 3444, 434
7853, 0, 0, 60, 60, 1, 21.88%, 0, 18, 2, 0.30, 3447, 434
7863, 0, 0, 60, 60, 1, 21.88%, 0, 18, 2, 0.30, 3449, 434
7873, 0, 0, 60, 60, 1, 21.88%, 0, 18, 2, 0.30, 3452, 434
7883, 0, 0, 60, 60, 1, 21.88%, 0, 18, 2, 0.28, 3453, 434
7893, 0, 0, 60, 60, 1, 21.88%, 0, 18, 2, 0.29, 3457, 434
7903, 0, 0, 60, 60, 1, 21.88%, 0, 18, 2, 0.29, 3459, 434
7913, 0, 0, 60, 60, 1, 21.88%, 0, 18, 2, 0.32, 3468, 434
7923, 0, 0, 60, 60, 1, 21.88%, 0, 18, 2, 0.33, 3473, 434
7934, 0, 0, 61, 61, 1, 21.88%, 0, 18, 2, 0.59, 3488, 434
7944, 0, 0, 61, 61, 1, 21.88%, 0, 18, 2, 0.60, 3495, 434
7954, 0, 0, 61, 61, 1, 21.88%, 0, 18, 2, 0.59, 3500, 434
7964, 0, 0, 61, 61, 1, 21.88%, 0, 18, 2, 0.60, 3507, 434
7974, 0, 0, 61, 61, 1, 21.88%, 0, 19, 2, 0.57, 3509, 434
7984, 0, 0, 61, 61, 1, 21.88%, 0, 19, 2, 0.10, 3510, 434
7994, 0, 0, 61, 61, 1, 21.88%, 0, 19, 2, 0.20, 3520, 434
8004, 0, 0, 61, 61, 1, 21.88%, 0, 19, 2, 0.19, 3521, 434
8014, 0, 0, 61, 61, 1, 21.88%, 0, 19, 2, 0.19, 3522, 434
8024, 0, 0, 61, 61, 1, 21.88%, 0, 19, 2, 0.18, 3523, 434
8034, 0, 0, 61, 61, 1, 21.88%, 0, 19, 2, 0.18, 3525, 434
8044, 0, 0, 61, 61, 1, 21.88%, 0, 19, 2, 0.21, 3532, 434
8054, 0, 0, 61, 61, 1, 21.88%, 0, 19, 2, 0.21, 3534, 434
8065, 0, 0, 61, 61, 1, 21.88%, 0, 19, 2, 0.23, 3538, 434
8075, 0, 0, 61, 61, 1, 21.88%, 0, 19, 2, 0.22, 3539, 434
8085, 0, 0, 61, 61, 1, 21.88%, 0, 19, 2, 0.23, 3543, 434
8095, 0, 0, 61, 61, 1, 21.88%, 0, 19, 2, 0.25, 3548, 434
8105, 0, 0, 61, 61, 1, 21.88%, 0, 19, 2, 0.27, 3554, 434
8115, 0, 0, 61, 61, 1, 21.88%, 0, 19, 2, 0.26, 3555, 434
8125, 0, 0, 61, 61, 1, 21.88%, 0, 19, 2, 0.28, 3561, 434
8135, 0, 0, 61, 61, 1, 21.88%, 0, 19, 2, 0.29, 3565, 434
8145, 0, 0, 61, 61, 1, 21.88%, 0, 19, 2, 0.33, 3575, 434
8155, 0, 0, 61, 61, 1, 21.88%, 0, 19, 2, 0.33, 3579, 434
8165, 0, 0, 61, 61, 1, 21.88%, 0, 19, 2, 0.33, 3582, 434
8176, 0, 0, 61, 61, 1, 21.88%, 0, 19, 2, 0.33, 3586, 434
8186, 0, 0, 61, 61, 1, 21.88%, 0, 19, 2, 0.34, 3590, 434
8196, 0, 0, 61, 61, 1, 21.88%, 0, 19, 2, 0.20, 3598, 434
8206, 0, 0, 61, 61, 1, 21.88%, 0, 19, 2, 0.19, 3599, 434
8216, 0, 0, 61, 61, 1, 21.88%, 0, 19, 2, 0.19, 3600, 434
8226, 0, 0, 61, 61, 1, 21.88%, 0, 19, 2, 0.19, 3602, 434
8236, 0, 0, 61, 61, 1, 21.88%, 0, 19, 2, 0.22, 3609, 434
8246, 0, 0, 61, 61, 1, 21.88%, 0, 19, 2, 0.22, 3611, 434
8256, 0, 0, 61, 61, 1, 21.88%, 0, 19, 2, 0.21, 3612, 434
8266, 0, 0, 61, 61, 1, 21.88%, 0, 19, 2, 0.21, 3614, 434
8276, 0, 0, 61, 61, 1, 21.88%, 0, 19, 2, 0.20, 3615, 434
8286, 0, 0, 61, 61, 1, 21.88%, 0, 19, 2, 0.21, 3618, 434
8296, 0, 0, 61, 61, 1, 21.88%, 0, 19, 2, 0.21, 3621, 434
8306, 0, 0, 61, 61, 1, 21.88%, 0, 19, 2, 0.21, 3622, 434
8316, 0, 0, 61, 61, 1, 21.88%, 0, 19, 2, 0.20, 3623, 434
8326, 0, 0, 61, 61, 1, 21.88%, 0, 19, 2, 0.20, 3625, 434
8336, 0, 0, 61, 61, 1, 21.88%, 0, 19, 2, 0.20, 3627, 434
8346, 0, 0, 61, 61, 1, 21.88%, 0, 19, 2, 0.20, 3629, 434
8356, 0, 0, 61, 61, 1, 21.88%, 0, 19, 2, 0.21, 3632, 434
8366, 0, 0, 61, 61, 1, 21.88%, 0, 19, 2, 0.20, 3633, 434
8377, 0, 0, 61, 61, 1, 21.88%, 0, 19, 2, 0.23, 3640, 434
8387, 0, 0, 61, 61, 1, 21.88%, 0, 19, 2, 0.69, 3657, 434
8397, 0, 0, 61, 61, 1, 21.88%, 0, 19, 2, 0.67, 3661, 434
8407, 0, 0, 61, 61, 1, 21.88%, 0, 19, 2, 0.69, 3670, 434
8417, 0, 0, 61, 61, 1, 21.88%, 0, 19, 2, 0.67, 3674, 434
8427, 0, 0, 61, 61, 1, 21.88%, 0, 19, 2, 0.10, 3675, 434
8437, 0, 0, 61, 61, 1, 21.88%, 0, 19, 2, 0.12, 3680, 434
8447, 0, 0, 61, 61, 1, 21.88%, 0, 19, 2, 0.15, 3685, 434
8458, 0, 0, 62, 62, 1, 21.88%, 0, 19, 2, 0.10, 3698, 434
8468, 0, 0, 62, 62, 1, 21.88%, 0, 19, 2, 0.12, 3702, 434
8478, 0, 0, 62, 62, 1, 21.88%, 0, 19, 2, 1.08, 3713, 434
8488, 0, 0, 62, 62, 1, 21.88%, 0, 19, 2, 1.04, 3717, 434
8498, 0, 0, 62, 62, 1, 21.88%, 0, 19, 2, 0.10, 3718, 434
8508, 0, 0, 62, 62, 1, 21.88%, 0, 19, 2, 0.11, 3721, 434
8518, 0, 0, 62, 62, 1, 21.88%, 0, 19, 2, 0.59, 3727, 434
8528, 0, 0, 62, 62, 1, 21.88%, 0, 19, 2, 0.58, 3732, 434
8538, 0, 0, 62, 62, 1, 21.88%, 0, 19, 2, 0.56, 3734, 434
8549, 0, 0, 62, 62, 1, 21.88%, 0, 19, 2, 0.79, 3754, 434
8559, 0, 0, 62, 62, 1, 21.88%, 0, 19, 2, 0.10, 3766, 434
8569, 0, 0, 62, 62, 1, 21.88%, 0, 19, 2, 0.12, 3771, 434
8579, 0, 0, 62, 62, 1, 21.88%, 0, 19, 2, 0.14, 3774, 434
8589, 0, 0, 62, 62, 1, 21.88%, 0, 19, 2, 0.14, 3776, 434
8599, 0, 0, 62, 62, 1, 21.88%, 0, 19, 2, 0.10, 3784, 434
8609, 0, 0, 62, 62, 1, 21.88%, 0, 19, 2, 0.10, 3785, 434
8619, 0, 0, 62, 62, 1, 21.88%, 0, 19, 2, 0.10, 3786, 434
8630, 0, 0, 62, 62, 1, 21.88%, 0, 19, 2, 0.11, 3789, 434
8640, 0, 36, 62, 60, 23, 21.88%, 0, 19, 2, 0.89, 3806, 434
8650, 0, 36, 62, 60, 23, 21.88%, 0, 19, 2, 0.85, 3808, 434
8660, 0, 36, 62, 60, 23, 21.88%, 0, 19, 2, 0.81, 3811, 434
8670, 0, 36, 62, 60, 23, 21.88%, 0, 19, 2, 0.77, 3813, 434
8680, 0, 36, 62, 60, 23, 21.88%, 0, 19, 2, 0.76, 3818, 434
8692, 0, 36, 63, 61, 23, 21.88%, 0, 19, 3, 1.08, 3899, 434
8702, 0, 36, 63, 61, 23, 21.88%, 0, 19, 3, 0.20, 3901, 434
8712, 0, 36, 63, 61, 23, 21.88%, 0, 19, 3, 0.21, 3904, 434
8722, 0, 36, 63, 61, 23, 21.88%, 0, 19, 3, 0.21, 3906, 434
8732, 0, 36, 63, 61, 23, 21.88%, 0, 19, 3, 0.20, 3908, 434
8742, 0, 36, 63, 61, 23, 21.88%, 0, 19, 3, 0.20, 3909, 434
8752, 0, 36, 63, 61, 23, 21.88%, 0, 19, 3, 0.19, 3910, 434
8762, 0, 36, 63, 61, 23, 21.88%, 0, 19, 3, 0.19, 3911, 434
8772, 0, 36, 63, 61, 23, 21.88%, 0, 19, 3, 0.98, 3921, 434
8782, 0, 36, 63, 61, 23, 21.88%, 0, 19, 3, 0.10, 3922, 434
8792, 0, 36, 63, 61, 23, 21.88%, 0, 19, 3, 0.12, 3927, 434
8803, 0, 36, 63, 61, 23, 21.88%, 0, 19, 3, 0.60, 3952, 434
8813, 0, 36, 64, 62, 23, 21.88%, 0, 19, 3, 0.50, 3969, 434
8823, 0, 36, 64, 62, 23, 21.88%, 0, 19, 3, 0.53, 3979, 434
8833, 0, 36, 64, 62, 23, 21.88%, 0, 19, 3, 0.10, 3980, 434
8843, 0, 36, 64, 62, 23, 21.88%, 0, 19, 3, 0.12, 3984, 434
8853, 0, 36, 64, 62, 23, 21.88%, 0, 19, 3, 0.14, 3989, 434
8863, 0, 36, 64, 62, 23, 21.88%, 0, 19, 3, 0.17, 3995, 434
8874, 0, 36, 64, 62, 23, 21.88%, 0, 19, 3, 1.08, 4016, 434
8884, 0, 36, 64, 62, 23, 21.88%, 0, 19, 3, 0.10, 4017, 434
8894, 0, 36, 64, 62, 23, 21.88%, 0, 19, 3, 0.12, 4022, 434
8904, 0, 36, 64, 62, 23, 21.88%, 0, 19, 3, 0.14, 4025, 434
8914, 0, 41, 64, 61, 22, 21.88%, 0, 19, 3, 0.40, 4041, 434
8924, 0, 41, 64, 61, 22, 21.88%, 0, 19, 3, 0.42, 4049, 434
8935, 0, 41, 65, 62, 22, 21.93%, 0, 19, 3, 0.10, 4061, 435
8945, 0, 41, 65, 62, 22, 21.93%, 0, 19, 3, 0.11, 4063, 435
8955, 0, 41, 65, 62, 22, 21.93%, 0, 19, 3, 0.12, 4066, 435
8965, 0, 41, 65, 62, 22, 21.93%, 0, 19, 3, 0.12, 4068, 435
8975, 0, 41, 65, 62, 22, 21.93%, 0, 19, 3, 0.12, 4069, 435
8985, 0, 41, 65, 62, 22, 21.93%, 0, 20, 3, 0.12, 4070, 435
8995, 0, 41, 65, 62, 22, 21.93%, 0, 20, 3, 0.12, 4071, 435
9005, 0, 41, 65, 62, 22, 21.93%, 0, 20, 3, 0.14, 4076, 435
9015, 0, 41, 65, 62, 22, 21.93%, 0, 20, 3, 0.14, 4077, 435
9025, 0, 41, 65, 62, 22, 21.93%, 0, 20, 3, 0.14, 4078, 435
9035, 0, 41, 65, 62, 22, 21.93%, 0, 20, 3, 0.14, 4079, 435
9045, 0, 41, 65, 62, 22, 21.93%, 0, 20, 3, 0.14, 4081, 435
9055, 0, 41, 65, 62, 22, 21.93%, 0, 20, 3, 0.16, 4086, 435
9065, 0, 41, 65, 62, 22, 21.93%, 0, 20, 3, 0.18, 4090, 435
9075, 0, 41, 65, 62, 22, 21.93%, 0, 20, 3, 0.18, 4093, 435
9085, 0, 41, 65, 62, 22, 21.93%, 0, 20, 3, 0.19, 4096, 435
9096, 0, 41, 65, 62, 22, 21.93%, 0, 20, 3, 0.20, 4099, 435
9106, 0, 41, 65, 62, 22, 21.93%, 0, 20, 3, 0.20, 4101, 435
9116, 0, 41, 65, 62, 22, 21.93%, 0, 20, 3, 0.19, 4102, 435
9126, 0, 41, 65, 62, 22, 21.93%, 0, 20, 3, 0.19, 4104, 435
9136, 0, 41, 65, 62, 22, 21.93%, 0, 20, 3, 0.19, 4106, 435
9146, 0, 41, 65, 62, 22, 21.93%, 0, 20, 3, 0.19, 4107, 435
9156, 0, 41, 65, 62, 22, 21.93%, 0, 20, 3, 0.19, 4109, 435
9166, 0, 41, 65, 62, 22, 21.93%, 0, 20, 3, 0.18, 4110, 435
9176, 0, 41, 65, 62, 22, 21.93%, 0, 20, 3, 0.20, 4114, 435
9186, 0, 41, 65, 62, 22, 21.93%, 0, 20, 3, 0.20, 4117, 435
9196, 0, 41, 65, 62, 22, 21.93%, 0, 20, 3, 0.20, 4118, 435
9206, 0, 41, 66, 63, 22, 21.98%, 0, 20, 3, 0.59, 4136, 436
9216, 0, 41, 66, 63, 22, 21.98%, 0, 20, 3, 0.58, 4140, 436
9226, 0, 41, 66, 63, 22, 21.98%, 0, 20, 3, 0.56, 4142, 436
9236, 0, 41, 66, 63, 22, 21.98%, 0, 20, 3, 0.10, 4143, 436
9246, 0, 41, 66, 63, 22, 21.98%, 0, 20, 3, 0.10, 4144, 436
9256, 0, 41, 66, 63, 22, 21.98%, 0, 20, 3, 0.11, 4147, 436
9266, 0, 41, 66, 63, 22, 21.98%, 0, 20, 3, 0.12, 4149, 436
9276, 0, 41, 66, 63, 22, 21.98%, 0, 20, 3, 0.14, 4154, 436
9287, 0, 41, 66, 63, 22, 21.98%, 0, 20, 3, 0.15, 4156, 436
9297, 0, 41, 66, 63, 22, 21.98%, 0, 20, 3, 0.15, 4158, 436
9307, 0, 41, 66, 63, 22, 21.98%, 0, 20, 3, 0.16, 4161, 436
9317, 0, 41, 66, 63, 22, 21.98%, 0, 20, 3, 0.17, 4164, 436
9327, 0, 41, 66, 63, 22, 21.98%, 0, 20, 3, 0.18, 4168, 436
9337, 0, 41, 66, 63, 22, 21.98%, 0, 20, 3, 0.20, 4173, 436
9347, 0, 41, 66, 63, 22, 21.98%, 0, 20, 3, 0.21, 4176, 436
9357, 0, 41, 66, 63, 22, 21.98%, 0, 20, 3, 0.20, 4177, 436
9367, 0, 41, 66, 63, 22, 21.98%, 0, 20, 3, 0.20, 4179, 436
9377, 0, 41, 66, 63, 22, 21.98%, 0, 20, 3, 0.20, 4181, 436
9387, 0, 41, 66, 63, 22, 21.98%, 0, 20, 3, 0.21, 4185, 436
9397, 0, 41, 66, 63, 22, 21.98%, 0, 20, 3, 0.21, 4187, 436
9407, 0, 41, 66, 63, 22, 21.98%, 0, 20, 3, 0.22, 4190, 436
9417, 0, 41, 66, 63, 22, 21.98%, 0, 20, 3, 0.22, 4192, 436
9427, 0, 41, 66, 63, 22, 21.98%, 0, 20, 3, 0.21, 4194, 436
9437, 0, 41, 66, 63, 22, 21.98%, 0, 20, 3, 0.21, 4195, 436
9447, 0, 41, 66, 63, 22, 21.98%, 0, 20, 3, 0.20, 4196, 436
9457, 0, 41, 67, 64, 22, 22.03%, 0, 20, 3, 0.24, 4205, 437
9467, 0, 41, 67, 64, 22, 22.03%, 0, 20, 3, 0.23, 4206, 437
9477, 0, 41, 67, 64, 22, 22.03%, 0, 20, 3, 0.24, 4210, 437
9487, 0, 41, 67, 64, 22, 22.03%, 0, 20, 3, 0.24, 4212, 437
9498, 0, 41, 67, 64, 22, 22.03%, 0, 20, 3, 0.24, 4214, 437
9508, 0, 41, 67, 64, 22, 22.03%, 0, 20, 3, 0.23, 4215, 437
9518, 0, 41, 67, 64, 22, 22.03%, 0, 20, 3, 0.23, 4217, 437
9528, 0, 41, 67, 64, 22, 22.03%, 0, 20, 3, 0.24, 4221, 437
9538, 0, 41, 67, 64, 22, 22.03%, 0, 20, 3, 0.23, 4222, 437
9548, 0, 41, 67, 64, 22, 22.03%, 0, 20, 3, 0.25, 4227, 437
9558, 0, 41, 67, 64, 22, 22.03%, 0, 20, 3, 0.24, 4228, 437
9568, 0, 41, 67, 64, 22, 22.03%, 0, 20, 3, 0.24, 4230, 437
9578, 0, 41, 67, 64, 22, 22.03%, 0, 20, 3, 0.23, 4231, 437
9588, 0, 41, 67, 64, 22, 22.03%, 0, 20, 3, 0.22, 4232, 437
9598, 0, 41, 67, 64, 22, 22.03%, 0, 20, 3, 0.21, 4233, 437
9608, 0, 41, 67, 64, 22, 22.03%, 0, 20, 3, 0.20, 4234, 437
9618, 0, 41, 67, 64, 22, 22.03%, 0, 20, 3, 0.20, 4235, 437
9628, 0, 41, 67, 64, 22, 22.03%, 0, 20, 3, 0.20, 4237, 437
9638, 0, 41, 67, 64, 22, 22.03%, 0, 20, 3, 0.19, 4238, 437
9648, 0, 41, 67, 64, 22, 22.03%, 0, 20, 3, 0.10, 4247, 437
9658, 0, 41, 67, 64, 22, 22.03%, 0, 20, 3, 0.11, 4250, 437
9668, 0, 41, 67, 64, 22, 22.03%, 0, 20, 3, 0.11, 4251, 437
9678, 0, 41, 67, 64, 22, 22.03%, 0, 20, 3, 0.13, 4255, 437
9688, 0, 41, 67, 64, 22, 22.03%, 0, 20, 3, 0.13, 4256, 437
9698, 0, 41, 67, 64, 22, 22.03%, 0, 20, 3, 0.14, 4259, 437
9708, 0, 41, 67, 64, 22, 22.03%, 0, 20, 3, 0.14, 4260, 437
9719, 0, 41, 67, 64, 22, 22.03%, 0, 20, 3, 0.69, 4267, 437
9729, 0, 41, 67, 64, 22, 22.03%, 0, 20, 3, 0.10, 4268, 437
9739, 0, 41, 67, 64, 22, 22.03%, 0, 20, 3, 0.10, 4269, 437
9749, 0, 41, 67, 64, 22, 22.03%, 0, 20, 3, 0.11, 4271, 437
9759, 0, 41, 67, 64, 22, 22.03%, 0, 20, 3, 0.12, 4275, 437
9769, 0, 41, 67, 64, 22, 22.03%, 0, 20, 3, 0.12, 4276, 437
9779, 0, 41, 67, 64, 22, 22.03%, 0, 20, 3, 0.13, 4278, 437
9789, 0, 41, 67, 64, 22, 22.03%, 0, 20, 3, 0.14, 4282, 437
9799, 0, 41, 67, 64, 22, 22.03%, 0, 20, 3, 0.14, 4283, 437
9809, 0, 41, 67, 64, 22, 22.03%, 0, 20, 3, 0.16, 4287, 437
9819, 0, 41, 67, 64, 22, 22.03%, 0, 20, 3, 0.79, 4295, 437
9829, 0, 41, 67, 64, 22, 22.03%, 0, 20, 3, 0.76, 4298, 437
9839, 0, 41, 67, 64, 22, 22.03%, 0, 20, 3, 0.73, 4301, 437
9849, 0, 41, 67, 64, 22, 22.03%, 0, 20, 3, 0.10, 4302, 437
9859, 0, 41, 67, 64, 22, 22.03%, 0, 20, 3, 0.10, 4303, 437
9869, 0, 41, 67, 64, 22, 22.03%, 0, 20, 3, 0.10, 4304, 437
9879, 0, 41, 67, 64, 22, 22.03%, 0, 20, 3, 0.79, 4312, 437
9889, 0, 41, 67, 64, 22, 22.03%, 0, 20, 3, 0.10, 4313, 437
9899, 0, 41, 67, 64, 22, 22.03%, 0, 20, 3, 0.59, 4319, 437
9909, 0, 41, 67, 64, 22, 22.03%, 0, 20, 3, 0.10, 4320, 437
9919, 0, 41, 67, 64, 22, 22.03%, 0, 20, 3, 0.11, 4322, 437
9929, 0, 41, 67, 64, 22, 22.03%, 0, 20, 3, 0.11, 4323, 437
9939, 0, 41, 67, 64, 22, 22.03%, 0, 20, 3, 0.11, 4324, 437
9949, 0, 41, 67, 64, 22, 22.03%, 0, 20, 3, 0.11, 4326, 437
9960, 0, 41, 67, 64, 22, 22.03%, 0, 20, 3, 0.11, 4327, 437
9970, 0, 41, 67, 64, 22, 22.03%, 0, 20, 3, 0.11, 4328, 437
9980, 0, 41, 68, 65, 22, 22.03%, 0, 20, 3, 0.10, 4344, 437
9990, 0, 41, 68, 65, 22, 22.03%, 0, 20, 3, 0.11, 4347, 437
10000, 0, 41, 68, 65, 22, 22.03%, 0, 20, 3, 0.12, 4349, 437
10010, 0, 41, 68, 65, 22, 22.03%, 0, 20, 3, 0.12, 4350, 437
10020, 0, 41, 68, 65, 22, 22.03%, 0, 20, 3, 0.14, 4355, 437
10030, 0, 41, 69, 66, 22, 22.03%, 0, 20, 3, 0.98, 4365, 437
10040, 0, 41, 69, 66, 22, 22.03%, 0, 20, 3, 0.93, 4367, 437
10050, 0, 41, 69, 66, 22, 22.03%, 0, 20, 3, 0.89, 4369, 437
10060, 0, 41, 69, 66, 22, 22.03%, 0, 20, 3, 0.10, 4370, 437
10070, 0, 41, 69, 66, 22, 22.03%, 0, 20, 3, 0.11, 4373, 437
10080, 0, 41, 69, 66, 22, 22.03%, 0, 20, 3, 0.12, 4376, 437
10090, 0, 41, 69, 66, 22, 22.03%, 0, 20, 3, 0.12, 4377, 437
10100, 0, 41, 69, 66, 22, 22.03%, 0, 20, 3, 0.13, 4380, 437
10111, 0, 41, 69, 66, 22, 22.03%, 0, 20, 3, 0.14, 4382, 437
10121, 0, 41, 69, 66, 22, 22.03%, 0, 20, 3, 0.16, 4387, 437
10131, 0, 41, 69, 66, 22, 22.03%, 0, 20, 3, 0.17, 4390, 437
10141, 0, 41, 69, 66, 22, 22.03%, 0, 20, 3, 0.17, 4392, 437
10151, 0, 41, 69, 66, 22, 22.03%, 0, 20, 3, 0.20, 4398, 437
10161, 0, 41, 69, 66, 22, 22.03%, 0, 20, 3, 0.19, 4399, 437
10171, 0, 41, 69, 66, 22, 22.03%, 0, 20, 3, 0.19, 4400, 437
10181, 0, 41, 69, 66, 22, 22.03%, 0, 20, 3, 0.19, 4402, 437
10191, 0, 41, 69, 66, 22, 22.03%, 0, 20, 3, 0.19, 4405, 437
10201, 0, 41, 69, 66, 22, 22.03%, 0, 20, 3, 0.21, 4410, 437
10211, 0, 41, 69, 66, 22, 22.03%, 0, 20, 3, 0.21, 4412, 437
10221, 0, 41, 69, 66, 22, 22.03%, 0, 20, 3, 0.20, 4413, 437
10231, 0, 41, 69, 66, 22, 22.03%, 0, 20, 3, 0.23, 4420, 437
10241, 0, 41, 69, 66, 22, 22.03%, 0, 20, 3, 0.25, 4425, 437
10251, 0, 41, 69, 66, 22, 22.03%, 0, 20, 3, 0.24, 4426, 437
10261, 0, 41, 69, 66, 22, 22.03%, 0, 20, 3, 0.23, 4427, 437
10271, 0, 41, 69, 66, 22, 22.03%, 0, 20, 3, 0.25, 4432, 437
10282, 0, 41, 69, 66, 22, 22.03%, 0, 20, 3, 0.25, 4434, 437
10292, 0, 41, 69, 66, 22, 22.03%, 0, 20, 3, 0.25, 4437, 437
10302, 0, 41, 69, 66, 22, 22.03%, 0, 20, 3, 0.24, 4438, 437
10312, 0, 41, 69, 66, 22, 22.03%, 0, 20, 3, 0.25, 4442, 437
10322, 0, 41, 69, 66, 22, 22.03%, 0, 20, 3, 0.24, 4443, 437
10332, 0, 41, 69, 66, 22, 22.03%, 0, 20, 3, 0.23, 4444, 437
10342, 0, 41, 69, 66, 22, 22.03%, 0, 20, 3, 0.23, 4446, 437
10352, 0, 41, 69, 66, 22, 22.03%, 0, 20, 3, 0.25, 4451, 437
10362, 0, 41, 69, 66, 22, 22.03%, 0, 20, 3, 0.24, 4453, 437
10372, 0, 41, 69, 66, 22, 22.03%, 0, 20, 3, 0.24, 4455, 437
10382, 0, 41, 69, 66, 22, 22.03%, 0, 20, 3, 0.23, 4456, 437
10392, 0, 41, 69, 66, 22, 22.03%, 0, 20, 3, 0.22, 4457, 437
10402, 0, 41, 69, 66, 22, 22.03%, 0, 20, 3, 0.22, 4459, 437
10412, 0, 41, 69, 66, 22, 22.03%, 0, 20, 3, 0.23, 4463, 437
10422, 0, 41, 69, 66, 22, 22.03%, 0, 20, 3, 0.22, 4464, 437
10432, 0, 41, 69, 66, 22, 22.03%, 0, 20, 3, 0.24, 4468, 437
10442, 0, 41, 69, 66, 22, 22.03%, 0, 20, 3, 0.23, 4469, 437
10452, 0, 41, 69, 66, 22, 22.03%, 0, 20, 3, 0.22, 4470, 437
10462, 0, 41, 69, 66, 22, 22.03%, 0, 20, 3, 0.30, 4484, 437
10473, 0, 41, 69, 66, 22, 22.03%, 0, 20, 3, 0.30, 4487, 437
10483, 0, 41, 69, 66, 22, 22.03%, 0, 20, 3, 0.10, 4499, 437
10493, 0, 41, 69, 66, 22, 22.03%, 0, 20, 3, 0.11, 4502, 437
10503, 0, 41, 69, 66, 22, 22.03%, 0, 20, 3, 0.11, 4503, 437
10513, 0, 41, 69, 66, 22, 22.03%, 0, 20, 3, 0.13, 4507, 437
10523, 0, 41, 69, 66, 22, 22.03%, 0, 20, 3, 0.15, 4512, 437
10533, 0, 41, 69, 66, 22, 22.03%, 0, 20, 3, 0.15, 4513, 437
10543, 0, 41, 69, 66, 22, 22.03%, 0, 20, 3, 0.15, 4514, 437
10553, 0, 41, 69, 66, 22, 22.03%, 0, 20, 3, 0.14, 4515, 437
10563, 0, 41, 69, 66, 22, 22.03%, 0, 20, 3, 0.15, 4517, 437
10573, 0, 41, 69, 66, 22, 22.03%, 0, 20, 3, 0.14, 4518, 437
10583, 0, 41, 69, 66, 22, 22.03%, 0, 20, 3, 0.15, 4521, 437
10593, 0, 41, 69, 66, 22, 22.03%, 0, 20, 3, 0.15, 4522, 437
10603, 0, 41, 69, 66, 22, 22.03%, 0, 20, 3, 0.15, 4523, 437
10613, 0, 41, 69, 66, 22, 22.03%, 0, 20, 3, 0.15, 4525, 437
10623, 0, 41, 69, 66, 22, 22.03%, 0, 20, 3, 0.15, 4526, 437
10633, 0, 41, 69, 66, 22, 22.03%, 0, 20, 3, 0.14, 4527, 437
10643, 0, 41, 69, 66, 22, 22.03%, 0, 20, 3, 0.16, 4531, 437
10653, 0, 41, 69, 66, 22, 22.03%, 0, 20, 3, 0.17, 4534, 437
10663, 0, 41, 69, 66, 22, 22.03%, 0, 20, 3, 0.17, 4536, 437
10673, 0, 41, 69, 66, 22, 22.03%, 0, 20, 3, 0.17, 4537, 437
10684, 0, 41, 69, 66, 22, 22.03%, 0, 20, 3, 0.17, 4539, 437
10694, 0, 41, 70, 67, 22, 22.08%, 0, 20, 3, 0.98, 4549, 438
10704, 0, 41, 70, 67, 22, 22.08%, 0, 20, 3, 0.10, 4550, 438
10714, 0, 41, 71, 68, 22, 22.18%, 0, 20, 3, 0.10, 4565, 440
10724, 0, 41, 71, 68, 22, 22.18%, 0, 20, 3, 0.10, 4566, 440
10734, 0, 41, 71, 68, 22, 22.18%, 0, 20, 3, 0.10, 4567, 440
10744, 0, 41, 71, 68, 22, 22.18%, 0, 20, 3, 0.11, 4569, 440
10754, 0, 41, 71, 68, 22, 22.18%, 0, 20, 3, 0.12, 4573, 440
10764, 0, 41, 71, 68, 22, 22.18%, 0, 20, 3, 0.13, 4576, 440
10774, 0, 41, 71, 68, 22, 22.18%, 0, 20, 3, 0.15, 4579, 440
10784, 0, 41, 71, 68, 22, 22.18%, 0, 20, 3, 0.14, 4580, 440
10794, 0, 41, 71, 68, 22, 22.18%, 0, 20, 3, 0.16, 4584, 440
10804, 0, 41, 71, 68, 22, 22.18%, 0, 20, 3, 0.16, 4586, 440
10814, 0, 41, 71, 68, 22, 22.18%, 0, 20, 3, 0.16, 4588, 440
10825, 0, 41, 71, 68, 22, 22.18%, 0, 20, 3, 0.18, 4592, 440
10835, 0, 41, 71, 68, 22, 22.18%, 0, 20, 3, 0.17, 4593, 440
10845, 0, 41, 71, 68, 22, 22.18%, 0, 20, 3, 0.17, 4594, 440
10855, 0, 41, 71, 68, 22, 22.18%, 0, 20, 3, 0.17, 4596, 440
10865, 0, 41, 71, 68, 22, 22.18%, 0, 20, 3, 0.17, 4597, 440
10875, 0, 41, 71, 68, 22, 22.18%, 0, 20, 3, 0.16, 4598, 440
10885, 0, 41, 71, 68, 22, 22.18%, 0, 20, 3, 0.18, 4603, 440
10895, 0, 41, 71, 68, 22, 22.18%, 0, 20, 3, 0.19, 4606, 440
10905, 0, 41, 71, 68, 22, 22.18%, 0, 20, 3, 0.21, 4611, 440
10915, 0, 41, 71, 68, 22, 22.18%, 0, 20, 3, 0.21, 4614, 440
10925, 0, 41, 71, 68, 22, 22.18%, 0, 20, 3, 0.21, 4615, 440
10935, 0, 41, 71, 68, 22, 22.18%, 0, 20, 3, 0.24, 4622, 440
10945, 0, 41, 71, 68, 22, 22.18%, 0, 20, 3, 0.28, 4631, 440
10956, 0, 41, 71, 68, 22, 22.18%, 0, 20, 3, 0.30, 4638, 440
10966, 0, 41, 71, 68, 22, 22.18%, 0, 20, 3, 0.30, 4641, 440
10976, 0, 41, 71, 68, 22, 22.18%, 0, 20, 3, 0.30, 4644, 440
10986, 0, 41, 71, 68, 22, 22.18%, 0, 20, 3, 0.31, 4648, 440
10996, 0, 41, 71, 68, 22, 22.18%, 0, 20, 3, 0.30, 4650, 440
11006, 0, 41, 71, 68, 22, 22.18%, 0, 20, 3, 0.30, 4653, 440
11016, 0, 41, 71, 68, 22, 22.18%, 0, 20, 3, 0.29, 4654, 440
11026, 0, 41, 71, 68, 22, 22.18%, 0, 20, 3, 0.28, 4655, 440
11036, 0, 41, 71, 68, 22, 22.18%, 0, 20, 3, 0.27, 4657, 440
11046, 0, 41, 71, 68, 22, 22.18%, 0, 20, 3, 0.26, 4658, 440
11056, 0, 41, 71, 68, 22, 22.18%, 0, 20, 3, 0.29, 4666, 440
11066, 0, 41, 71, 68, 22, 22.18%, 0, 20, 3, 0.28, 4667, 440
11076, 0, 41, 71, 68, 22, 22.18%, 0, 20, 3, 0.28, 4669, 440
11086, 0, 41, 71, 68, 22, 22.18%, 0, 20, 3, 0.27, 4670, 440
11096, 0, 41, 71, 68, 22, 22.18%, 0, 20, 3, 0.27, 4673, 440
11106, 0, 41, 71, 68, 22, 22.18%, 0, 20, 3, 0.27, 4676, 440
11116, 0, 41, 71, 68, 22, 22.18%, 0, 20, 3, 0.27, 4679, 440
11126, 0, 41, 71, 68, 22, 22.18%, 0, 20, 3, 0.27, 4681, 440
11136, 0, 41, 71, 68, 22, 22.18%, 0, 20, 3, 0.26, 4682, 440
11146, 0, 41, 71, 68, 22, 22.18%, 0, 20, 3, 0.25, 4684, 440
11156, 0, 41, 71, 68, 22, 22.18%, 0, 20, 3, 0.25, 4686, 440
11167, 0, 41, 71, 68, 22, 22.18%, 0, 20, 3, 0.25, 4689, 440
11177, 0, 41, 71, 68, 22, 22.18%, 0, 20, 3, 0.24, 4690, 440
11187, 0, 41, 71, 68, 22, 22.18%, 0, 20, 3, 0.23, 4691, 440
11197, 0, 41, 71, 68, 22, 22.18%, 0, 20, 3, 0.23, 4693, 440
11207, 0, 41, 71, 68, 22, 22.18%, 0, 20, 3, 0.23, 4695, 440
11217, 0, 41, 71, 68, 22, 22.18%, 0, 20, 3, 0.22, 4696, 440
11227, 0, 41, 71, 68, 22, 22.18%, 0, 20, 3, 0.21, 4697, 440
11237, 0, 41, 71, 68, 22, 22.18%, 0, 20, 3, 0.21, 4698, 440
11247, 0, 41, 71, 68, 22, 22.18%, 0, 20, 3, 0.20, 4699, 440
11257, 0, 41, 71, 68, 22, 22.18%, 0, 20, 3, 0.21, 4703, 440
11267, 0, 41, 71, 68, 22, 22.18%, 0, 20, 3, 0.21, 4704, 440
11277, 0, 41, 71, 68, 22, 22.18%, 0, 20, 3, 0.21, 4706, 440
11287, 0, 41, 71, 68, 22, 22.18%, 0, 20, 3, 0.20, 4708, 440
11297, 0, 41, 71, 68, 22, 22.18%, 0, 20, 3, 0.24, 4715, 440
11307, 0, 41, 71, 68, 22, 22.18%, 0, 20, 3, 0.23, 4716, 440
11317, 0, 41, 71, 68, 22, 22.18%, 0, 20, 3, 0.27, 4726, 440
11327, 0, 41, 71, 68, 22, 22.18%, 0, 20, 3, 0.26, 4727, 440
11337, 0, 41, 71, 68, 22, 22.18%, 0, 20, 3, 0.26, 4729, 440
11347, 0, 41, 71, 68, 22, 22.18%, 0, 20, 3, 0.27, 4733, 440
11357, 0, 41, 71, 68, 22, 22.18%, 0, 20, 3, 0.28, 4737, 440
11368, 0, 41, 71, 68, 22, 22.18%, 0, 20, 3, 0.29, 4742, 440
11378, 0, 41, 71, 68, 22, 22.18%, 0, 20, 3, 0.29, 4745, 440
11388, 0, 41, 71, 68, 22, 22.18%, 0, 20, 3, 0.28, 4747, 440
11398, 0, 41, 71, 68, 22, 22.18%, 0, 20, 3, 0.31, 4754, 440
11408, 0, 41, 71, 68, 22, 22.18%, 0, 20, 3, 0.30, 4755, 440
11418, 0, 41, 71, 68, 22, 22.18%, 0, 20, 3, 0.28, 4756, 440
11428, 0, 41, 71, 68, 22, 22.18%, 0, 20, 3, 0.30, 4762, 440
11438, 0, 41, 71, 68, 22, 22.18%, 0, 20, 3, 0.30, 4764, 440
11448, 0, 41, 71, 68, 22, 22.18%, 0, 20, 3, 0.28, 4765, 440
11458, 0, 41, 71, 68, 22, 22.18%, 0, 20, 3, 0.29, 4768, 440
11468, 0, 41, 71, 68, 22, 22.18%, 0, 20, 3, 0.27, 4769, 440
11478, 0, 41, 71, 68, 22, 22.18%, 0, 20, 3, 0.31, 4777, 440
11488, 0, 41, 71, 68, 22, 22.18%, 0, 20, 3, 0.31, 4780, 440
11498, 0, 41, 71, 68, 22, 22.18%, 0, 20, 3, 0.31, 4784, 440
11509, 0, 41, 71, 68, 22, 22.18%, 0, 20, 3, 0.30, 4786, 440
11519, 0, 41, 71, 68, 22, 22.18%, 0, 20, 3, 0.29, 4787, 440
11529, 0, 41, 71, 68, 22, 22.18%, 0, 20, 3, 0.29, 4790, 440
11539, 0, 41, 71, 68, 22, 22.18%, 0, 20, 3, 0.29, 4793, 440
11549, 0, 41, 71, 68, 22, 22.18%, 0, 20, 3, 0.29, 4796, 440
11559, 0, 41, 71, 68, 22, 22.18%, 0, 20, 3, 0.28, 4797, 440
11569, 0, 41, 71, 68, 22, 22.18%, 0, 20, 3, 0.27, 4798, 440
11579, 0, 41, 71, 68, 22, 22.18%, 0, 20, 3, 0.26, 4800, 440
11589, 0, 41, 71, 68, 22, 22.18%, 0, 20, 3, 0.25, 4801, 440
11599, 0, 41, 71, 68, 22, 22.18%, 0, 20, 3, 0.26, 4804, 440
11609, 0, 41, 71, 68, 22, 22.18%, 0, 20, 3, 0.25, 4806, 440
11619, 0, 41, 71, 68, 22, 22.18%, 0, 20, 3, 0.26, 4810, 440
11629, 0, 41, 71, 68, 22, 22.18%, 0, 20, 3, 0.26, 4812, 440
11639, 0, 41, 71, 68, 22, 22.18%, 0, 20, 3, 0.25, 4813, 440
11649, 0, 41, 71, 68, 22, 22.18%, 0, 20, 3, 0.25, 4815, 440
11659, 0, 41, 71, 68, 22, 22.18%, 0, 20, 3, 0.25, 4819, 440
11669, 0, 41, 71, 68, 22, 22.18%, 0, 20, 3, 0.25, 4820, 440
11679, 0, 41, 71, 68, 22, 22.18%, 0, 20, 3, 0.24, 4821, 440
11689, 0, 41, 71, 68, 22, 22.18%, 0, 20, 3, 0.25, 4826, 440
11699, 0, 41, 71, 68, 22, 22.18%, 0, 20, 3, 0.24, 4827, 440
11709, 0, 41, 71, 68, 22, 22.18%, 0, 20, 3, 0.23, 4828, 440
11719, 0, 41, 71, 68, 22, 22.18%, 0, 20, 3, 0.24, 4832, 440
11729, 0, 41, 71, 68, 22, 22.18%, 0, 20, 3, 0.27, 4838, 440
11739, 0, 41, 71, 68, 22, 22.18%, 0, 20, 3, 0.26, 4839, 440
11749, 0, 41, 71, 68, 22, 22.18%, 0, 20, 3, 0.25, 4840, 440
11759, 0, 41, 71, 68, 22, 22.18%, 0, 20, 3, 0.24, 4841, 440
11769, 0, 41, 71, 68, 22, 22.18%, 0, 20, 3, 0.23, 4842, 440
11780, 0, 41, 71, 68, 22, 22.18%, 0, 20, 3, 0.26, 4850, 440
11790, 0, 41, 71, 68, 22, 22.18%, 0, 20, 3, 0.25, 4851, 440
11800, 0, 41, 71, 68, 22, 22.18%, 0, 20, 3, 0.26, 4855, 440
11810, 0, 41, 71, 68, 22, 22.18%, 0, 20, 3, 0.28, 4860, 440
11820, 0, 41, 71, 68, 22, 22.18%, 0, 20, 3, 0.28, 4863, 440
11830, 0, 41, 71, 68, 22, 22.18%, 0, 20, 3, 0.29, 4867, 440
11840, 0, 41, 71, 68, 22, 22.18%, 0, 20, 3, 0.27, 4868, 440
11850, 0, 41, 71, 68, 22, 22.18%, 0, 20, 3, 0.26, 4869, 440
11860, 0, 41, 71, 68, 22, 22.18%, 0, 20, 3, 0.25, 4870, 440
11870, 0, 41, 71, 68, 22, 22.18%, 0, 20, 3, 0.24, 4871, 440
11880, 0, 41, 71, 68, 22, 22.18%, 0, 20, 3, 0.23, 4872, 440
11890, 0, 41, 71, 68, 22, 22.18%, 0, 20, 3, 0.23, 4873, 440
11900, 0, 41, 71, 68, 22, 22.18%, 0, 20, 3, 0.23, 4876, 440
11910, 0, 41, 71, 68, 22, 22.18%, 0, 20, 3, 0.23, 4878, 440
11920, 0, 41, 71, 68, 22, 22.18%, 0, 20, 3, 0.23, 4881, 440
11930, 0, 41, 71, 68, 22, 22.18%, 0, 20, 3, 0.22, 4882, 440
11940, 0, 41, 71, 68, 22, 22.18%, 0, 20, 3, 0.22, 4883, 440
11950, 0, 41, 71, 68, 22, 22.18%, 0, 20, 3, 0.22, 4885, 440
11960, 0, 41, 71, 68, 22, 22.18%, 0, 20, 3, 0.21, 4886, 440
11970, 0, 41, 71, 68, 22, 22.18%, 0, 20, 3, 0.20, 4887, 440
11980, 0, 41, 71, 68, 22, 22.18%, 0, 20, 3, 0.20, 4889, 440
11990, 0, 41, 71, 68, 22, 22.18%, 0, 20, 3, 0.21, 4893, 440
12000, 0, 41, 71, 68, 22, 22.18%, 0, 20, 3, 0.22, 4896, 440
12010, 0, 41, 71, 68, 22, 22.18%, 0, 20, 3, 0.21, 4897, 440
12020, 0, 41, 71, 68, 22, 22.18%, 0, 20, 3, 0.20, 4898, 440
12031, 0, 41, 71, 68, 22, 22.18%, 0, 20, 3, 0.22, 4902, 440
12041, 0, 41, 71, 68, 22, 22.18%, 0, 20, 3, 0.22, 4905, 440
12051, 0, 41, 71, 68, 22, 22.18%, 0, 20, 3, 0.23, 4908, 440
12061, 0, 41, 71, 68, 22, 22.18%, 0, 20, 3, 0.22, 4910, 440
12071, 0, 41, 71, 68, 22, 22.18%, 0, 20, 3, 0.23, 4913, 440
12081, 0, 41, 71, 68, 22, 22.18%, 0, 20, 3, 0.22, 4914, 440
12091, 0, 41, 71, 68, 22, 22.18%, 0, 20, 3, 0.22, 4916, 440
12101, 0, 41, 71, 68, 22, 22.18%, 0, 20, 3, 0.24, 4921, 440
12111, 0, 41, 71, 68, 22, 22.18%, 0, 20, 3, 0.23, 4922, 440
12121, 0, 41, 72, 69, 22, 22.18%, 0, 20, 3, 0.27, 4931, 440
12131, 0, 41, 72, 69, 22, 22.18%, 0, 20, 3, 0.26, 4932, 440
12141, 0, 41, 72, 69, 22, 22.18%, 0, 20, 3, 0.25, 4934, 440
12151, 0, 41, 72, 69, 22, 22.18%, 0, 20, 3, 0.25, 4936, 440
12161, 0, 41, 72, 69, 22, 22.18%, 0, 20, 3, 0.24, 4937, 440
12171, 0, 41, 72, 69, 22, 22.18%, 0, 20, 3, 0.25, 4941, 440
12181, 0, 41, 72, 69, 22, 22.18%, 0, 20, 3, 0.25, 4943, 440
12191, 0, 41, 72, 69, 22, 22.18%, 0, 20, 3, 0.25, 4946, 440
12202, 0, 41, 72, 69, 22, 22.18%, 0, 20, 3, 0.25, 4949, 440
12212, 0, 41, 72, 69, 22, 22.18%, 0, 20, 3, 0.25, 4951, 440
12222, 0, 41, 72, 69, 22, 22.18%, 0, 20, 3, 0.25, 4954, 440
12232, 0, 41, 72, 69, 22, 22.18%, 0, 20, 3, 0.25, 4956, 440
12242, 0, 41, 72, 69, 22, 22.18%, 0, 20, 3, 0.24, 4957, 440
12252, 0, 41, 72, 69, 22, 22.18%, 0, 20, 3, 0.23, 4958, 440
12262, 0, 41, 72, 69, 22, 22.18%, 0, 20, 3, 0.22, 4959, 440
12272, 0, 41, 72, 69, 22, 22.18%, 0, 20, 3, 0.22, 4960, 440
12282, 0, 41, 72, 69, 22, 22.18%, 0, 20, 3, 0.21, 4961, 440
12292, 0, 41, 72, 69, 22, 22.18%, 0, 20, 3, 0.21, 4963, 440
12302, 0, 41, 72, 69, 22, 22.18%, 0, 20, 3, 0.20, 4964, 440
12312, 0, 41, 72, 69, 22, 22.18%, 0, 20, 3, 0.21, 4968, 440
12322, 0, 41, 72, 69, 22, 22.18%, 0, 20, 3, 0.22, 4971, 440
12332, 0, 41, 72, 69, 22, 22.18%, 0, 20, 3, 0.22, 4973, 440
12342, 0, 41, 72, 69, 22, 22.18%, 0, 20, 3, 0.22, 4975, 440
12352, 0, 41, 72, 69, 22, 22.18%, 0, 20, 3, 0.23, 4979, 440
12362, 0, 41, 72, 69, 22, 22.18%, 0, 20, 3, 0.23, 4981, 440
12372, 0, 41, 72, 69, 22, 22.18%, 0, 20, 3, 0.22, 4983, 440
12382, 0, 41, 72, 69, 22, 22.18%, 0, 20, 3, 0.22, 4984, 440
12392, 0, 41, 72, 69, 22, 22.18%, 0, 20, 3, 0.22, 4987, 440
12402, 0, 41, 72, 69, 22, 22.18%, 0, 20, 3, 0.21, 4988, 440
12412, 0, 41, 72, 69, 22, 22.18%, 0, 20, 3, 0.21, 4989, 440
12422, 0, 41, 72, 69, 22, 22.18%, 0, 20, 3, 0.20, 4990, 440
12432, 0, 41, 72, 69, 22, 22.18%, 0, 20, 3, 0.19, 4991, 440
12442, 0, 41, 72, 69, 22, 22.18%, 0, 20, 3, 0.19, 4993, 440
12452, 0, 41, 72, 69, 22, 22.18%, 0, 20, 3, 0.19, 4995, 440
12462, 0, 41, 72, 69, 22, 22.18%, 0, 20, 3, 0.20, 4997, 440
12472, 0, 41, 72, 69, 22, 22.18%, 0, 20, 3, 0.20, 4999, 440
12482, 0, 41, 72, 69, 22, 22.18%, 0, 20, 3, 0.20, 5001, 440
12492, 0, 41, 72, 69, 22, 22.18%, 0, 20, 3, 0.20, 5004, 440
12502, 0, 41, 72, 69, 22, 22.18%, 0, 20, 3, 0.20, 5005, 440
12512, 0, 41, 72, 69, 22, 22.18%, 0, 20, 3, 0.21, 5009, 440
12522, 0, 41, 72, 69, 22, 22.18%, 0, 20, 3, 0.21, 5011, 440
12533, 0, 41, 72, 69, 22, 22.18%, 0, 20, 3, 0.21, 5013, 440
12543, 0, 41, 72, 69, 22, 22.18%, 0, 20, 3, 0.20, 5014, 440
12553, 0, 41, 72, 69, 22, 22.18%, 0, 20, 3, 0.10, 5025, 440
12563, 0, 41, 72, 69, 22, 22.18%, 0, 20, 3, 0.11, 5027, 440
12573, 0, 41, 72, 69, 22, 22.18%, 0, 20, 3, 0.11, 5028, 440
12583, 0, 41, 72, 69, 22, 22.18%, 0, 20, 3, 0.59, 5034, 440
12593, 0, 41, 72, 69, 22, 22.18%, 0, 20, 3, 0.57, 5036, 440
12603, 0, 41, 72, 69, 22, 22.18%, 0, 20, 3, 0.55, 5039, 440
12613, 0, 41, 72, 69, 22, 22.18%, 0, 21, 3, 0.53, 5041, 440
12623, 0, 41, 72, 69, 22, 22.18%, 0, 21, 3, 0.51, 5044, 440
12633, 0, 41, 72, 69, 22, 22.18%, 0, 21, 3, 0.10, 5045, 440
12643, 0, 41, 72, 69, 22, 22.18%, 0, 21, 3, 0.12, 5049, 440
12653, 0, 41, 72, 69, 22, 22.18%, 0, 21, 3, 0.14, 5053, 440
12663, 0, 41, 72, 69, 22, 22.18%, 0, 21, 3, 0.13, 5054, 440
12673, 0, 41, 72, 69, 22, 22.18%, 0, 21, 3, 0.14, 5056, 440
12683, 0, 41, 72, 69, 22, 22.18%, 0, 21, 3, 0.15, 5059, 440
12693, 0, 41, 72, 69, 22, 22.18%, 0, 21, 3, 0.14, 5060, 440
12704, 0, 41, 72, 69, 22, 22.18%, 0, 21, 3, 0.17, 5065, 440
12714, 0, 41, 72, 69, 22, 22.18%, 0, 21, 3, 0.16, 5066, 440
12724, 0, 41, 72, 69, 22, 22.18%, 0, 21, 3, 0.16, 5068, 440
12734, 0, 41, 72, 69, 22, 22.18%, 0, 21, 3, 0.16, 5069, 440
12744, 0, 41, 72, 69, 22, 22.18%, 0, 21, 3, 0.16, 5071, 440
12754, 0, 41, 72, 69, 22, 22.18%, 0, 21, 3, 0.16, 5072, 440
12764, 0, 41, 72, 69, 22, 22.18%, 0, 21, 3, 0.17, 5075, 440
12774, 0, 41, 72, 69, 22, 22.18%, 0, 21, 3, 0.16, 5076, 440
12785, 0, 41, 72, 69, 22, 22.18%, 0, 21, 3, 0.16, 5077, 440
12795, 0, 41, 72, 69, 22, 22.18%, 0, 21, 3, 0.16, 5079, 440
12805, 0, 41, 72, 69, 22, 22.18%, 0, 21, 3, 0.17, 5082, 440
12815, 0, 41, 72, 69, 22, 22.18%, 0, 21, 3, 0.18, 5085, 440
12825, 0, 41, 72, 69, 22, 22.18%, 0, 21, 3, 0.18, 5087, 440
12835, 0, 41, 72, 69, 22, 22.18%, 0, 21, 3, 0.19, 5090, 440
12845, 0, 41, 72, 69, 22, 22.18%, 0, 21, 3, 0.20, 5094, 440
12855, 0, 41, 72, 69, 22, 22.18%, 0, 21, 3, 0.19, 5095, 440
12865, 0, 41, 72, 69, 22, 22.18%, 0, 21, 3, 0.20, 5098, 440
12875, 0, 41, 72, 69, 22, 22.18%, 0, 21, 3, 0.20, 5100, 440
12885, 0, 41, 72, 69, 22, 22.18%, 0, 21, 3, 0.19, 5101, 440
12895, 0, 41, 72, 69, 22, 22.18%, 0, 21, 3, 0.19, 5103, 440
12905, 0, 41, 72, 69, 22, 22.18%, 0, 21, 3, 0.21, 5107, 440
12915, 0, 41, 72, 69, 22, 22.18%, 0, 21, 3, 0.21, 5110, 440
12925, 0, 41, 72, 69, 22, 22.18%, 0, 21, 3, 0.21, 5111, 440
12935, 0, 41, 72, 69, 22, 22.18%, 0, 21, 3, 0.20, 5112, 440
12945, 0, 41, 72, 69, 22, 22.18%, 0, 21, 3, 0.20, 5114, 440
12955, 0, 41, 72, 69, 22, 22.18%, 0, 21, 3, 0.19, 5115, 440
12965, 0, 41, 72, 69, 22, 22.18%, 0, 21, 3, 0.19, 5116, 440
12975, 0, 41, 72, 69, 22, 22.18%, 0, 21, 3, 0.19, 5118, 440
12985, 0, 41, 72, 69, 22, 22.18%, 0, 21, 3, 0.18, 5119, 440
12995, 0, 41, 72, 69, 22, 22.18%, 0, 21, 3, 0.18, 5121, 440
13005, 0, 41, 72, 69, 22, 22.18%, 0, 21, 3, 0.21, 5127, 440
13015, 0, 41, 72, 69, 22, 22.18%, 0, 21, 3, 0.21, 5129, 440
13025, 0, 41, 72, 69, 22, 22.18%, 0, 21, 3, 0.20, 5130, 440
13036, 0, 41, 72, 69, 22, 22.18%, 0, 21, 3, 0.22, 5135, 440
13046, 0, 41, 72, 69, 22, 22.18%, 0, 21, 3, 0.22, 5137, 440
13056, 0, 41, 72, 69, 22, 22.18%, 0, 21, 3, 0.22, 5139, 440
13066, 0, 41, 72, 69, 22, 22.18%, 0, 21, 3, 0.23, 5143, 440
13076, 0, 41, 72, 69, 22, 22.18%, 0, 21, 3, 0.23, 5145, 440
13086, 0, 41, 72, 69, 22, 22.18%, 0, 21, 3, 0.23, 5147, 440
13096, 0, 41, 72, 69, 22, 22.18%, 0, 21, 3, 0.22, 5149, 440
13106, 0, 41, 72, 69, 22, 22.18%, 0, 21, 3, 0.22, 5150, 440
13116, 0, 41, 72, 69, 22, 22.18%, 0, 21, 3, 0.22, 5153, 440
13126, 0, 41, 72, 69, 22, 22.18%, 0, 21, 3, 0.24, 5158, 440
13136, 0, 41, 72, 69, 22, 22.18%, 0, 21, 3, 0.23, 5159, 440
13146, 0, 41, 72, 69, 22, 22.18%, 0, 21, 3, 0.23, 5161, 440
13156, 0, 41, 72, 69, 22, 22.18%, 0, 21, 3, 0.22, 5162, 440
13166, 0, 41, 72, 69, 22, 22.18%, 0, 21, 3, 0.22, 5165, 440
13176, 0, 41, 73, 70, 22, 22.18%, 0, 21, 3, 0.20, 5182, 440
13186, 0, 41, 73, 70, 22, 22.18%, 0, 21, 3, 0.19, 5183, 440
13196, 0, 41, 73, 70, 22, 22.18%, 0, 21, 3, 0.20, 5186, 440
13207, 0, 41, 74, 71, 22, 22.18%, 0, 21, 3, 0.10, 5195, 440
13217, 0, 41, 74, 71, 22, 22.18%, 0, 21, 3, 0.10, 5196, 440
13227, 0, 41, 74, 71, 22, 22.18%, 0, 21, 3, 0.11, 5198, 440
13237, 0, 41, 74, 71, 22, 22.18%, 0, 21, 3, 0.12, 5201, 440
13247, 0, 41, 74, 71, 22, 22.18%, 0, 21, 3, 0.12, 5203, 440
13257, 0, 41, 74, 71, 22, 22.18%, 0, 21, 3, 0.13, 5205, 440
13267, 0, 41, 74, 71, 22, 22.18%, 0, 21, 3, 0.13, 5206, 440
13277, 0, 41, 74, 71, 22, 22.18%, 0, 21, 3, 0.13, 5208, 440
13287, 0, 41, 74, 71, 22, 22.18%, 0, 21, 3, 0.13, 5209, 440
13297, 0, 41, 74, 71, 22, 22.18%, 0, 21, 3, 0.13, 5210, 440
13307, 0, 41, 74, 71, 22, 22.18%, 0, 21, 3, 0.13, 5211, 440
13317, 0, 41, 74, 71, 22, 22.18%, 0, 21, 3, 0.13, 5213, 440
13327, 0, 41, 74, 71, 22, 22.18%, 0, 21, 3, 0.14, 5216, 440
13337, 0, 41, 74, 71, 22, 22.18%, 0, 21, 3, 0.14, 5217, 440
13347, 0, 41, 74, 71, 22, 22.18%, 0, 21, 3, 1.27, 5230, 440
13357, 0, 41, 74, 71, 22, 22.18%, 0, 21, 3, 0.20, 5232, 440
13367, 0, 41, 74, 71, 22, 22.18%, 0, 21, 3, 0.21, 5236, 440
13378, 0, 41, 74, 71, 22, 22.18%, 0, 21, 3, 0.22, 5240, 440
13388, 0, 41, 74, 71, 22, 22.18%, 0, 21, 3, 0.22, 5241, 440
13398, 0, 41, 74, 71, 22, 22.18%, 0, 21, 3, 0.22, 5244, 440
13408, 0, 41, 74, 71, 22, 22.18%, 0, 21, 3, 0.23, 5247, 440
13418, 0, 41, 74, 71, 22, 22.18%, 0, 21, 3, 0.24, 5252, 440
13428, 0, 41, 74, 71, 22, 22.18%, 0, 21, 3, 0.25, 5256, 440
13438, 0, 41, 74, 71, 22, 22.18%, 0, 21, 3, 0.25, 5258, 440
13448, 0, 41, 74, 71, 22, 22.18%, 0, 21, 3, 0.26, 5262, 440
13458, 0, 41, 74, 71, 22, 22.18%, 0, 21, 3, 0.25, 5263, 440
13468, 0, 41, 74, 71, 22, 22.18%, 0, 21, 3, 0.24, 5265, 440
13478, 0, 41, 74, 71, 22, 22.18%, 0, 21, 3, 0.24, 5266, 440
13488, 0, 41, 74, 71, 22, 22.18%, 0, 21, 3, 0.25, 5271, 440
13498, 0, 41, 74, 71, 22, 22.18%, 0, 21, 3, 0.27, 5277, 440
13508, 0, 41, 74, 71, 22, 22.18%, 0, 21, 3, 0.26, 5278, 440
13518, 0, 41, 74, 71, 22, 22.18%, 0, 21, 3, 0.26, 5280, 440
13528, 0, 41, 74, 71, 22, 22.18%, 0, 21, 3, 0.25, 5282, 440
13539, 0, 41, 74, 71, 22, 22.18%, 0, 21, 3, 0.27, 5287, 440
13549, 0, 41, 74, 71, 22, 22.18%, 0, 21, 3, 0.26, 5288, 440
13559, 0, 41, 74, 71, 22, 22.18%, 0, 21, 3, 0.25, 5289, 440
13569, 0, 41, 74, 71, 22, 22.18%, 0, 21, 3, 0.24, 5290, 440
13579, 0, 41, 74, 71, 22, 22.18%, 0, 21, 3, 0.23, 5291, 440
13589, 0, 41, 74, 71, 22, 22.18%, 0, 21, 3, 0.22, 5292, 440
13599, 0, 41, 74, 71, 22, 22.18%, 0, 21, 3, 0.24, 5297, 440
13609, 0, 41, 74, 71, 22, 22.18%, 0, 21, 3, 0.24, 5299, 440
13619, 0, 41, 74, 71, 22, 22.18%, 0, 21, 3, 0.25, 5303, 440
13629, 0, 41, 74, 71, 22, 22.18%, 0, 21, 3, 0.24, 5304, 440
13639, 0, 41, 74, 71, 22, 22.18%, 0, 21, 3, 0.27, 5311, 440
13649, 0, 41, 74, 71, 22, 22.18%, 0, 21, 3, 0.26, 5312, 440
13659, 0, 41, 74, 71, 22, 22.18%, 0, 21, 3, 0.25, 5314, 440
13669, 0, 41, 74, 71, 22, 22.18%, 0, 21, 3, 0.24, 5315, 440
13679, 0, 41, 74, 71, 22, 22.18%, 0, 21, 3, 0.23, 5316, 440
13689, 0, 41, 74, 71, 22, 22.18%, 0, 21, 3, 0.23, 5317, 440
13699, 0, 41, 74, 71, 22, 22.18%, 0, 21, 3, 0.22, 5319, 440
13709, 0, 41, 74, 71, 22, 22.18%, 0, 21, 3, 0.22, 5321, 440
13719, 0, 41, 74, 71, 22, 22.18%, 0, 21, 3, 0.21, 5322, 440
13729, 0, 41, 74, 71, 22, 22.18%, 0, 21, 3, 0.21, 5323, 440
13739, 0, 41, 74, 71, 22, 22.18%, 0, 21, 3, 0.21, 5325, 440
13749, 0, 41, 74, 71, 22, 22.18%, 0, 21, 3, 0.20, 5326, 440
13759, 0, 41, 74, 71, 22, 22.18%, 0, 21, 3, 0.20, 5328, 440
13769, 0, 41, 74, 71, 22, 22.18%, 0, 21, 3, 0.21, 5331, 440
13779, 0, 41, 74, 71, 22, 22.18%, 0, 21, 3, 0.20, 5332, 440
13789, 0, 41, 74, 71, 22, 22.18%, 0, 21, 3, 0.19, 5333, 440
13799, 0, 41, 74, 71, 22, 22.18%, 0, 21, 3, 0.21, 5337, 440
13809, 0, 41, 74, 71, 22, 22.18%, 0, 21, 3, 0.21, 5339, 440
13819, 0, 41, 74, 71, 22, 22.18%, 0, 21, 3, 0.22, 5343, 440
13829, 0, 41, 74, 71, 22, 22.18%, 0, 21, 3, 0.21, 5344, 440
13840, 0, 41, 74, 71, 22, 22.18%, 0, 21, 3, 0.23, 5349, 440
13850, 0, 41, 74, 71, 22, 22.18%, 0, 21, 3, 0.25, 5355, 440
13860, 0, 41, 74, 71, 22, 22.18%, 0, 21, 3, 0.25, 5357, 440
13870, 0, 41, 74, 71, 22, 22.18%, 0, 21, 3, 0.24, 5359, 440
13880, 0, 41, 74, 71, 22, 22.18%, 0, 21, 3, 0.24, 5361, 440
13890, 0, 41, 74, 71, 22, 22.18%, 0, 21, 3, 0.23, 5362, 440
13900, 0, 41, 74, 71, 22, 22.18%, 0, 21, 3, 0.22, 5363, 440
13910, 0, 41, 74, 71, 22, 22.18%, 0, 21, 3, 0.22, 5365, 440
13920, 0, 41, 74, 71, 22, 22.18%, 0, 21, 3, 0.22, 5367, 440
13930, 0, 41, 74, 71, 22, 22.18%, 0, 21, 3, 0.22, 5369, 440
13940, 0, 41, 74, 71, 22, 22.18%, 0, 21, 3, 0.25, 5376, 440
13950, 0, 41, 74, 71, 22, 22.18%, 0, 21, 3, 0.25, 5379, 440
13960, 0, 41, 74, 71, 22, 22.18%, 0, 21, 3, 0.24, 5380, 440
13970, 0, 41, 74, 71, 22, 22.18%, 0, 21, 3, 0.23, 5381, 440
13980, 0, 41, 74, 71, 22, 22.18%, 0, 21, 3, 0.23, 5383, 440
13990, 0, 41, 74, 71, 22, 22.18%, 0, 21, 3, 0.25, 5388, 440
14000, 0, 41, 74, 71, 22, 22.18%, 0, 21, 3, 0.25, 5390, 440
14010, 0, 41, 74, 71, 22, 22.18%, 0, 21, 3, 0.24, 5392, 440
14020, 0, 41, 74, 71, 22, 22.18%, 0, 21, 3, 0.23, 5393, 440
14031, 0, 41, 74, 71, 22, 22.18%, 0, 21, 3, 0.25, 5398, 440
14041, 0, 41, 74, 71, 22, 22.18%, 0, 21, 3, 0.24, 5399, 440
14051, 0, 41, 74, 71, 22, 22.18%, 0, 21, 3, 0.23, 5400, 440
14061, 0, 41, 74, 71, 22, 22.18%, 0, 21, 3, 0.23, 5402, 440
14071, 0, 41, 74, 71, 22, 22.18%, 0, 21, 3, 0.26, 5410, 440
14081, 0, 41, 74, 71, 22, 22.18%, 0, 21, 3, 0.26, 5412, 440
14091, 0, 41, 74, 71, 22, 22.18%, 0, 21, 3, 0.26, 5414, 440
14101, 0, 41, 74, 71, 22, 22.18%, 0, 21, 3, 0.25, 5416, 440
14111, 0, 41, 74, 71, 22, 22.18%, 0, 21, 3, 0.24, 5417, 440
14121, 0, 41, 74, 71, 22, 22.18%, 0, 21, 3, 0.26, 5422, 440
14131, 0, 41, 74, 71, 22, 22.18%, 0, 21, 3, 0.26, 5425, 440
14141, 0, 41, 74, 71, 22, 22.18%, 0, 21, 3, 0.30, 5438, 440
14151, 0, 41, 74, 71, 22, 22.18%, 0, 21, 3, 0.29, 5439, 440
14161, 0, 41, 74, 71, 22, 22.18%, 0, 21, 3, 0.31, 5446, 440
14172, 0, 41, 74, 71, 22, 22.18%, 0, 21, 3, 0.30, 5448, 440
14182, 0, 41, 74, 71, 22, 22.18%, 0, 21, 3, 0.29, 5449, 440
14192, 0, 41, 74, 71, 22, 22.18%, 0, 21, 3, 0.28, 5450, 440
14202, 0, 41, 74, 71, 22, 22.18%, 0, 21, 3, 0.28, 5453, 440
14212, 0, 41, 74, 71, 22, 22.18%, 0, 21, 3, 0.29, 5457, 440
14222, 0, 41, 74, 71, 22, 22.18%, 0, 21, 3, 0.29, 5460, 440
14232, 0, 41, 74, 71, 22, 22.18%, 0, 21, 3, 0.28, 5462, 440
14242, 0, 41, 74, 71, 22, 22.18%, 0, 21, 3, 0.28, 5464, 440
14252, 0, 41, 74, 71, 22, 22.18%, 0, 21, 3, 0.27, 5466, 440
14262, 0, 41, 74, 71, 22, 22.18%, 0, 21, 3, 0.27, 5469, 440
14272, 0, 41, 74, 71, 22, 22.18%, 0, 21, 3, 0.26, 5470, 440
14282, 0, 41, 74, 71, 22, 22.18%, 0, 21, 3, 0.27, 5474, 440
14292, 0, 41, 74, 71, 22, 22.18%, 0, 21, 3, 0.30, 5481, 440
14302, 0, 41, 74, 71, 22, 22.18%, 0, 21, 3, 0.29, 5483, 440
14312, 0, 41, 74, 71, 22, 22.18%, 0, 21, 3, 0.28, 5484, 440
14322, 0, 41, 74, 71, 22, 22.18%, 0, 21, 3, 0.32, 5493, 440
14332, 0, 41, 74, 71, 22, 22.18%, 0, 21, 3, 0.31, 5495, 440
14342, 0, 41, 74, 71, 22, 22.18%, 0, 21, 3, 0.30, 5497, 440
14352, 0, 41, 74, 71, 22, 22.18%, 0, 21, 3, 0.30, 5499, 440
14363, 0, 41, 74, 71, 22, 22.18%, 0, 21, 3, 0.32, 5506, 440
14373, 0, 41, 74, 71, 22, 22.18%, 0, 21, 3, 0.31, 5507, 440
14383, 0, 41, 74, 71, 22, 22.18%, 0, 21, 3, 0.30, 5509, 440
14393, 0, 41, 74, 71, 22, 22.18%, 0, 21, 3, 0.29, 5510, 440
14403, 0, 41, 74, 71, 22, 22.18%, 0, 21, 3, 0.28, 5511, 440
14413, 0, 41, 74, 71, 22, 22.18%, 0, 21, 3, 0.27, 5513, 440
14423, 0, 41, 74, 71, 22, 22.18%, 0, 21, 3, 0.28, 5517, 440
14433, 0, 41, 74, 71, 22, 22.18%, 0, 21, 3, 0.27, 5518, 440
14443, 0, 41, 74, 71, 22, 22.18%, 0, 21, 3, 0.26, 5519, 440
14453, 0, 41, 74, 71, 22, 22.18%, 0, 21, 3, 0.25, 5520, 440
14463, 0, 41, 74, 71, 22, 22.18%, 0, 21, 3, 0.24, 5522, 440
14473, 0, 41, 74, 71, 22, 22.18%, 0, 21, 3, 0.24, 5523, 440
14483, 0, 41, 74, 71, 22, 22.18%, 0, 21, 3, 0.23, 5524, 440
14493, 0, 41, 74, 71, 22, 22.18%, 0, 21, 3, 0.24, 5528, 440
14503, 0, 41, 74, 71, 22, 22.18%, 0, 21, 3, 0.23, 5529, 440
14513, 0, 41, 74, 71, 22, 22.18%, 0, 21, 3, 0.23, 5532, 440
14523, 0, 41, 74, 71, 22, 22.18%, 0, 21, 3, 0.23, 5533, 440
14533, 0, 41, 74, 71, 22, 22.18%, 0, 21, 3, 0.24, 5538, 440
14543, 0, 41, 74, 71, 22, 22.18%, 0, 21, 3, 0.25, 5541, 440
14553, 0, 41, 74, 71, 22, 22.18%, 0, 21, 3, 0.26, 5545, 440
14564, 0, 41, 74, 71, 22, 22.18%, 0, 21, 3, 0.27, 5550, 440
14574, 0, 41, 74, 71, 22, 22.18%, 0, 21, 3, 0.27, 5553, 440
14584, 0, 41, 74, 71, 22, 22.18%, 0, 21, 3, 0.27, 5555, 440
14594, 0, 41, 74, 71, 22, 22.18%, 0, 21, 3, 0.26, 5556, 440
14604, 0, 41, 74, 71, 22, 22.18%, 0, 21, 3, 0.25, 5558, 440
14614, 0, 41, 74, 71, 22, 22.18%, 0, 21, 3, 0.25, 5560, 440
14624, 0, 41, 74, 71, 22, 22.18%, 0, 21, 3, 0.25, 5563, 440
14634, 0, 41, 74, 71, 22, 22.18%, 0, 21, 3, 0.27, 5569, 440
14644, 0, 41, 74, 71, 22, 22.18%, 0, 21, 3, 0.26, 5570, 440
14654, 0, 41, 74, 71, 22, 22.18%, 0, 21, 3, 0.25, 5571, 440
14664, 0, 41, 74, 71, 22, 22.18%, 0, 21, 3, 0.26, 5574, 440
14674, 0, 41, 74, 71, 22, 22.18%, 0, 21, 3, 0.25, 5575, 440
14684, 0, 41, 74, 71, 22, 22.18%, 0, 21, 3, 0.24, 5577, 440
14694, 0, 41, 74, 71, 22, 22.18%, 0, 21, 3, 0.23, 5578, 440
14704, 0, 41, 74, 71, 22, 22.18%, 0, 21, 3, 0.23, 5580, 440
14714, 0, 41, 74, 71, 22, 22.18%, 0, 21, 3, 0.24, 5584, 440
14724, 0, 41, 74, 71, 22, 22.18%, 0, 21, 3, 0.24, 5586, 440
14734, 0, 41, 74, 71, 22, 22.18%, 0, 21, 3, 0.23, 5587, 440
14744, 0, 41, 74, 71, 22, 22.18%, 0, 21, 3, 0.22, 5588, 440
14754, 0, 41, 74, 71, 22, 22.18%, 0, 21, 3, 0.24, 5593, 440
14764, 0, 41, 74, 71, 22, 22.18%, 0, 21, 3, 0.24, 5595, 440
14774, 0, 41, 74, 71, 22, 22.18%, 0, 21, 3, 0.23, 5596, 440
14784, 0, 41, 74, 71, 22, 22.18%, 0, 21, 3, 0.22, 5597, 440
14795, 0, 41, 74, 71, 22, 22.18%, 0, 21, 3, 0.23, 5600, 440
14805, 0, 41, 74, 71, 22, 22.18%, 0, 21, 3, 0.22, 5602, 440
14815, 0, 41, 74, 71, 22, 22.18%, 0, 21, 3, 0.22, 5603, 440
14825, 0, 41, 74, 71, 22, 22.18%, 0, 21, 3, 0.22, 5606, 440
14835, 0, 41, 74, 71, 22, 22.18%, 0, 21, 3, 0.21, 5607, 440
14845, 0, 41, 74, 71, 22, 22.18%, 0, 21, 3, 0.21, 5608, 440
14855, 0, 41, 74, 71, 22, 22.18%, 0, 21, 3, 0.21, 5611, 440
14865, 0, 41, 75, 72, 22, 22.18%, 0, 21, 3, 0.25, 5620, 440
14875, 0, 41, 75, 72, 22, 22.18%, 0, 22, 3, 0.24, 5621, 440
14885, 0, 41, 75, 72, 22, 22.18%, 0, 22, 3, 0.24, 5622, 440
14895, 0, 41, 75, 72, 22, 22.18%, 0, 22, 3, 0.23, 5623, 440
14905, 0, 41, 75, 72, 22, 22.18%, 0, 22, 3, 0.22, 5624, 440
14915, 0, 41, 75, 72, 22, 22.18%, 0, 22, 3, 0.22, 5626, 440
14925, 0, 41, 75, 72, 22, 22.18%, 0, 22, 3, 0.21, 5627, 440
14935, 0, 41, 75, 72, 22, 22.18%, 0, 22, 3, 0.23, 5632, 440
14945, 0, 41, 75, 72, 22, 22.18%, 0, 22, 3, 0.24, 5636, 440
14955, 0, 41, 75, 72, 22, 22.18%, 0, 22, 3, 0.23, 5637, 440
14965, 0, 41, 75, 72, 22, 22.18%, 0, 22, 3, 0.22, 5638, 440
14975, 0, 41, 75, 72, 22, 22.18%, 0, 22, 3, 0.22, 5640, 440
14985, 0, 41, 75, 72, 22, 22.18%, 0, 22, 3, 0.22, 5642, 440
14995, 0, 41, 75, 72, 22, 22.18%, 0, 22, 3, 0.21, 5643, 440
15005, 0, 41, 75, 72, 22, 22.18%, 0, 22, 3, 0.21, 5645, 440
15015, 0, 41, 75, 72, 22, 22.18%, 0, 22, 3, 0.21, 5647, 440
15025, 0, 41, 75, 72, 22, 22.18%, 0, 22, 3, 0.26, 5657, 440
15036, 0, 41, 75, 72, 22, 22.18%, 0, 22, 3, 0.27, 5661, 440
15046, 0, 41, 75, 72, 22, 22.18%, 0, 22, 3, 0.27, 5664, 440
15056, 0, 41, 75, 72, 22, 22.18%, 0, 22, 3, 0.26, 5665, 440
15066, 0, 41, 75, 72, 22, 22.18%, 0, 22, 3, 0.27, 5669, 440
15076, 0, 41, 75, 72, 22, 22.18%, 0, 22, 3, 0.26, 5670, 440
15086, 0, 41, 75, 72, 22, 22.18%, 0, 22, 3, 0.25, 5671, 440
15096, 0, 41, 75, 72, 22, 22.18%, 0, 22, 3, 0.25, 5674, 440
15106, 0, 41, 75, 72, 22, 22.18%, 0, 22, 3, 0.25, 5676, 440
15116, 0, 41, 75, 72, 22, 22.18%, 0, 22, 3, 0.26, 5681, 440
15126, 0, 41, 75, 72, 22, 22.18%, 0, 22, 3, 0.25, 5682, 440
15136, 0, 41, 75, 72, 22, 22.18%, 0, 22, 3, 0.26, 5686, 440
15146, 0, 41, 75, 72, 22, 22.18%, 0, 22, 3, 0.25, 5687, 440
15156, 0, 41, 75, 72, 22, 22.18%, 0, 22, 3, 0.24, 5688, 440
15166, 0, 41, 75, 72, 22, 22.18%, 0, 22, 3, 0.27, 5695, 440
15176, 0, 41, 75, 72, 22, 22.18%, 0, 22, 3, 0.26, 5696, 440
15186, 0, 41, 75, 72, 22, 22.18%, 0, 22, 3, 0.26, 5698, 440
15196, 0, 41, 75, 72, 22, 22.18%, 0, 22, 3, 0.25, 5699, 440
15206, 0, 41, 75, 72, 22, 22.18%, 0, 22, 3, 0.26, 5703, 440
15216, 0, 41, 75, 72, 22, 22.18%, 0, 22, 3, 0.26, 5706, 440
15226, 0, 41, 75, 72, 22, 22.18%, 0, 22, 3, 0.28, 5712, 440
15236, 0, 41, 75, 72, 22, 22.18%, 0, 22, 3, 0.27, 5713, 440
15247, 0, 41, 75, 72, 22, 22.18%, 0, 22, 3, 0.26, 5715, 440
15257, 0, 41, 75, 72, 22, 22.18%, 0, 22, 3, 0.25, 5716, 440
15267, 0, 41, 75, 72, 22, 22.18%, 0, 22, 3, 0.24, 5717, 440
15277, 0, 41, 75, 72, 22, 22.18%, 0, 22, 3, 0.23, 5718, 440
15287, 0, 41, 75, 72, 22, 22.18%, 0, 22, 3, 0.28, 5727, 440
15297, 0, 41, 75, 72, 22, 22.18%, 0, 22, 3, 0.29, 5732, 440
15307, 0, 41, 75, 72, 22, 22.18%, 0, 22, 3, 0.28, 5733, 440
15317, 0, 41, 75, 72, 22, 22.18%, 0, 22, 3, 0.27, 5735, 440
15327, 0, 41, 75, 72, 22, 22.18%, 0, 22, 3, 0.28, 5739, 440
15337, 0, 41, 75, 72, 22, 22.18%, 0, 22, 3, 0.28, 5741, 440
15347, 0, 41, 75, 72, 22, 22.18%, 0, 22, 3, 0.31, 5749, 440
15357, 0, 41, 75, 72, 22, 22.18%, 0, 22, 3, 0.31, 5753, 440
15367, 0, 41, 75, 72, 22, 22.18%, 0, 22, 3, 0.30, 5754, 440
15377, 0, 41, 75, 72, 22, 22.18%, 0, 22, 3, 0.30, 5757, 440
15387, 0, 41, 75, 72, 22, 22.18%, 0, 22, 3, 0.29, 5759, 440
15397, 0, 41, 75, 72, 22, 22.18%, 0, 22, 3, 0.29, 5762, 440
15407, 0, 41, 75, 72, 22, 22.18%, 0, 22, 3, 0.29, 5765, 440
15417, 0, 41, 75, 72, 22, 22.18%, 0, 22, 3, 0.29, 5767, 440
15428, 0, 41, 75, 72, 22, 22.18%, 0, 22, 3, 0.28, 5768, 440
15438, 0, 41, 75, 72, 22, 22.18%, 0, 22, 3, 0.30, 5774, 440
15448, 0, 41, 75, 72, 22, 22.18%, 0, 22, 3, 0.31, 5779, 440
15458, 0, 41, 75, 72, 22, 22.18%, 0, 22, 3, 0.31, 5782, 440
15468, 0, 41, 75, 72, 22, 22.18%, 0, 22, 3, 0.30, 5784, 440
15478, 0, 41, 75, 72, 22, 22.18%, 0, 22, 3, 0.29, 5786, 440
15488, 0, 41, 75, 72, 22, 22.18%, 0, 22, 3, 0.28, 5787, 440
15498, 0, 41, 75, 72, 22, 22.18%, 0, 22, 3, 0.30, 5792, 440
15508, 0, 41, 75, 72, 22, 22.18%, 0, 22, 3, 0.29, 5794, 440
15518, 0, 41, 75, 72, 22, 22.18%, 0, 22, 3, 0.10, 5803, 440
15528, 0, 41, 75, 72, 22, 22.18%, 0, 22, 3, 0.10, 5804, 440
15538, 0, 41, 75, 72, 22, 22.18%, 0, 22, 3, 0.10, 5805, 440
15548, 0, 41, 75, 72, 22, 22.18%, 0, 22, 3, 0.10, 5806, 440
15558, 0, 41, 75, 72, 22, 22.18%, 0, 22, 3, 0.12, 5810, 440
15568, 0, 41, 75, 72, 22, 22.18%, 0, 22, 3, 0.12, 5812, 440
15578, 0, 41, 75, 72, 22, 22.18%, 0, 22, 3, 0.13, 5814, 440
15588, 0, 41, 75, 72, 22, 22.18%, 0, 22, 3, 0.13, 5815, 440
15598, 0, 41, 75, 72, 22, 22.18%, 0, 22, 3, 0.13, 5817, 440
15608, 0, 41, 75, 72, 22, 22.18%, 0, 22, 3, 0.13, 5818, 440
15619, 0, 41, 75, 72, 22, 22.18%, 0, 22, 3, 0.13, 5819, 440
15629, 0, 41, 75, 72, 22, 22.18%, 0, 22, 3, 0.13, 5820, 440
15639, 0, 41, 75, 72, 22, 22.18%, 0, 22, 3, 0.98, 5830, 440
15649, 0, 41, 75, 72, 22, 22.18%, 0, 22, 3, 0.96, 5836, 440
15659, 0, 41, 75, 72, 22, 22.18%, 0, 22, 3, 0.10, 5837, 440
15669, 0, 41, 75, 72, 22, 22.18%, 0, 22, 3, 0.11, 5839, 440
15679, 0, 41, 75, 72, 22, 22.18%, 0, 22, 3, 0.11, 5840, 440
15689, 0, 41, 75, 72, 22, 22.18%, 0, 22, 3, 0.11, 5842, 440
15699, 0, 41, 75, 72, 22, 22.18%, 0, 22, 3, 0.12, 5845, 440
15709, 0, 41, 75, 72, 22, 22.18%, 0, 22, 3, 0.30, 5859, 440
15719, 0, 41, 75, 72, 22, 22.18%, 0, 22, 3, 0.29, 5861, 440
15729, 0, 41, 75, 72, 22, 22.18%, 0, 22, 3, 0.29, 5864, 440
15739, 0, 41, 75, 72, 22, 22.18%, 0, 22, 3, 0.29, 5867, 440
15749, 0, 41, 75, 72, 22, 22.18%, 0, 22, 3, 0.28, 5868, 440
15759, 0, 41, 75, 72, 22, 22.18%, 0, 22, 3, 0.27, 5869, 440
15769, 0, 41, 75, 72, 22, 22.18%, 0, 22, 3, 0.26, 5870, 440
15779, 0, 41, 75, 72, 22, 22.18%, 0, 22, 3, 0.27, 5874, 440
15789, 0, 41, 75, 72, 22, 22.18%, 0, 22, 3, 0.26, 5876, 440
15800, 0, 41, 75, 72, 22, 22.18%, 0, 22, 3, 0.25, 5877, 440
15810, 0, 41, 75, 72, 22, 22.18%, 0, 22, 3, 0.27, 5883, 440
15820, 0, 41, 75, 72, 22, 22.18%, 0, 22, 3, 0.26, 5884, 440
15830, 0, 41, 75, 72, 22, 22.18%, 0, 22, 3, 0.40, 5891, 440
15840, 0, 41, 75, 72, 22, 22.18%, 0, 22, 3, 0.39, 5894, 440
15850, 0, 41, 75, 72, 22, 22.18%, 0, 22, 3, 0.37, 5895, 440
15860, 0, 41, 75, 72, 22, 22.18%, 0, 22, 3, 0.36, 5897, 440
15870, 0, 41, 75, 72, 22, 22.18%, 0, 22, 3, 0.35, 5898, 440
15880, 0, 41, 75, 72, 22, 22.18%, 0, 22, 3, 0.34, 5900, 440
15890, 0, 41, 75, 72, 22, 22.18%, 0, 22, 3, 0.33, 5903, 440
15900, 0, 41, 75, 72, 22, 22.18%, 0, 22, 3, 0.34, 5907, 440
15910, 0, 41, 75, 72, 22, 22.18%, 0, 22, 3, 0.32, 5908, 440
15920, 0, 41, 75, 72, 22, 22.18%, 0, 22, 3, 0.31, 5909, 440
15930, 0, 41, 75, 72, 22, 22.18%, 0, 22, 3, 0.30, 5910, 440
15940, 0, 41, 75, 72, 22, 22.18%, 0, 22, 3, 0.28, 5911, 440
15950, 0, 41, 75, 72, 22, 22.18%, 0, 22, 3, 0.29, 5915, 440
15960, 0, 41, 75, 72, 22, 22.18%, 0, 22, 3, 0.28, 5916, 440
15970, 0, 41, 75, 72, 22, 22.18%, 0, 22, 3, 0.27, 5917, 440
15981, 0, 41, 75, 72, 22, 22.18%, 0, 22, 3, 0.28, 5921, 440
15991, 0, 41, 75, 72, 22, 22.18%, 0, 22, 3, 0.26, 5922, 440
16001, 0, 41, 75, 72, 22, 22.18%, 0, 22, 3, 0.25, 5923, 440
16011, 0, 41, 75, 72, 22, 22.18%, 0, 22, 3, 0.25, 5925, 440
16021, 0, 41, 75, 72, 22, 22.18%, 0, 22, 3, 0.28, 5933, 440
16031, 0, 41, 75, 72, 22, 22.18%, 0, 22, 3, 0.27, 5934, 440
16041, 0, 41, 75, 72, 22, 22.18%, 0, 22, 3, 0.27, 5936, 440
16051, 0, 41, 75, 72, 22, 22.18%, 0, 22, 3, 0.27, 5939, 440
16061, 0, 41, 75, 72, 22, 22.18%, 0, 22, 3, 0.27, 5941, 440
16071, 0, 41, 75, 72, 22, 22.18%, 0, 22, 3, 0.26, 5942, 440
16081, 0, 41, 75, 72, 22, 22.18%, 0, 22, 3, 0.25, 5943, 440
16091, 0, 41, 75, 72, 22, 22.18%, 0, 22, 3, 0.24, 5944, 440
16101, 0, 41, 75, 72, 22, 22.18%, 0, 22, 3, 0.26, 5951, 440
16111, 0, 41, 75, 72, 22, 22.18%, 0, 22, 3, 0.27, 5954, 440
16121, 0, 41, 75, 72, 22, 22.18%, 0, 22, 3, 0.27, 5958, 440
16131, 0, 41, 75, 72, 22, 22.18%, 0, 22, 3, 0.26, 5959, 440
16141, 0, 41, 75, 72, 22, 22.18%, 0, 22, 3, 0.27, 5962, 440
16151, 0, 41, 75, 72, 22, 22.18%, 0, 22, 3, 0.26, 5964, 440
16162, 0, 41, 75, 72, 22, 22.18%, 0, 22, 3, 0.32, 5976, 440
16172, 0, 41, 75, 72, 22, 22.18%, 0, 22, 3, 0.31, 5977, 440
16182, 0, 41, 75, 72, 22, 22.18%, 0, 22, 3, 0.29, 5978, 440
16192, 0, 41, 75, 72, 22, 22.18%, 0, 22, 3, 0.29, 5980, 440
16202, 0, 41, 75, 72, 22, 22.18%, 0, 22, 3, 0.28, 5982, 440
16212, 0, 41, 75, 72, 22, 22.18%, 0, 22, 3, 0.27, 5983, 440
16222, 0, 41, 76, 73, 22, 22.18%, 0, 22, 3, 0.33, 5996, 440
16232, 0, 41, 76, 73, 22, 22.18%, 0, 22, 3, 0.32, 5997, 440
16242, 0, 41, 76, 73, 22, 22.18%, 0, 22, 3, 0.32, 6000, 440
16252, 0, 41, 76, 73, 22, 22.18%, 0, 22, 3, 0.33, 6006, 440
16262, 0, 41, 76, 73, 22, 22.18%, 0, 22, 3, 0.36, 6013, 440
16272, 0, 41, 76, 73, 22, 22.18%, 0, 22, 3, 0.34, 6014, 440
16282, 0, 41, 76, 73, 22, 22.18%, 0, 22, 3, 0.37, 6023, 440
16292, 0, 41, 76, 73, 22, 22.18%, 0, 22, 3, 0.36, 6024, 440
16302, 0, 41, 76, 73, 22, 22.18%, 0, 22, 3, 0.35, 6026, 440
16312, 0, 41, 76, 73, 22, 22.18%, 0, 22, 3, 0.34, 6028, 440
16322, 0, 41, 76, 73, 22, 22.18%, 0, 22, 3, 0.32, 6029, 440
16332, 0, 41, 76, 73, 22, 22.18%, 0, 22, 3, 0.32, 6031, 440
16343, 0, 41, 76, 73, 22, 22.18%, 0, 22, 3, 0.31, 6034, 440
16353, 0, 41, 76, 73, 22, 22.18%, 0, 22, 3, 0.30, 6035, 440
16363, 0, 41, 76, 73, 22, 22.18%, 0, 22, 3, 0.29, 6036, 440
16373, 0, 41, 76, 73, 22, 22.18%, 0, 22, 3, 0.28, 6038, 440
16383, 0, 41, 76, 73, 22, 22.18%, 0, 22, 3, 0.31, 6045, 440
16393, 0, 41, 76, 73, 22, 22.18%, 0, 22, 3, 0.32, 6050, 440
16403, 0, 41, 76, 73, 22, 22.18%, 0, 22, 3, 0.31, 6051, 440
16413, 0, 41, 76, 73, 22, 22.18%, 0, 22, 3, 0.32, 6057, 440
16423, 0, 41, 76, 73, 22, 22.18%, 0, 22, 3, 0.33, 6061, 440
16433, 0, 41, 76, 73, 22, 22.18%, 0, 22, 3, 0.32, 6063, 440
16443, 0, 41, 76, 73, 22, 22.18%, 0, 22, 3, 0.33, 6067, 440
16453, 0, 41, 76, 73, 22, 22.18%, 0, 22, 3, 0.31, 6068, 440
16463, 0, 41, 76, 73, 22, 22.18%, 0, 22, 3, 0.30, 6070, 440
16473, 0, 41, 76, 73, 22, 22.18%, 0, 22, 3, 0.30, 6072, 440
16483, 0, 41, 76, 73, 22, 22.18%, 0, 22, 3, 0.30, 6076, 440
16493, 0, 41, 76, 73, 22, 22.18%, 0, 22, 3, 0.29, 6077, 440
16503, 0, 41, 76, 73, 22, 22.18%, 0, 22, 3, 0.28, 6078, 440
16513, 0, 41, 76, 73, 22, 22.18%, 0, 22, 3, 0.28, 6081, 440
16523, 0, 41, 76, 73, 22, 22.18%, 0, 22, 3, 0.27, 6082, 440
16533, 0, 41, 76, 73, 22, 22.18%, 0, 22, 3, 0.26, 6083, 440
