# relative_time, cycles_done, cur_item, corpus_count, pending_total, pending_favs, map_size, saved_crashes, saved_hangs, max_depth, execs_per_sec, total_execs, edges_found
70, 0, 0, 11, 11, 1, 14.04%, 0, 0, 2, 0.60, 131, 25
76, 0, 0, 21, 21, 1, 15.73%, 0, 0, 2, 131.73, 797, 28
81, 0, 0, 23, 23, 1, 15.73%, 0, 0, 2, 155.83, 1827, 28
86, 0, 0, 27, 27, 1, 16.29%, 0, 0, 2, 201.98, 2744, 29
91, 0, 0, 30, 30, 1, 16.29%, 0, 0, 2, 200.65, 3812, 29
96, 0, 0, 31, 31, 1, 16.29%, 0, 0, 2, 97.57, 4914, 29
119, 0, 0, 33, 33, 1, 16.29%, 0, 0, 2, 1.43, 5786, 29
124, 0, 0, 33, 33, 1, 16.29%, 0, 1, 2, 165.27, 6627, 29
129, 0, 0, 34, 34, 1, 16.29%, 0, 1, 2, 233.23, 7591, 29
135, 0, 0, 35, 35, 1, 17.98%, 0, 2, 2, 8.58, 8579, 32
140, 0, 0, 35, 35, 1, 17.98%, 0, 3, 2, 159.23, 9301, 32
145, 0, 0, 36, 36, 1, 20.22%, 0, 3, 2, 141.66, 10502, 36
150, 0, 0, 38, 38, 1, 22.47%, 0, 3, 2, 60.79, 10780, 40
155, 0, 0, 39, 39, 1, 22.47%, 0, 3, 2, 44.72, 11020, 40
160, 0, 0, 41, 41, 1, 22.47%, 0, 3, 2, 59.61, 11319, 40
165, 0, 0, 41, 41, 1, 22.47%, 0, 3, 2, 65.31, 11652, 40
170, 0, 0, 41, 41, 1, 22.47%, 0, 3, 2, 63.23, 11982, 40
175, 0, 0, 41, 41, 1, 22.47%, 0, 3, 2, 79.14, 12374, 40
180, 0, 0, 41, 41, 1, 22.47%, 0, 3, 2, 95.19, 12883, 40
186, 0, 0, 41, 41, 1, 22.47%, 0, 3, 2, 55.90, 13304, 40
191, 0, 12, 42, 40, 7, 22.47%, 0, 4, 3, 404.18, 14191, 40
197, 0, 1, 44, 41, 6, 22.47%, 0, 4, 3, 91.07, 14611, 40
202, 0, 25, 46, 42, 5, 22.47%, 0, 5, 3, 178.38, 15525, 40
86406, 0, 27, 48, 42, 3, 23.03%, 0, 5, 3, 0.00, 16325, 41
