2227;2227;6162;6867;7463;9165;10265;
2227;2227;6162;6867;7463;9165;10265;
7194;7264;8788;10252;
2227;2227;6162;6867;7463;9165;10265;
2227;2227;6162;6867;7463;9165;10265;
2227;2227;6162;6867;7463;9165;10265;
2227;2227;6162;6867;7463;9165;10265;
7194;7264;8788;10252;
2227;2227;6162;6867;7463;9165;10265;
2227;2227;6162;6867;7463;9165;10265;
2227;2227;6162;6867;7463;9165;10265;
7194;7264;8788;10252;
2227;2227;6162;6867;7463;9165;10265;
2227;2227;6162;6867;7463;9165;10265;
2227;2227;6162;6867;7463;9165;10265;
2227;2227;6162;6867;7463;9165;10265;
2227;2227;6162;6867;7463;9165;10265;
2227;2227;6162;6867;7463;9165;10265;
2227;2227;6162;6867;7463;9165;10265;
2227;2227;6162;6867;7463;9165;10265;
no error
7194;7264;8788;10252;
2227;2227;6162;6867;7463;9165;10265;
2227;2227;6162;6867;7463;9165;10265;
2227;2227;6162;6867;7463;9165;10265;
2227;2227;6162;6867;7463;9165;10265;
2227;2227;6162;6867;7463;9165;10265;
2227;2227;6162;6867;7463;9165;10265;
no error
2227;2227;6162;6867;7463;9165;10265;
6848;7738;9405;10329;
no error
no error
2227;2227;6162;6867;7463;9165;10265;
no error
2227;2227;6162;6867;7463;9165;10265;
2227;2227;6162;6867;7463;9165;10265;
7194;7264;8788;10252;
2227;2227;6162;6867;7463;9165;10265;
2227;2227;6162;6867;7463;9165;10265;
2227;2227;6162;6867;7463;9165;10265;
2227;2227;6162;6867;7463;9165;10265;
2227;2227;6162;6867;7463;9165;10265;
2227;2227;6162;6867;7463;9165;10265;
7194;7264;8788;10252;
no error
2227;2227;6162;6867;7463;9165;10265;
2227;2227;6162;6867;7463;9165;10265;
2227;2227;6162;6867;7463;9165;10265;
2227;2227;6162;6867;7463;9165;10265;
2227;2227;6162;6867;7463;9165;10265;
2227;2227;6162;6867;7463;9165;10265;
2227;2227;6162;6867;7463;9165;10265;
9876;9876;
no error
2227;2227;6162;6867;7463;9165;10265;
2227;2227;6162;6867;7463;9165;10265;
2227;2227;6162;6867;7463;9165;10265;
2227;2227;6162;6867;7463;9165;10265;
no error
7194;7264;8788;10252;
2227;2227;6162;6867;7463;9165;10265;
2227;2227;6162;6867;7463;9165;10265;
2227;2227;6162;6867;7463;9165;10265;
2227;2227;6162;6867;7463;9165;10265;
2227;2227;6162;6867;7463;9165;10265;
no error
no error
2227;2227;6162;6867;7463;9165;10265;
2227;2227;6162;6867;7463;9165;10265;
2227;2227;6162;6867;7463;9165;10265;
7194;7264;8788;10252;
2227;2227;6162;6867;7463;9165;10265;
2227;2227;6162;6867;7463;9165;10265;
2227;2227;6162;6867;7463;9165;10265;
2227;2227;6162;6867;7463;9165;10265;
no error
2227;2227;6162;6867;7463;9165;10265;
2227;2227;6162;6867;7463;9165;10265;
2227;2227;6162;6867;7463;9165;10265;
2227;2227;6162;6867;7463;9165;10265;
2227;2227;6162;6867;7463;9165;10265;
2227;2227;6162;6867;7463;9165;10265;
7194;7264;8788;10252;
2227;2227;6162;6867;7463;9165;10265;
no error
2227;2227;6162;6867;7463;9165;10265;
2227;2227;6162;6867;7463;9165;10265;
2227;2227;6162;6867;7463;9165;10265;
2227;2227;6162;6867;7463;9165;10265;
2227;2227;6162;6867;7463;9165;10265;
2227;2227;6162;6867;7463;9165;10265;
2227;2227;6162;6867;7463;9165;10265;
2227;2227;6162;6867;7463;9165;10265;
7194;7264;8788;10252;
2227;2227;6162;6867;7463;9165;10265;
2272;2272;6162;6867;7463;9165;10265;
2227;2227;6162;6867;7463;9165;10265;
2227;2227;6162;6867;7463;9165;10265;
9876;9876;
2227;2227;6162;6867;7463;9165;10265;
2227;2227;6162;6867;7463;9165;10265;
2227;2227;6162;6867;7463;9165;10265;
2227;2227;6162;6867;7463;9165;10265;
2227;2227;6162;6867;7463;9165;10265;
2227;2227;6162;6867;7463;9165;10265;
9876;9876;
2227;2227;6162;6867;7463;9165;10265;
2227;2227;6162;6867;7463;9165;10265;
no error
2227;2227;6162;6867;7463;9165;10265;
2227;2227;6162;6867;7463;9165;10265;
2227;2227;6162;6867;7463;9165;10265;
no error
2227;2227;6162;6867;7463;9165;10265;
2227;2227;6162;6867;7463;9165;10265;
2227;2227;6162;6867;7463;9165;10265;
no error
2227;2227;6162;6867;7463;9165;10265;
7194;7264;8788;10252;
2227;2227;6162;6867;7463;9165;10265;
2227;2227;6162;6867;7463;9165;10265;
no error
2227;2227;6162;6867;7463;9165;10265;
2227;2227;6162;6867;7463;9165;10265;
2227;2227;6162;6867;7463;9165;10265;
2227;2227;6162;6867;7463;9165;10265;
2227;2227;6162;6867;7463;9165;10265;
no error
no error
no error
no error
2227;2227;6162;6867;7463;9165;10265;
2227;2227;6162;6867;7463;9165;10265;
2227;2227;6162;6867;7463;9165;10265;
9876;9876;
2227;2227;6162;6867;7463;9165;10265;
no error
2227;2227;6162;6867;7463;9165;10265;
2227;2227;6162;6867;7463;9165;10265;
2227;2227;6162;6867;7463;9165;10265;
2227;2227;6162;6867;7463;9165;10265;
no error
445;445;4018;4572;5185;5308;6525;7288;8788;10252;
no error
2227;2227;6162;6867;7463;9165;10265;
2227;2227;6162;6867;7463;9165;10265;
7194;7264;8788;10252;
2227;2227;6162;6867;7463;9165;10265;
no error
2227;2227;6162;6867;7463;9165;10265;
2227;2227;6162;6867;7463;9165;10265;
2227;2227;6162;6867;7463;9165;10265;
2227;2227;6162;6867;7463;9165;10265;
2227;2227;6162;6867;7463;9165;10265;
9876;9876;
2227;2227;6162;6867;7463;9165;10265;
no error
no error
2227;2227;6162;6867;7463;9165;10265;
2227;2227;6162;6867;7463;9165;10265;
2227;2227;6162;6867;7463;9165;10265;
2227;2227;6162;6867;7463;9165;10265;
no error
2227;2227;6162;6867;7463;9165;10265;
2227;2227;6162;6867;7463;9165;10265;
2227;2227;6162;6867;7463;9165;10265;
2227;2227;6162;6867;7463;9165;10265;
2227;2227;6162;6867;7463;9165;10265;
2227;2227;6162;6867;7463;9165;10265;
7194;7264;8788;10252;
2227;2227;6162;6867;7463;9165;10265;
2227;2227;6162;6867;7463;9165;10265;
2227;2227;6162;6867;7463;9165;10265;
2227;2227;6162;6867;7463;9165;10265;
no error
2227;2227;6162;6867;7463;9165;10265;
2227;2227;6162;6867;7463;9165;10265;
2227;2227;6162;6867;7463;9165;10265;
7194;7264;8788;10252;
no error
2227;2227;6162;6867;7463;9165;10265;
2227;2227;6162;6867;7463;9165;10265;
2227;2227;6162;6867;7463;9165;10265;
no error
2227;2227;6162;6867;7463;9165;10265;
2227;2227;6162;6867;7463;9165;10265;
2227;2227;6162;6867;7463;9165;10265;
2227;2227;6162;6867;7463;9165;10265;
2227;2227;6162;6867;7463;9165;10265;
2227;2227;6162;6867;7463;9165;10265;
2227;2227;6162;6867;7463;9165;10265;
2227;2227;6162;6867;7463;9165;10265;
2227;2227;6162;6867;7463;9165;10265;
no error
7194;7264;8788;10252;
2227;2227;6162;6867;7463;9165;10265;
2227;2227;6162;6867;7463;9165;10265;
2227;2227;6162;6867;7463;9165;10265;
2227;2227;6162;6867;7463;9165;10265;
2227;2227;6162;6867;7463;9165;10265;
no error
2227;2227;6162;6867;7463;9165;10265;
2227;2227;6162;6867;7463;9165;10265;
no error
2227;2227;6162;6867;7463;9165;10265;
no error
2227;2227;6162;6867;7463;9165;10265;
2227;2227;6162;6867;7463;9165;10265;
2227;2227;6162;6867;7463;9165;10265;
2227;2227;6162;6867;7463;9165;10265;
2227;2227;6162;6867;7463;9165;10265;
2227;2227;6162;6867;7463;9165;10265;
2227;2227;6162;6867;7463;9165;10265;
2227;2227;6162;6867;7463;9165;10265;
2227;2227;6162;6867;7463;9165;10265;
2227;2227;6162;6867;7463;9165;10265;
no error
9876;9876;
2227;2227;6162;6867;7463;9165;10265;
2227;2227;6162;6867;7463;9165;10265;
2227;2227;6162;6867;7463;9165;10265;
2227;2227;6162;6867;7463;9165;10265;
2227;2227;6162;6867;7463;9165;10265;
2227;2227;6162;6867;7463;9165;10265;
2227;2227;6162;6867;7463;9165;10265;
2227;2227;6162;6867;7463;9165;10265;
2227;2227;6162;6867;7463;9165;10265;
2227;2227;6162;6867;7463;9165;10265;
2227;2227;6162;6867;7463;9165;10265;
2227;2227;6162;6867;7463;9165;10265;
2227;2227;6162;6867;7463;9165;10265;
2227;2227;6162;6867;7463;9165;10265;
7194;7264;8788;10252;
2227;2227;6162;6867;7463;9165;10265;
7194;7264;8788;10252;
9876;9876;
2227;2227;6162;6867;7463;9165;10265;
no error
2227;2227;6162;6867;7463;9165;10265;
2227;2227;6162;6867;7463;9165;10265;
7194;7264;8788;10252;
2227;2227;6162;6867;7463;9165;10265;
2227;2227;6162;6867;7463;9165;10265;
2227;2227;6162;6867;7463;9165;10265;
2227;2227;6162;6867;7463;9165;10265;
7194;7264;8788;10252;
2227;2227;6162;6867;7463;9165;10265;
2227;2227;6162;6867;7463;9165;10265;
2227;2227;6162;6867;7463;9165;10265;
2227;2227;6162;6867;7463;9165;10265;
2227;2227;6162;6867;7463;9165;10265;
2227;2227;6162;6867;7463;9165;10265;
2227;2227;6162;6867;7463;9165;10265;
2227;2227;6162;6867;7463;9165;10265;
2227;2227;6162;6867;7463;9165;10265;
2227;2227;6162;6867;7463;9165;10265;
2227;2227;6162;6867;7463;9165;10265;
no error
2227;2227;6162;6867;7463;9165;10265;
no error
2227;2227;6162;6867;7463;9165;10265;
2227;2227;6162;6867;7463;9165;10265;
no error
2227;2227;6162;6867;7463;9165;10265;
2227;2227;6162;6867;7463;9165;10265;
2227;2227;6162;6867;7463;9165;10265;
2227;2227;6162;6867;7463;9165;10265;
2227;2227;6162;6867;7463;9165;10265;
2227;2227;6162;6867;7463;9165;10265;
2227;2227;6162;6867;7463;9165;10265;
2227;2227;6162;6867;7463;9165;10265;
2227;2227;6162;6867;7463;9165;10265;
2227;2227;6162;6867;7463;9165;10265;
2227;2227;6162;6867;7463;9165;10265;
2227;2227;6162;6867;7463;9165;10265;
2227;2227;6162;6867;7463;9165;10265;
2227;2227;6162;6867;7463;9165;10265;
445;445;4018;4572;5185;5308;6525;7288;8788;10229;
2227;2227;6162;6867;7463;9165;10265;
no error
2227;2227;6162;6867;7463;9165;10265;
2227;2227;6162;6867;7463;9165;10265;
2227;2227;6162;6867;7463;9165;10265;
2227;2227;6162;6867;7463;9165;10265;
2227;2227;6162;6867;7463;9165;10265;
2227;2227;6162;6867;7463;9165;10265;
2227;2227;6162;6867;7463;9165;10265;
2227;2227;6162;6867;7463;9165;10265;
2227;2227;6162;6867;7463;9165;10265;
2227;2227;6162;6867;7463;9165;10265;
2227;2227;6162;6867;7463;9165;10265;
2227;2227;6162;6867;7463;9165;10265;
2227;2227;6162;6867;7463;9165;10265;
no error
2227;2227;6162;6867;7463;9165;10265;
2227;2227;6162;6867;7463;9165;10265;
2227;2227;6162;6867;7463;9165;10265;
no error
2227;2227;6162;6867;7463;9165;10265;
2227;2227;6162;6867;7463;9165;10265;
no error
no error
2227;2227;6162;6867;7463;9165;10265;
2227;2227;6162;6867;7463;9165;10265;
2227;2227;6162;6867;7463;9165;10265;
2227;2227;6162;6867;7463;9165;10265;
no error
2227;2227;6162;6867;7463;9165;10265;
2227;2227;6162;6867;7463;9165;10265;
2227;2227;6162;6867;7463;9165;10265;
2227;2227;6162;6867;7463;9165;10265;
2227;2227;6162;6867;7463;9165;10265;
2227;2227;6162;6867;7463;9165;10265;
2227;2227;6162;6867;7463;9165;10265;
2227;2227;6162;6867;7463;9165;10265;
2227;2227;6162;6867;7463;9165;10265;
2227;2227;6162;6867;7463;9165;10265;
no error
2227;2227;6162;6867;7463;9165;10265;
2227;2227;6162;6867;7463;9165;10265;
2227;2227;6162;6867;7463;9165;10265;
no error
7194;7264;8788;10252;
no error
2227;2227;6162;6867;7463;9165;10265;
2227;2227;6162;6867;7463;9165;10265;
2227;2227;6162;6867;7463;9165;10265;
2227;2227;6162;6867;7463;9165;10265;
2227;2227;6162;6867;7463;9165;10265;
no error
2227;2227;6162;6867;7463;9165;10265;
7194;7264;8788;10252;
2227;2227;6162;6867;7463;9165;10265;
no error
2227;2227;6162;6867;7463;9165;10265;
2227;2227;6162;6867;7463;9165;10265;
2227;2227;6162;6867;7463;9165;10265;
2227;2227;6162;6867;7463;9165;10265;
2227;2227;6162;6867;7463;9165;10265;
2227;2227;6162;6867;7463;9165;10265;
2227;2227;6162;6867;7463;9165;10265;
2227;2227;6162;6867;7463;9165;10265;
2227;2227;6162;6867;7463;9165;10265;
7194;7264;8788;10252;
2227;2227;6162;6867;7463;9165;10265;
2227;2227;6162;6867;7463;9165;10265;
2227;2227;6162;6867;7463;9165;10265;
2227;2227;6162;6867;7463;9165;10265;
2227;2227;6162;6867;7463;9165;10265;
2227;2227;6162;6867;7463;9165;10265;
2227;2227;6162;6867;7463;9165;10265;
2227;2227;6162;6867;7463;9165;10265;
2227;2227;6162;6867;7463;9165;10265;
2227;2227;6162;6867;7463;9165;10265;
2227;2227;6162;6867;7463;9165;10265;
2227;2227;6162;6867;7463;9165;10265;
2227;2227;6162;6867;7463;9165;10265;
2227;2227;6162;6867;7463;9165;10265;
2227;2227;6162;6867;7463;9165;10265;
no error
2227;2227;6162;6867;7463;9165;10265;
no error
2227;2227;6162;6867;7463;9165;10265;
2227;2227;6162;6867;7463;9165;10265;
2227;2227;6162;6867;7463;9165;10265;
2227;2227;6162;6867;7463;9165;10265;
7194;7264;8788;10252;
2227;2227;6162;6867;7463;9165;10265;
7194;7264;8788;10252;
2227;2227;6162;6867;7463;9165;10265;
2227;2227;6162;6867;7463;9165;10265;
no error
2227;2227;6162;6867;7463;9165;10265;
9876;9876;
7194;7264;8788;10252;
2227;2227;6162;6867;7463;9165;10265;
2227;2227;6162;6867;7463;9165;10265;
no error
7194;7264;8788;10252;
7194;7264;8788;10252;
2227;2227;6162;6867;7463;9165;10265;
2227;2227;6162;6867;7463;9165;10265;
2227;2227;6162;6867;7463;9165;10265;
2227;2227;6162;6867;7463;9165;10265;
2227;2227;6162;6867;7463;9165;10265;
2227;2227;6162;6867;7463;9165;10265;
9876;9876;
2227;2227;6162;6867;7463;9165;10265;
2227;2227;6162;6867;7463;9165;10265;
2227;2227;6162;6867;7463;9165;10265;
2227;2227;6162;6867;7463;9165;10265;
2227;2227;6162;6867;7463;9165;10265;
2227;2227;6162;6867;7463;9165;10265;
2227;2227;6162;6867;7463;9165;10265;
9876;9876;
2227;2227;6162;6867;7463;9165;10265;
2227;2227;6162;6867;7463;9165;10265;
2227;2227;6162;6867;7463;9165;10265;
2227;2227;6162;6867;7463;9165;10265;
2227;2227;6162;6867;7463;9165;10265;
2227;2227;6162;6867;7463;9165;10265;
2227;2227;6162;6867;7463;9165;10265;
no error
2227;2227;6162;6867;7463;9165;10265;
2227;2227;6162;6867;7463;9165;10265;
no error
2227;2227;6162;6867;7463;9165;10265;
2227;2227;6162;6867;7463;9165;10265;
2227;2227;6162;6867;7463;9165;10265;
2227;2227;6162;6867;7463;9165;10265;
2227;2227;6162;6867;7463;9165;10265;
2227;2227;6162;6867;7463;9165;10265;
2227;2227;6162;6867;7463;9165;10265;
2227;2227;6162;6867;7463;9165;10265;
9876;9876;
2227;2227;6162;6867;7463;9165;10265;
2227;2227;6162;6867;7463;9165;10265;
7194;7264;8788;10252;
2227;2227;6162;6867;7463;9165;10265;
2227;2227;6162;6867;7463;9165;10265;
no error
2227;2227;6162;6867;7463;9165;10265;
2227;2227;6162;6867;7463;9165;10265;
2227;2227;6162;6867;7463;9165;10265;
2227;2227;6162;6867;7463;9165;10265;
2227;2227;6162;6867;7463;9165;10265;
2227;2227;6162;6867;7463;9165;10265;
2227;2227;6162;6867;7463;9165;10265;
no error
445;445;4018;4572;5185;5308;6525;7288;8788;10229;
9876;9876;
2227;2227;6162;6867;7463;9165;10265;
2227;2227;6162;6867;7463;9165;10265;
2227;2227;6162;6867;7463;9165;10265;
2227;2227;6162;6867;7463;9165;10265;
2227;2227;6162;6867;7463;9165;10265;
2227;2227;6162;6867;7463;9165;10265;
2227;2227;6162;6867;7463;9165;10265;
2227;2227;6162;6867;7463;9165;10265;
7194;7264;8788;10252;
2227;2227;6162;6867;7463;9165;10265;
2227;2227;6162;6867;7463;9165;10265;
2227;2227;6162;6867;7463;9165;10265;
2227;2227;6162;6867;7463;9165;10265;
no error
2227;2227;6162;6867;7463;9165;10265;
2227;2227;6162;6867;7463;9165;10265;
no error
2227;2227;6162;6867;7463;9165;10265;
2227;2227;6162;6867;7463;9165;10265;
2227;2227;6162;6867;7463;9165;10265;
2227;2227;6162;6867;7463;9165;10265;
2227;2227;6162;6867;7463;9165;10265;
no error
2227;2227;6162;6867;7463;9165;10265;
12084;12084;4548;5185;5308;6525;7288;8788;10252;
2227;2227;6162;6867;7463;9165;10265;
7194;7264;8788;10252;
2227;2227;6162;6867;7463;9165;10265;
2227;2227;6162;6867;7463;9165;10265;
2227;2227;6162;6867;7463;9165;10265;
2227;2227;6162;6867;7463;9165;10265;
2227;2227;6162;6867;7463;9165;10265;
2227;2227;6162;6867;7463;9165;10265;
2227;2227;6162;6867;7463;9165;10265;
2227;2227;6162;6867;7463;9165;10265;
2227;2227;6162;6867;7463;9165;10265;
2227;2227;6162;6867;7463;9165;10265;
2227;2227;6162;6867;7463;9165;10265;
2227;2227;6162;6867;7463;9165;10265;
7194;7264;8788;10252;
2227;2227;6162;6867;7463;9165;10265;
no error
2227;2227;6162;6867;7463;9165;10265;
2227;2227;6162;6867;7463;9165;10265;
7194;7264;8788;10252;
2227;2227;6162;6867;7463;9165;10265;
2227;2227;6162;6867;7463;9165;10265;
2227;2227;6162;6867;7463;9165;10265;
2227;2227;6162;6867;7463;9165;10265;
no error
2227;2227;6162;6867;7463;9165;10265;
no error
2227;2227;6162;6867;7463;9165;10265;
2227;2227;6162;6867;7463;9165;10265;
7194;7264;8788;10252;
7194;7264;8788;10252;
2227;2227;6162;6867;7463;9165;10265;
3732;3732;4572;5185;5308;6525;7288;8788;10252;
2227;2227;6162;6867;7463;9165;10265;
2227;2227;6162;6867;7463;9165;10265;
2227;2227;6162;6867;7463;9165;10265;
no error
2227;2227;6162;6867;7463;9165;10265;
9876;9876;
2227;2227;6162;6867;7463;9165;10265;
2227;2227;6162;6867;7463;9165;10265;
2227;2227;6162;6867;7463;9165;10265;
2227;2227;6162;6867;7463;9165;10265;
