# relative_time, cycles_done, cur_item, corpus_count, pending_total, pending_favs, map_size, saved_crashes, saved_hangs, max_depth, execs_per_sec, total_execs, edges_found
85, 0, 0, 14, 14, 1, 15.73%, 0, 0, 2, 0.45, 570, 28
110, 0, 0, 15, 15, 1, 15.73%, 0, 0, 2, 0.50, 602, 28
162, 0, 0, 16, 16, 1, 15.73%, 0, 0, 2, 0.49, 619, 28
175, 0, 0, 18, 18, 1, 15.73%, 0, 0, 2, 4.58, 1080, 28
192, 0, 0, 27, 27, 1, 16.29%, 0, 0, 2, 8.80, 3513, 29
225, 0, 0, 28, 28, 1, 16.29%, 0, 0, 2, 1.83, 4345, 29
230, 0, 0, 29, 29, 1, 16.29%, 0, 0, 2, 719.84, 7804, 29
235, 0, 0, 30, 30, 1, 16.29%, 0, 0, 2, 685.98, 11216, 29
241, 0, 0, 30, 30, 1, 16.29%, 0, 0, 2, 693.93, 14726, 29
246, 0, 0, 30, 30, 1, 16.29%, 0, 0, 2, 693.40, 18223, 29
251, 0, 0, 31, 31, 1, 16.29%, 0, 0, 2, 688.67, 21551, 29
256, 0, 0, 31, 31, 1, 16.29%, 0, 0, 2, 674.85, 24905, 29
261, 0, 0, 32, 32, 1, 16.29%, 0, 0, 2, 670.51, 28279, 29
86382, 0, 0, 33, 33, 1, 17.98%, 0, 0, 2, 0.00, 28604, 32
