# relative_time, cycles_done, cur_item, corpus_count, pending_total, pending_favs, map_size, saved_crashes, saved_hangs, max_depth, execs_per_sec, total_execs, edges_found
987, 0, 0, 2, 2, 1, 5.76%, 0, 0, 2, 0.01, 1278, 142
1779, 0, 0, 3, 3, 1, 6.53%, 0, 0, 2, 0.01, 1287, 161
2202, 0, 0, 4, 4, 1, 6.61%, 0, 0, 2, 0.01, 1296, 163
3368, 0, 0, 5, 5, 1, 6.69%, 0, 0, 2, 0.01, 1308, 165
4691, 0, 0, 6, 6, 1, 6.69%, 0, 0, 2, 0.01, 1317, 165
5696, 0, 0, 7, 7, 1, 6.77%, 0, 0, 2, 0.01, 1326, 167
6130, 0, 0, 8, 8, 1, 6.77%, 0, 0, 2, 0.01, 1336, 167
7116, 0, 0, 9, 9, 1, 6.86%, 0, 0, 2, 0.01, 1344, 169
7563, 0, 0, 10, 10, 1, 6.86%, 0, 0, 2, 0.01, 1355, 169
8396, 0, 0, 11, 11, 1, 6.86%, 0, 0, 2, 0.01, 1364, 169
9257, 0, 0, 12, 12, 1, 6.86%, 0, 0, 2, 0.01, 1386, 169
9661, 0, 0, 13, 13, 1, 6.86%, 0, 0, 2, 0.02, 1399, 169
10353, 0, 0, 14, 14, 1, 6.86%, 0, 0, 2, 0.02, 1415, 169
11526, 0, 0, 15, 15, 1, 6.86%, 0, 0, 2, 0.02, 1437, 169
12358, 0, 0, 16, 16, 1, 6.86%, 0, 0, 2, 0.02, 1452, 169
13179, 0, 0, 17, 17, 1, 6.86%, 0, 0, 2, 0.02, 1474, 169
13721, 0, 0, 18, 18, 1, 6.86%, 2, 0, 2, 0.09, 1523, 169
14753, 0, 0, 19, 19, 1, 6.90%, 2, 0, 2, 0.02, 1539, 170
15192, 0, 0, 20, 20, 1, 6.90%, 2, 0, 2, 0.02, 1552, 170
15898, 0, 0, 21, 21, 1, 6.90%, 3, 0, 2, 0.02, 1602, 170
16381, 0, 0, 22, 22, 1, 6.90%, 3, 0, 2, 0.05, 1652, 170
17211, 0, 0, 23, 23, 1, 6.90%, 3, 0, 2, 0.09, 1787, 170
18535, 0, 0, 24, 24, 1, 6.94%, 5, 0, 2, 0.01, 1978, 171
19247, 0, 0, 25, 25, 1, 6.94%, 6, 0, 2, 0.02, 2034, 171
19790, 0, 0, 26, 26, 1, 6.94%, 6, 0, 2, 0.03, 2071, 171
21028, 0, 0, 27, 27, 1, 6.94%, 6, 0, 2, 0.01, 2123, 171
22099, 0, 0, 28, 28, 1, 6.94%, 6, 0, 2, 0.01, 2473, 171
22779, 0, 0, 29, 29, 1, 6.94%, 6, 0, 2, 0.04, 2646, 171
23916, 0, 0, 30, 30, 1, 6.94%, 6, 0, 2, 0.02, 2684, 171
24830, 0, 0, 31, 31, 1, 7.14%, 6, 0, 2, 0.02, 2703, 176
24838, 0, 0, 31, 31, 1, 7.14%, 6, 0, 2, 0.13, 2704, 176
25320, 0, 0, 32, 32, 1, 7.26%, 6, 0, 2, 0.02, 2721, 179
26218, 0, 0, 33, 33, 1, 7.26%, 6, 0, 2, 0.02, 2733, 179
26984, 0, 0, 34, 34, 1, 7.26%, 6, 0, 2, 0.02, 2746, 179
27434, 0, 0, 35, 35, 1, 7.26%, 6, 0, 2, 0.02, 2759, 179
27953, 0, 0, 36, 36, 1, 7.42%, 6, 0, 2, 0.02, 2767, 183
28544, 0, 0, 37, 37, 1, 7.42%, 6, 0, 2, 0.02, 2775, 183
28978, 0, 0, 38, 38, 1, 7.42%, 6, 0, 2, 0.03, 2812, 183
29564, 0, 0, 39, 39, 1, 7.42%, 6, 0, 2, 0.02, 2828, 183
30142, 0, 0, 40, 40, 1, 7.46%, 6, 0, 2, 0.02, 2849, 184
30677, 0, 0, 41, 41, 1, 7.46%, 6, 0, 2, 0.02, 2858, 184
31174, 0, 0, 42, 42, 1, 7.46%, 6, 0, 2, 0.02, 2912, 184
31629, 0, 0, 43, 43, 1, 7.46%, 6, 0, 2, 0.02, 2921, 184
32071, 0, 0, 44, 44, 1, 7.46%, 6, 0, 2, 0.02, 2933, 184
32520, 0, 0, 45, 45, 1, 7.46%, 6, 0, 2, 0.02, 2942, 184
32945, 0, 0, 46, 46, 1, 7.46%, 6, 0, 2, 0.02, 2977, 184
33489, 0, 0, 47, 47, 1, 7.46%, 6, 0, 2, 0.03, 3018, 184
34079, 0, 0, 48, 48, 1, 7.46%, 6, 0, 2, 0.03, 3029, 184
34501, 0, 0, 49, 49, 1, 7.51%, 6, 0, 2, 0.03, 3055, 185
34942, 0, 0, 50, 50, 1, 7.55%, 6, 0, 2, 0.03, 3063, 186
35380, 0, 0, 51, 51, 1, 7.55%, 6, 0, 2, 0.02, 3080, 186
35851, 0, 0, 52, 52, 1, 7.55%, 6, 0, 2, 0.02, 3090, 186
36329, 0, 0, 53, 53, 1, 7.55%, 6, 0, 2, 0.02, 3098, 186
36837, 0, 0, 54, 54, 1, 7.55%, 6, 0, 2, 0.02, 3117, 186
37392, 0, 0, 55, 55, 1, 7.55%, 6, 0, 2, 0.02, 3128, 186
37837, 0, 0, 56, 56, 1, 7.55%, 6, 0, 2, 0.02, 3149, 186
38266, 0, 0, 57, 57, 1, 7.55%, 6, 0, 2, 0.03, 3271, 186
38674, 0, 0, 58, 58, 1, 7.55%, 6, 0, 2, 0.03, 3310, 186
38990, 0, 0, 59, 59, 1, 7.55%, 6, 0, 2, 0.03, 3318, 186
39564, 0, 0, 60, 60, 1, 7.55%, 6, 0, 2, 0.02, 3390, 186
40207, 0, 0, 61, 61, 1, 7.79%, 6, 0, 2, 0.02, 3402, 192
40743, 0, 0, 62, 62, 1, 7.79%, 6, 0, 2, 0.02, 3421, 192
41817, 0, 0, 63, 63, 1, 7.79%, 6, 0, 2, 0.01, 3442, 192
41822, 0, 0, 63, 63, 1, 7.79%, 6, 0, 2, 20.60, 3540, 192
42931, 0, 0, 64, 64, 1, 7.79%, 6, 0, 2, 0.01, 3619, 192
43754, 0, 0, 65, 65, 1, 7.79%, 6, 0, 2, 0.01, 3641, 192
44611, 0, 0, 66, 66, 1, 7.79%, 6, 0, 2, 0.01, 3659, 192
44616, 0, 0, 66, 66, 1, 7.79%, 6, 0, 2, 25.19, 3786, 192
44621, 0, 0, 66, 66, 1, 7.79%, 6, 0, 2, 24.95, 3910, 192
44626, 0, 0, 66, 66, 1, 7.79%, 6, 0, 2, 24.10, 4027, 192
44631, 0, 0, 66, 66, 1, 7.79%, 6, 0, 2, 24.83, 4152, 192
45162, 0, 0, 67, 67, 1, 7.79%, 6, 0, 2, 0.02, 4180, 192
45167, 0, 0, 67, 67, 1, 7.79%, 6, 0, 2, 22.23, 4301, 192
45173, 0, 0, 67, 67, 1, 7.79%, 6, 0, 2, 23.15, 4417, 192
45178, 0, 0, 67, 67, 1, 7.79%, 6, 0, 2, 25.86, 4551, 192
45183, 0, 0, 67, 67, 1, 7.79%, 6, 0, 2, 25.71, 4686, 192
45188, 0, 0, 67, 67, 1, 7.79%, 6, 0, 2, 26.17, 4818, 192
45727, 0, 0, 68, 68, 1, 7.79%, 6, 0, 2, 0.02, 4835, 192
46268, 0, 0, 69, 69, 1, 7.79%, 6, 0, 2, 0.02, 4855, 192
47117, 0, 0, 70, 70, 1, 7.79%, 6, 0, 2, 0.01, 4951, 192
47122, 0, 0, 70, 70, 1, 7.79%, 6, 0, 2, 24.92, 5065, 192
47580, 0, 0, 71, 71, 1, 7.79%, 6, 0, 2, 0.03, 5078, 192
47586, 0, 0, 71, 71, 1, 7.79%, 6, 0, 2, 27.53, 5207, 192
47591, 0, 0, 71, 71, 1, 7.79%, 6, 0, 2, 25.49, 5323, 192
47596, 0, 0, 71, 71, 1, 7.79%, 6, 0, 2, 22.90, 5435, 192
47601, 0, 0, 71, 71, 1, 7.79%, 6, 0, 2, 23.36, 5558, 192
47606, 0, 0, 71, 71, 1, 7.79%, 6, 0, 2, 21.03, 5660, 192
47611, 0, 0, 71, 71, 1, 7.79%, 6, 0, 2, 21.24, 5767, 192
47616, 0, 0, 71, 71, 1, 7.79%, 6, 0, 2, 25.07, 5886, 192
47621, 0, 0, 71, 71, 1, 7.79%, 6, 0, 2, 26.91, 6027, 192
47626, 0, 0, 71, 71, 1, 7.79%, 6, 0, 2, 23.02, 6129, 192
48488, 0, 0, 72, 72, 1, 7.79%, 6, 0, 2, 0.01, 6213, 192
49378, 0, 0, 73, 73, 1, 7.79%, 6, 0, 2, 0.01, 6265, 192
49383, 0, 0, 73, 73, 1, 7.79%, 6, 0, 2, 4.88, 6381, 192
49388, 0, 0, 73, 73, 1, 7.79%, 6, 0, 2, 18.34, 6486, 192
49393, 0, 0, 73, 73, 1, 7.79%, 6, 0, 2, 26.53, 6595, 192
49398, 0, 0, 73, 73, 1, 7.79%, 6, 0, 2, 28.19, 6720, 192
49403, 0, 0, 73, 73, 1, 7.79%, 6, 0, 2, 29.76, 6863, 192
49408, 0, 0, 73, 73, 1, 7.79%, 6, 0, 2, 26.04, 7005, 192
50212, 0, 0, 74, 74, 1, 7.79%, 6, 0, 2, 0.01, 7098, 192
51408, 0, 0, 75, 75, 1, 7.79%, 6, 0, 2, 0.01, 7191, 192
52034, 0, 0, 76, 76, 1, 7.79%, 6, 0, 2, 0.04, 7215, 192
53248, 0, 0, 77, 77, 1, 7.79%, 6, 0, 2, 0.04, 7228, 192
53272, 0, 0, 77, 77, 1, 7.79%, 6, 0, 2, 2.97, 7301, 192
53277, 0, 0, 77, 77, 1, 7.79%, 6, 0, 2, 26.60, 7420, 192
53282, 0, 0, 77, 77, 1, 7.79%, 6, 0, 2, 25.56, 7545, 192
53287, 0, 0, 77, 77, 1, 7.79%, 6, 0, 2, 17.46, 7656, 192
53292, 0, 0, 77, 77, 1, 7.79%, 6, 0, 2, 24.25, 7786, 192
53298, 0, 0, 77, 77, 1, 7.79%, 6, 0, 2, 24.81, 7892, 192
53303, 0, 0, 77, 77, 1, 7.79%, 6, 0, 2, 25.91, 8020, 192
53308, 0, 0, 77, 77, 1, 7.79%, 6, 0, 2, 25.20, 8148, 192
53313, 0, 0, 77, 77, 1, 7.79%, 6, 0, 2, 23.77, 8268, 192
53318, 0, 0, 77, 77, 1, 7.79%, 6, 0, 2, 28.00, 8376, 192
53323, 0, 0, 77, 77, 1, 7.79%, 6, 0, 2, 27.45, 8498, 192
53328, 0, 0, 77, 77, 1, 7.79%, 6, 0, 2, 26.78, 8633, 192
53334, 0, 0, 77, 77, 1, 7.79%, 6, 0, 2, 25.19, 8746, 192
53339, 0, 0, 77, 77, 1, 7.79%, 6, 0, 2, 13.27, 8846, 192
53344, 0, 0, 77, 77, 1, 7.79%, 6, 0, 2, 21.74, 8964, 192
53349, 0, 0, 77, 77, 1, 7.79%, 6, 0, 2, 32.48, 9096, 192
54543, 0, 0, 78, 78, 1, 7.83%, 6, 0, 2, 0.01, 9104, 193
54548, 0, 0, 78, 78, 1, 7.83%, 6, 0, 2, 33.25, 9263, 193
54553, 0, 0, 78, 78, 1, 7.83%, 6, 0, 2, 31.99, 9413, 193
54558, 0, 0, 78, 78, 1, 7.83%, 6, 0, 2, 25.56, 9535, 193
54564, 0, 0, 78, 78, 1, 7.83%, 6, 0, 2, 30.02, 9677, 193
54569, 0, 0, 78, 78, 1, 7.83%, 6, 0, 2, 36.12, 9837, 193
54574, 0, 0, 78, 78, 1, 7.83%, 6, 0, 2, 39.06, 10039, 193
54579, 0, 0, 78, 78, 1, 7.83%, 6, 0, 2, 38.76, 10203, 193
54584, 0, 0, 78, 78, 1, 7.83%, 6, 0, 2, 39.42, 10400, 193
54589, 0, 0, 78, 78, 1, 7.83%, 6, 0, 2, 37.00, 10588, 193
54594, 0, 0, 78, 78, 1, 7.83%, 6, 0, 2, 41.38, 10745, 193
54599, 0, 0, 78, 78, 1, 7.83%, 6, 0, 2, 32.19, 10892, 193
54604, 0, 0, 78, 78, 1, 7.83%, 6, 0, 2, 37.41, 11086, 193
54609, 0, 0, 78, 78, 1, 7.83%, 6, 0, 2, 38.12, 11250, 193
54614, 0, 0, 78, 78, 1, 7.83%, 6, 0, 2, 56.07, 11459, 193
54620, 0, 0, 78, 78, 1, 7.83%, 6, 0, 2, 9.51, 11625, 193
54625, 0, 0, 78, 78, 1, 7.83%, 6, 0, 2, 32.22, 11825, 193
54630, 0, 0, 78, 78, 1, 7.83%, 6, 0, 2, 44.13, 12067, 193
54635, 0, 0, 78, 78, 1, 7.83%, 6, 0, 2, 7.52, 12239, 193
54640, 0, 0, 78, 78, 1, 7.83%, 6, 0, 2, 46.99, 12474, 193
54645, 0, 0, 78, 78, 1, 7.83%, 6, 0, 2, 56.77, 12765, 193
54651, 0, 0, 78, 78, 1, 7.83%, 6, 0, 2, 62.13, 13053, 193
54656, 0, 0, 78, 78, 1, 7.83%, 6, 0, 2, 61.66, 13360, 193
55540, 0, 0, 79, 79, 1, 7.83%, 6, 0, 2, 0.02, 13506, 193
55546, 0, 0, 79, 79, 1, 7.83%, 6, 0, 2, 105.19, 13889, 193
55551, 0, 66, 79, 78, 8, 7.83%, 10, 0, 2, 178.87, 14762, 193
55556, 0, 76, 79, 77, 7, 7.83%, 10, 0, 2, 176.75, 15616, 193
55561, 0, 76, 79, 77, 7, 7.83%, 10, 0, 2, 170.92, 16447, 193
55566, 0, 76, 79, 77, 7, 7.83%, 10, 1, 2, 22.98, 16769, 193
55571, 0, 60, 79, 76, 6, 7.83%, 10, 1, 2, 359.97, 17323, 193
56085, 0, 60, 80, 77, 6, 7.83%, 11, 1, 3, 0.09, 18268, 193
56585, 0, 60, 81, 78, 6, 7.83%, 12, 1, 3, 0.10, 18513, 193
56590, 0, 69, 81, 77, 5, 7.83%, 12, 1, 3, 145.88, 19039, 193
56595, 0, 69, 81, 77, 5, 7.83%, 12, 1, 3, 171.06, 19981, 193
57250, 0, 69, 82, 78, 5, 7.91%, 13, 1, 3, 0.02, 20352, 195
57255, 0, 16, 82, 77, 5, 7.91%, 13, 1, 3, 133.00, 20893, 195
57260, 0, 16, 82, 77, 5, 7.91%, 13, 1, 3, 80.05, 21726, 195
57265, 0, 26, 82, 76, 4, 7.91%, 13, 1, 3, 114.62, 22620, 195
57270, 0, 26, 82, 76, 4, 7.91%, 13, 1, 3, 25.21, 23374, 195
57275, 0, 81, 82, 75, 3, 7.91%, 13, 1, 3, 115.49, 24128, 195
57280, 0, 81, 82, 75, 3, 7.91%, 13, 1, 3, 77.55, 24796, 195
57286, 0, 77, 82, 74, 2, 7.91%, 13, 1, 3, 73.56, 25487, 195
57291, 0, 77, 82, 74, 2, 7.91%, 14, 1, 3, 104.38, 26279, 195
57296, 0, 52, 82, 73, 1, 7.91%, 14, 1, 3, 117.42, 26653, 195
57301, 0, 52, 82, 73, 1, 7.91%, 14, 1, 3, 103.45, 27307, 195
57306, 0, 52, 82, 73, 1, 7.91%, 15, 1, 3, 34.05, 27920, 195
57311, 0, 76, 82, 72, 0, 7.91%, 16, 1, 3, 90.97, 28358, 195
57316, 0, 76, 82, 72, 0, 7.91%, 16, 1, 3, 22.15, 28532, 195
57321, 0, 76, 82, 72, 0, 7.91%, 16, 1, 3, 20.71, 28640, 195
57326, 0, 66, 82, 72, 0, 7.91%, 16, 1, 3, 148.13, 28966, 195
57332, 0, 76, 82, 72, 0, 7.91%, 16, 1, 3, 106.79, 29555, 195
57337, 0, 76, 82, 72, 0, 7.91%, 16, 1, 3, 13.87, 29794, 195
57342, 0, 76, 82, 72, 0, 7.91%, 16, 1, 3, 22.28, 29908, 195
57347, 0, 76, 82, 72, 0, 7.91%, 16, 1, 3, 40.11, 30277, 195
57352, 0, 52, 82, 72, 0, 7.91%, 16, 2, 3, 100.59, 30574, 195
57357, 0, 66, 82, 72, 0, 7.91%, 16, 2, 3, 230.61, 31184, 195
57362, 0, 76, 82, 72, 0, 7.91%, 16, 2, 3, 31.94, 31660, 195
57367, 0, 76, 82, 72, 0, 7.91%, 16, 2, 3, 34.34, 31859, 195
57372, 0, 66, 82, 72, 0, 7.91%, 16, 2, 3, 26.81, 32217, 195
57377, 0, 66, 82, 72, 0, 7.91%, 16, 2, 3, 42.39, 32973, 195
57382, 0, 66, 82, 72, 0, 7.91%, 16, 2, 3, 105.19, 33738, 195
57388, 0, 76, 82, 72, 0, 7.91%, 16, 2, 3, 27.19, 34217, 195
57393, 0, 76, 82, 72, 0, 7.91%, 16, 2, 3, 23.93, 34339, 195
57398, 0, 69, 82, 72, 0, 7.91%, 16, 2, 3, 193.60, 35037, 195
57403, 0, 66, 82, 72, 0, 7.91%, 16, 2, 3, 44.56, 35621, 195
57408, 0, 76, 82, 72, 0, 7.91%, 16, 2, 3, 100.14, 36192, 195
57413, 0, 76, 82, 72, 0, 7.91%, 16, 2, 3, 45.02, 36363, 195
57988, 0, 76, 83, 73, 0, 7.91%, 16, 2, 3, 0.05, 36418, 195
57993, 0, 26, 83, 73, 0, 7.91%, 16, 2, 3, 19.80, 36840, 195
57998, 0, 66, 83, 73, 0, 7.91%, 16, 2, 3, 119.96, 37348, 195
58003, 0, 66, 83, 73, 0, 7.91%, 16, 2, 3, 26.74, 37976, 195
58008, 0, 66, 83, 73, 0, 7.91%, 16, 2, 3, 177.18, 38589, 195
58013, 0, 66, 83, 73, 0, 7.91%, 16, 2, 3, 150.52, 39375, 195
58018, 0, 60, 83, 73, 0, 7.91%, 16, 2, 3, 269.22, 40340, 195
58023, 0, 60, 83, 73, 0, 7.91%, 16, 2, 3, 190.82, 41013, 195
58028, 0, 76, 83, 73, 0, 7.91%, 16, 2, 3, 28.65, 41882, 195
58033, 0, 76, 83, 73, 0, 7.91%, 16, 2, 3, 26.00, 42241, 195
58039, 0, 66, 83, 73, 0, 7.91%, 16, 2, 3, 65.79, 42635, 195
58044, 0, 60, 83, 73, 0, 7.91%, 16, 2, 3, 54.52, 43003, 195
58049, 0, 66, 83, 73, 0, 7.91%, 16, 2, 3, 151.21, 43572, 195
58054, 0, 66, 83, 73, 0, 7.91%, 16, 2, 3, 43.87, 44183, 195
58059, 0, 60, 83, 73, 0, 7.91%, 16, 2, 3, 123.11, 44904, 195
58064, 0, 66, 83, 73, 0, 7.91%, 16, 2, 3, 50.39, 45632, 195
58069, 0, 60, 83, 73, 0, 7.91%, 16, 2, 3, 177.40, 46722, 195
58074, 0, 66, 83, 73, 0, 7.91%, 16, 2, 3, 212.64, 47538, 195
58079, 0, 66, 83, 73, 0, 7.91%, 16, 2, 3, 198.11, 48369, 195
58085, 0, 66, 83, 73, 0, 7.91%, 16, 2, 3, 219.30, 49346, 195
58090, 0, 60, 83, 73, 0, 7.91%, 16, 2, 3, 70.08, 50164, 195
58095, 0, 60, 83, 73, 0, 7.91%, 16, 2, 3, 16.13, 50573, 195
58100, 0, 66, 83, 73, 0, 7.91%, 16, 2, 3, 126.83, 50886, 195
58105, 0, 76, 83, 73, 0, 7.91%, 16, 2, 3, 17.85, 51271, 195
58110, 0, 76, 83, 73, 0, 7.91%, 16, 2, 3, 43.13, 51397, 195
58116, 0, 16, 83, 73, 0, 7.91%, 16, 2, 3, 72.99, 52019, 195
58121, 0, 66, 83, 73, 0, 7.91%, 16, 2, 3, 122.40, 52678, 195
58126, 0, 66, 83, 73, 0, 7.91%, 16, 2, 3, 23.32, 53278, 195
58131, 0, 69, 83, 73, 0, 7.91%, 16, 2, 3, 210.76, 54418, 195
58136, 0, 66, 83, 73, 0, 7.91%, 16, 2, 3, 22.73, 55254, 195
58141, 0, 52, 83, 73, 0, 7.91%, 16, 2, 3, 123.78, 56090, 195
58146, 0, 66, 83, 73, 0, 7.91%, 16, 2, 3, 163.98, 56912, 195
58151, 0, 66, 83, 73, 0, 7.91%, 16, 2, 3, 146.90, 57722, 195
58156, 0, 76, 83, 73, 0, 7.91%, 16, 2, 3, 22.90, 58361, 195
58161, 0, 76, 83, 73, 0, 7.91%, 16, 2, 3, 27.83, 58512, 195
58166, 0, 60, 83, 73, 0, 7.91%, 16, 2, 3, 186.18, 59042, 195
59948, 1, 76, 84, 74, 0, 7.91%, 17, 2, 3, 0.02, 59573, 195
59953, 1, 76, 84, 74, 0, 7.91%, 17, 2, 3, 5.68, 59887, 195
59958, 1, 76, 84, 74, 0, 7.91%, 17, 2, 3, 10.57, 60155, 195
59963, 1, 66, 84, 74, 0, 7.91%, 17, 2, 3, 105.26, 60409, 195
59968, 1, 66, 84, 74, 0, 7.91%, 17, 2, 3, 102.63, 60944, 195
60678, 1, 66, 85, 75, 0, 7.95%, 17, 2, 3, 0.03, 60998, 196
60684, 1, 84, 85, 75, 1, 7.95%, 17, 2, 3, 191.92, 61597, 196
60689, 1, 76, 85, 74, 0, 7.95%, 17, 2, 3, 19.61, 62600, 196
60694, 1, 76, 85, 74, 0, 7.95%, 17, 2, 3, 20.25, 62794, 196
60699, 1, 76, 85, 74, 0, 7.95%, 17, 2, 3, 22.48, 63094, 196
60704, 1, 66, 85, 74, 0, 7.95%, 17, 2, 3, 198.34, 63464, 196
60709, 1, 6, 85, 74, 0, 7.95%, 17, 2, 3, 164.18, 64355, 196
60714, 1, 6, 85, 74, 0, 7.95%, 17, 2, 3, 158.71, 65225, 196
60720, 1, 66, 85, 73, 0, 7.95%, 17, 3, 3, 175.79, 65818, 196
60725, 1, 66, 85, 73, 0, 7.95%, 17, 3, 3, 37.55, 66290, 196
60730, 1, 60, 85, 73, 0, 7.95%, 17, 3, 3, 31.15, 66839, 196
60735, 1, 60, 85, 73, 0, 7.95%, 17, 3, 3, 20.41, 67645, 196
60740, 1, 66, 85, 73, 0, 7.95%, 17, 3, 3, 136.59, 68199, 196
60745, 1, 66, 85, 73, 0, 7.95%, 17, 3, 3, 231.09, 69133, 196
60750, 1, 66, 85, 73, 0, 7.95%, 17, 3, 3, 130.91, 69895, 196
60756, 1, 46, 85, 73, 0, 7.95%, 17, 3, 3, 203.80, 70789, 196
60761, 1, 46, 85, 73, 0, 7.95%, 17, 3, 3, 197.20, 71791, 196
60766, 1, 66, 85, 72, 0, 7.95%, 17, 3, 3, 27.47, 72444, 196
60771, 1, 66, 85, 72, 0, 7.95%, 17, 3, 3, 99.95, 73034, 196
60776, 1, 66, 85, 72, 0, 7.95%, 17, 3, 3, 22.75, 73742, 196
60781, 1, 66, 85, 72, 0, 7.95%, 17, 3, 3, 95.08, 74278, 196
60786, 1, 66, 85, 72, 0, 7.95%, 17, 3, 3, 140.77, 74758, 196
60791, 1, 76, 85, 72, 0, 7.95%, 17, 3, 3, 41.86, 75160, 196
60796, 1, 76, 85, 72, 0, 7.95%, 17, 3, 3, 24.81, 75444, 196
60801, 1, 66, 85, 72, 0, 7.95%, 17, 3, 3, 30.31, 75811, 196
60807, 1, 60, 85, 72, 0, 7.95%, 17, 3, 3, 27.15, 76343, 196
60812, 1, 66, 85, 72, 0, 7.95%, 17, 3, 3, 22.08, 77035, 196
60817, 1, 76, 85, 72, 0, 7.95%, 17, 3, 3, 26.98, 77802, 196
60822, 1, 66, 85, 72, 0, 7.95%, 17, 3, 3, 57.99, 78192, 196
60827, 1, 66, 85, 72, 0, 7.95%, 17, 3, 3, 16.50, 78730, 196
60832, 1, 11, 85, 72, 0, 7.95%, 17, 3, 3, 140.45, 79284, 196
60837, 1, 11, 85, 72, 0, 7.95%, 17, 3, 3, 158.90, 80163, 196
60842, 1, 66, 85, 71, 0, 7.95%, 17, 3, 3, 26.95, 80965, 196
60847, 1, 66, 85, 71, 0, 7.95%, 17, 3, 3, 63.56, 81470, 196
60853, 1, 66, 85, 71, 0, 7.95%, 18, 3, 3, 15.87, 81868, 196
60858, 1, 66, 85, 71, 0, 7.95%, 18, 3, 3, 125.20, 82623, 196
60863, 1, 66, 85, 71, 0, 7.95%, 18, 3, 3, 145.38, 83429, 196
60868, 1, 66, 85, 71, 0, 7.95%, 18, 3, 3, 24.57, 84067, 196
60873, 1, 60, 85, 71, 0, 7.95%, 18, 3, 3, 150.78, 84676, 196
60878, 1, 60, 85, 71, 0, 7.95%, 18, 3, 3, 276.19, 85251, 196
60884, 1, 66, 85, 71, 0, 7.95%, 18, 3, 3, 180.76, 86155, 196
60889, 1, 66, 85, 71, 0, 7.95%, 18, 3, 3, 151.16, 86895, 196
60894, 1, 66, 85, 71, 0, 7.95%, 18, 3, 3, 165.56, 87592, 196
60899, 1, 66, 85, 71, 0, 7.95%, 18, 3, 3, 183.17, 88079, 196
60904, 1, 66, 85, 71, 0, 7.95%, 18, 3, 3, 103.70, 88631, 196
60909, 1, 66, 85, 71, 0, 7.95%, 18, 3, 3, 140.37, 89137, 196
60914, 1, 66, 85, 71, 0, 7.95%, 18, 3, 3, 158.50, 89896, 196
60919, 1, 18, 85, 71, 0, 7.95%, 18, 3, 3, 171.42, 90877, 196
60924, 1, 18, 85, 71, 0, 7.95%, 18, 3, 3, 183.46, 91704, 196
60929, 1, 73, 85, 70, 0, 7.95%, 18, 3, 3, 207.19, 92761, 196
60934, 1, 66, 85, 69, 0, 7.95%, 18, 3, 3, 22.76, 93859, 196
60940, 1, 60, 85, 69, 0, 7.95%, 18, 3, 3, 27.75, 94286, 196
60945, 1, 66, 85, 69, 0, 7.95%, 18, 3, 3, 243.74, 95386, 196
60950, 1, 66, 85, 69, 0, 7.95%, 18, 3, 3, 173.08, 96197, 196
60955, 1, 66, 85, 69, 0, 7.95%, 18, 3, 3, 142.08, 96992, 196
60960, 1, 66, 85, 69, 0, 7.95%, 18, 3, 3, 122.86, 97776, 196
60965, 1, 66, 85, 69, 0, 7.95%, 18, 3, 3, 154.60, 98695, 196
60970, 1, 60, 85, 69, 0, 7.95%, 18, 3, 3, 64.70, 99597, 196
60975, 1, 66, 85, 69, 0, 7.95%, 18, 3, 3, 143.21, 100014, 196
60980, 1, 60, 85, 69, 0, 7.95%, 18, 3, 3, 32.56, 100429, 196
60985, 1, 66, 85, 69, 0, 7.95%, 18, 3, 3, 140.94, 101210, 196
60990, 1, 66, 85, 69, 0, 7.95%, 18, 3, 3, 28.90, 101567, 196
60996, 1, 60, 85, 69, 0, 7.95%, 18, 3, 3, 57.99, 102257, 196
61001, 1, 66, 85, 69, 0, 7.95%, 18, 3, 3, 77.64, 102723, 196
61128, 2, 66, 86, 70, 0, 7.95%, 18, 3, 3, 0.08, 102782, 196
61239, 2, 66, 87, 71, 0, 7.95%, 19, 3, 3, 0.42, 103051, 196
61526, 2, 66, 88, 72, 0, 7.95%, 19, 3, 3, 0.05, 103090, 196
62215, 2, 66, 89, 73, 0, 8.07%, 20, 3, 3, 0.10, 103401, 199
62221, 2, 88, 89, 72, 2, 8.07%, 20, 3, 3, 189.92, 104420, 199
62226, 2, 88, 89, 72, 2, 8.07%, 20, 3, 3, 137.00, 105140, 199
62231, 2, 88, 89, 72, 2, 8.07%, 20, 3, 3, 23.55, 105516, 199
63044, 2, 88, 90, 73, 2, 8.07%, 20, 3, 4, 0.03, 105572, 199
63049, 2, 88, 90, 73, 2, 8.07%, 20, 3, 4, 19.56, 105706, 199
63054, 2, 88, 90, 73, 2, 8.07%, 20, 3, 4, 28.06, 105843, 199
63059, 2, 85, 90, 72, 1, 8.07%, 20, 3, 4, 70.69, 106160, 199
63650, 2, 85, 91, 73, 1, 8.07%, 20, 3, 4, 0.03, 106624, 199
63655, 2, 90, 91, 72, 1, 8.07%, 20, 3, 4, 14.93, 107210, 199
63660, 2, 90, 91, 72, 1, 8.07%, 20, 3, 4, 235.18, 107901, 199
63686, 2, 87, 92, 72, 0, 8.07%, 20, 3, 4, 1.71, 108247, 199
64320, 2, 87, 93, 73, 0, 8.07%, 21, 3, 4, 0.04, 108686, 199
64988, 2, 87, 94, 74, 0, 8.07%, 21, 3, 4, 0.04, 108695, 199
64993, 2, 87, 94, 74, 0, 8.07%, 21, 3, 4, 19.92, 108867, 199
64998, 2, 87, 94, 74, 0, 8.07%, 21, 3, 4, 20.31, 108970, 199
65003, 2, 87, 94, 74, 0, 8.07%, 21, 3, 4, 161.79, 109182, 199
65008, 2, 26, 94, 73, 0, 8.07%, 21, 3, 4, 166.11, 110302, 199
65014, 2, 91, 94, 73, 0, 8.07%, 21, 3, 4, 220.35, 111442, 199
65019, 2, 69, 94, 73, 0, 8.07%, 21, 3, 4, 216.25, 112551, 199
65024, 2, 91, 94, 73, 0, 8.07%, 22, 3, 4, 231.97, 113721, 199
65029, 2, 15, 94, 73, 0, 8.07%, 22, 3, 4, 200.00, 114717, 199
65034, 2, 15, 94, 73, 0, 8.07%, 22, 3, 4, 185.68, 115636, 199
65039, 2, 91, 94, 72, 0, 8.07%, 22, 3, 4, 89.40, 116172, 199
65705, 2, 87, 95, 73, 0, 8.07%, 22, 3, 4, 0.04, 116690, 199
65710, 2, 69, 95, 73, 0, 8.07%, 22, 3, 4, 179.50, 117174, 199
65715, 2, 69, 95, 73, 0, 8.07%, 22, 3, 4, 34.06, 117855, 199
65720, 2, 26, 95, 73, 0, 8.07%, 22, 3, 4, 100.80, 118480, 199
67110, 2, 26, 96, 74, 0, 8.07%, 22, 3, 4, 0.01, 118654, 199
68751, 2, 26, 97, 75, 0, 8.07%, 22, 3, 4, 0.01, 118667, 199
68756, 2, 26, 97, 75, 0, 8.07%, 22, 3, 4, 25.51, 118842, 199
68761, 2, 26, 97, 75, 0, 8.07%, 22, 3, 4, 28.29, 118986, 199
68766, 2, 26, 97, 75, 0, 8.07%, 22, 3, 4, 25.86, 119119, 199
68771, 2, 95, 97, 75, 1, 8.07%, 22, 3, 4, 79.10, 119473, 199
68776, 2, 95, 97, 75, 1, 8.07%, 22, 3, 4, 153.16, 120302, 199
68781, 2, 91, 97, 74, 0, 8.07%, 22, 3, 4, 189.63, 121273, 199
70131, 2, 77, 98, 75, 0, 8.07%, 22, 3, 4, 0.03, 121525, 199
70136, 2, 77, 98, 75, 0, 8.07%, 22, 3, 4, 20.78, 121773, 199
70141, 2, 77, 98, 75, 0, 8.07%, 22, 3, 4, 20.86, 121879, 199
70146, 2, 77, 98, 75, 0, 8.07%, 22, 3, 4, 22.65, 121983, 199
70151, 2, 91, 98, 75, 0, 8.07%, 22, 3, 4, 372.06, 122484, 199
70441, 2, 69, 99, 76, 0, 8.07%, 22, 3, 4, 0.09, 122768, 199
70446, 2, 69, 99, 76, 0, 8.07%, 22, 3, 4, 197.21, 123752, 199
70451, 2, 91, 99, 76, 0, 8.07%, 22, 3, 4, 184.78, 124641, 199
70456, 2, 91, 99, 76, 0, 8.07%, 22, 3, 4, 212.67, 125779, 199
71117, 2, 90, 100, 77, 0, 8.07%, 22, 3, 5, 0.05, 125888, 199
71123, 2, 90, 100, 77, 0, 8.07%, 22, 3, 5, 19.45, 126455, 199
71800, 2, 90, 101, 78, 0, 8.07%, 22, 3, 5, 0.02, 126480, 199
71805, 2, 90, 101, 78, 0, 8.07%, 22, 3, 5, 126.67, 127112, 199
71810, 2, 52, 101, 78, 0, 8.07%, 22, 3, 5, 168.91, 127788, 199
71815, 2, 90, 101, 78, 0, 8.07%, 22, 3, 5, 25.40, 128318, 199
71820, 2, 90, 101, 78, 0, 8.07%, 22, 3, 5, 159.20, 128622, 199
71825, 2, 91, 101, 78, 0, 8.07%, 22, 3, 5, 308.46, 128842, 199
71831, 2, 90, 101, 78, 0, 8.07%, 22, 3, 5, 234.82, 129929, 199
72635, 2, 90, 102, 79, 0, 8.07%, 22, 3, 5, 0.09, 130002, 199
73588, 2, 90, 103, 80, 0, 8.07%, 22, 3, 5, 0.03, 130044, 199
73593, 2, 90, 103, 80, 0, 8.07%, 22, 3, 5, 191.90, 131043, 199
73598, 2, 90, 103, 80, 0, 8.07%, 22, 3, 5, 24.00, 131166, 199
73604, 2, 90, 103, 80, 0, 8.07%, 22, 3, 5, 24.68, 131294, 199
73609, 2, 90, 103, 80, 0, 8.07%, 22, 3, 5, 24.50, 131420, 199
73614, 2, 90, 103, 80, 0, 8.07%, 22, 3, 5, 29.69, 131898, 199
73619, 2, 91, 103, 80, 0, 8.07%, 22, 3, 5, 201.63, 132836, 199
73624, 2, 91, 103, 80, 0, 8.07%, 22, 3, 5, 206.69, 133914, 199
74155, 2, 91, 104, 81, 0, 8.07%, 22, 3, 5, 0.04, 134231, 199
74160, 2, 91, 104, 81, 0, 8.07%, 22, 3, 5, 20.93, 134385, 199
74165, 2, 91, 104, 81, 0, 8.07%, 22, 3, 5, 13.61, 134739, 199
74367, 2, 91, 105, 82, 0, 8.07%, 22, 3, 5, 0.29, 135006, 199
74373, 2, 91, 105, 82, 0, 8.07%, 22, 3, 5, 39.84, 135463, 199
74378, 2, 91, 105, 82, 0, 8.07%, 22, 3, 5, 152.91, 136167, 199
74383, 2, 91, 105, 82, 0, 8.07%, 22, 3, 5, 62.65, 136763, 199
74388, 2, 91, 105, 82, 0, 8.07%, 22, 3, 5, 164.18, 137410, 199
74393, 2, 40, 105, 82, 0, 8.07%, 22, 3, 5, 116.20, 138150, 199
74398, 2, 40, 105, 82, 0, 8.07%, 22, 3, 5, 220.42, 138808, 199
74403, 2, 40, 105, 82, 0, 8.07%, 22, 3, 5, 139.98, 139384, 199
75416, 2, 87, 106, 82, 0, 8.07%, 22, 3, 5, 0.02, 139720, 199
75421, 2, 87, 106, 82, 0, 8.07%, 22, 3, 5, 31.35, 139847, 199
75426, 2, 91, 106, 82, 0, 8.07%, 22, 3, 5, 269.54, 140252, 199
75431, 2, 90, 106, 82, 0, 8.07%, 22, 3, 5, 34.81, 141053, 199
75436, 2, 91, 106, 82, 0, 8.07%, 22, 3, 5, 106.42, 141582, 199
75441, 2, 91, 106, 82, 0, 8.07%, 22, 3, 5, 164.03, 142507, 199
75446, 2, 91, 106, 82, 0, 8.07%, 22, 3, 5, 192.79, 143575, 199
75451, 2, 91, 106, 82, 0, 8.07%, 22, 3, 5, 184.59, 144551, 199
75880, 2, 91, 107, 83, 0, 8.07%, 22, 3, 5, 0.10, 145377, 199
75885, 2, 91, 107, 83, 0, 8.07%, 22, 3, 5, 23.69, 145535, 199
76506, 2, 69, 108, 84, 0, 8.07%, 22, 3, 5, 0.03, 145855, 199
76979, 2, 69, 109, 85, 0, 8.07%, 22, 3, 5, 0.03, 145864, 199
76984, 2, 69, 109, 85, 0, 8.07%, 22, 3, 5, 14.41, 146001, 199
76989, 2, 69, 109, 85, 0, 8.07%, 22, 3, 5, 16.92, 146092, 199
76994, 2, 69, 109, 85, 0, 8.07%, 22, 3, 5, 16.88, 146177, 199
76999, 2, 91, 109, 85, 0, 8.07%, 22, 3, 5, 132.16, 146474, 199
77004, 2, 91, 109, 85, 0, 8.07%, 22, 3, 5, 126.18, 147314, 199
77009, 2, 69, 109, 85, 0, 8.07%, 22, 3, 5, 150.10, 147969, 199
77015, 2, 91, 109, 85, 0, 8.07%, 22, 3, 5, 201.14, 149084, 199
77020, 2, 91, 109, 85, 0, 8.07%, 22, 3, 5, 207.12, 150131, 199
77657, 2, 91, 110, 86, 0, 8.07%, 22, 3, 5, 0.05, 150295, 199
77662, 2, 91, 110, 86, 0, 8.07%, 22, 3, 5, 11.77, 150406, 199
77667, 2, 91, 110, 86, 0, 8.07%, 22, 3, 5, 17.37, 150490, 199
77672, 2, 87, 110, 86, 0, 8.07%, 22, 3, 5, 167.89, 151322, 199
77677, 2, 91, 110, 86, 0, 8.07%, 22, 3, 5, 188.12, 151886, 199
77682, 2, 90, 110, 86, 0, 8.07%, 22, 3, 5, 162.50, 152905, 199
77687, 2, 90, 110, 86, 0, 8.07%, 22, 3, 5, 23.09, 153081, 199
77693, 2, 90, 110, 86, 0, 8.07%, 22, 3, 5, 30.19, 153377, 199
77698, 2, 91, 110, 86, 0, 8.07%, 22, 3, 5, 177.13, 154094, 199
77968, 2, 87, 111, 87, 0, 8.07%, 22, 3, 5, 0.17, 154392, 199
77974, 2, 91, 111, 87, 0, 8.07%, 22, 3, 5, 161.34, 155242, 199
77979, 2, 66, 111, 87, 0, 8.07%, 22, 3, 5, 30.94, 155934, 199
77984, 2, 90, 111, 87, 0, 8.07%, 22, 3, 5, 180.83, 156792, 199
77989, 2, 90, 111, 87, 0, 8.07%, 22, 3, 5, 45.05, 157275, 199
78751, 2, 90, 112, 88, 0, 8.07%, 22, 3, 5, 0.02, 157455, 199
78756, 2, 90, 112, 88, 0, 8.07%, 22, 3, 5, 25.07, 157611, 199
78761, 2, 91, 112, 88, 0, 8.07%, 22, 3, 5, 234.59, 158052, 199
78766, 2, 43, 112, 88, 0, 8.07%, 22, 3, 5, 191.04, 158933, 199
78772, 2, 91, 112, 87, 0, 8.07%, 22, 3, 5, 218.53, 159738, 199
78777, 2, 95, 112, 87, 0, 8.07%, 22, 3, 5, 358.84, 160626, 199
78782, 2, 95, 112, 87, 0, 8.07%, 22, 3, 5, 45.49, 160868, 199
79111, 2, 87, 113, 88, 0, 8.11%, 22, 3, 5, 0.03, 160936, 200
79116, 2, 112, 113, 88, 1, 8.11%, 22, 3, 5, 126.04, 161549, 200
79122, 2, 66, 113, 87, 0, 8.11%, 22, 3, 5, 181.39, 162049, 200
79127, 2, 66, 113, 87, 0, 8.11%, 22, 3, 5, 33.87, 162940, 200
79132, 2, 91, 113, 87, 0, 8.11%, 22, 3, 5, 126.86, 163677, 200
79137, 3, 91, 113, 87, 0, 8.11%, 22, 3, 5, 191.43, 164632, 200
79142, 3, 87, 113, 87, 0, 8.11%, 22, 3, 5, 180.70, 165513, 200
79147, 3, 91, 113, 87, 0, 8.11%, 22, 3, 5, 153.65, 166221, 200
79152, 3, 95, 113, 87, 0, 8.11%, 22, 3, 5, 28.73, 166663, 200
79157, 3, 69, 113, 87, 0, 8.11%, 22, 3, 5, 177.18, 167617, 200
79162, 3, 91, 113, 87, 0, 8.11%, 22, 3, 5, 232.19, 168828, 200
79167, 3, 95, 113, 87, 0, 8.11%, 22, 3, 5, 33.76, 169579, 200
79172, 3, 77, 113, 87, 0, 8.11%, 22, 3, 5, 26.81, 170444, 200
79178, 3, 91, 113, 87, 0, 8.11%, 22, 3, 5, 280.04, 170871, 200
79876, 3, 91, 114, 88, 0, 8.11%, 22, 3, 5, 0.09, 170935, 200
79881, 3, 91, 114, 88, 0, 8.11%, 22, 3, 5, 15.55, 171080, 200
79886, 3, 91, 114, 88, 0, 8.11%, 22, 3, 5, 126.72, 171335, 200
79891, 3, 91, 114, 88, 0, 8.11%, 22, 3, 5, 154.84, 172122, 200
79896, 3, 95, 114, 88, 0, 8.11%, 22, 3, 5, 24.68, 172771, 200
79901, 3, 91, 114, 88, 0, 8.11%, 22, 3, 5, 72.17, 173101, 200
79906, 3, 91, 114, 88, 0, 8.11%, 22, 3, 5, 170.55, 174073, 200
80741, 3, 91, 115, 89, 0, 8.11%, 22, 3, 5, 0.06, 174709, 200
80746, 3, 91, 115, 89, 0, 8.11%, 22, 3, 5, 21.29, 174865, 200
80751, 3, 91, 115, 89, 0, 8.11%, 22, 3, 5, 20.86, 174969, 200
80756, 3, 87, 115, 89, 0, 8.11%, 22, 3, 5, 147.66, 175664, 200
80761, 3, 10, 115, 89, 0, 8.11%, 22, 3, 5, 162.45, 176485, 200
80766, 3, 91, 115, 88, 0, 8.11%, 22, 3, 5, 153.36, 177273, 200
80771, 3, 66, 115, 88, 0, 8.11%, 22, 3, 5, 151.81, 178095, 200
80776, 3, 69, 115, 88, 0, 8.11%, 22, 3, 5, 71.16, 178491, 200
80781, 3, 91, 115, 88, 0, 8.11%, 22, 3, 5, 80.54, 179193, 200
80786, 3, 91, 115, 88, 0, 8.11%, 22, 3, 5, 90.32, 179741, 200
80791, 3, 91, 115, 88, 0, 8.11%, 22, 3, 5, 125.47, 180336, 200
80796, 3, 69, 115, 88, 0, 8.11%, 22, 3, 5, 108.94, 180782, 200
80801, 3, 91, 115, 88, 0, 8.11%, 22, 3, 5, 19.90, 181254, 200
80807, 3, 87, 115, 88, 0, 8.11%, 22, 3, 5, 78.98, 181974, 200
81499, 3, 90, 116, 89, 0, 8.11%, 22, 3, 5, 0.04, 182572, 200
81504, 3, 90, 116, 89, 0, 8.11%, 22, 3, 5, 162.56, 183041, 200
82200, 3, 87, 117, 90, 0, 8.11%, 22, 3, 5, 0.05, 183380, 200
82205, 3, 87, 117, 90, 0, 8.11%, 22, 3, 5, 15.48, 183470, 200
82211, 3, 87, 117, 90, 0, 8.11%, 22, 3, 5, 15.67, 183545, 200
82216, 3, 91, 117, 90, 0, 8.11%, 22, 3, 5, 112.59, 184005, 200
82221, 3, 66, 117, 90, 0, 8.11%, 22, 3, 5, 16.50, 184402, 200
82226, 3, 69, 117, 90, 0, 8.11%, 22, 3, 5, 15.62, 184835, 200
82231, 3, 91, 117, 90, 0, 8.11%, 22, 3, 5, 91.35, 185387, 200
82236, 3, 52, 117, 90, 0, 8.11%, 22, 3, 5, 141.32, 185738, 200
82241, 3, 66, 117, 90, 0, 8.11%, 22, 3, 5, 115.64, 186221, 200
82246, 3, 91, 117, 90, 0, 8.11%, 22, 3, 5, 14.63, 186662, 200
82252, 3, 87, 117, 90, 0, 8.11%, 22, 3, 5, 120.73, 187274, 200
82257, 3, 91, 117, 90, 0, 8.11%, 22, 3, 5, 134.57, 187920, 200
82262, 3, 66, 117, 90, 0, 8.11%, 22, 3, 5, 34.22, 188487, 200
82267, 3, 91, 117, 90, 0, 8.11%, 22, 3, 5, 86.51, 188946, 200
82272, 3, 66, 117, 90, 0, 8.11%, 22, 3, 5, 113.83, 189331, 200
82277, 3, 69, 117, 90, 0, 8.11%, 22, 3, 5, 52.42, 189634, 200
82283, 3, 95, 117, 90, 0, 8.11%, 22, 3, 5, 85.08, 190147, 200
82288, 3, 69, 117, 90, 0, 8.11%, 22, 3, 5, 134.60, 190792, 200
82293, 3, 52, 117, 90, 0, 8.11%, 22, 3, 5, 143.53, 191549, 200
82298, 3, 91, 117, 90, 0, 8.11%, 22, 3, 5, 17.32, 192199, 200
82303, 3, 91, 117, 90, 0, 8.11%, 22, 3, 5, 60.62, 192640, 200
82308, 3, 91, 117, 90, 0, 8.11%, 22, 3, 5, 19.78, 193068, 200
82313, 3, 69, 117, 90, 0, 8.11%, 22, 3, 5, 122.55, 193558, 200
82319, 3, 87, 117, 90, 0, 8.11%, 22, 3, 5, 62.11, 194042, 200
82324, 3, 91, 117, 90, 0, 8.11%, 22, 3, 5, 103.03, 194573, 200
82329, 3, 69, 117, 90, 0, 8.11%, 22, 3, 5, 115.63, 195008, 200
82334, 3, 91, 117, 90, 0, 8.11%, 22, 3, 5, 66.65, 195557, 200
82339, 3, 91, 117, 90, 0, 8.11%, 22, 3, 5, 76.15, 196209, 200
82521, 3, 87, 118, 91, 0, 8.11%, 22, 3, 5, 0.11, 196315, 200
82526, 3, 87, 118, 91, 0, 8.11%, 22, 3, 5, 93.35, 196682, 200
82532, 3, 66, 118, 91, 0, 8.11%, 22, 3, 5, 13.01, 197013, 200
82537, 3, 91, 118, 91, 0, 8.11%, 22, 3, 5, 26.76, 197511, 200
82542, 3, 105, 118, 91, 0, 8.11%, 22, 3, 5, 35.46, 198082, 200
82547, 3, 105, 118, 91, 0, 8.11%, 22, 3, 5, 104.48, 198690, 200
82552, 3, 105, 118, 91, 0, 8.11%, 22, 3, 5, 57.35, 199274, 200
82557, 3, 105, 118, 91, 0, 8.11%, 22, 3, 5, 67.57, 199627, 200
82562, 3, 105, 118, 91, 0, 8.11%, 22, 3, 5, 52.80, 199780, 200
82568, 3, 105, 118, 91, 0, 8.11%, 22, 3, 5, 14.63, 199864, 200
82643, 3, 91, 119, 91, 0, 8.15%, 22, 3, 5, 0.14, 200463, 201
82699, 3, 91, 120, 92, 0, 8.19%, 22, 3, 5, 0.36, 200805, 202
82704, 3, 113, 120, 91, 0, 8.19%, 22, 3, 5, 66.99, 201313, 202
82709, 3, 113, 120, 91, 0, 8.19%, 22, 3, 5, 61.68, 202010, 202
82714, 3, 113, 120, 91, 0, 8.19%, 22, 3, 5, 14.93, 202571, 202
82719, 3, 113, 120, 91, 0, 8.19%, 22, 3, 5, 16.39, 203114, 202
82724, 3, 95, 120, 90, 0, 8.19%, 22, 3, 5, 162.56, 203293, 202
82729, 3, 95, 120, 90, 0, 8.19%, 22, 3, 5, 13.51, 203476, 202
82735, 3, 110, 120, 90, 0, 8.19%, 22, 3, 5, 34.25, 203951, 202
82740, 3, 110, 120, 90, 0, 8.19%, 22, 3, 5, 55.46, 204637, 202
82745, 3, 110, 120, 90, 0, 8.19%, 22, 3, 5, 159.65, 205299, 202
82750, 3, 92, 120, 89, 0, 8.19%, 22, 3, 5, 80.23, 205734, 202
82755, 3, 92, 120, 89, 0, 8.19%, 22, 3, 5, 75.92, 206322, 202
82760, 3, 92, 120, 89, 0, 8.19%, 22, 3, 5, 140.19, 206915, 202
82765, 3, 92, 120, 89, 0, 8.19%, 22, 3, 5, 17.05, 207223, 202
82771, 3, 92, 120, 89, 0, 8.19%, 22, 3, 5, 19.62, 207325, 202
82776, 3, 92, 120, 89, 0, 8.19%, 22, 3, 5, 91.45, 207514, 202
82781, 3, 117, 120, 88, 0, 8.19%, 22, 3, 5, 59.99, 208002, 202
82786, 3, 76, 120, 87, 0, 8.19%, 22, 3, 5, 94.52, 208509, 202
82791, 3, 76, 120, 87, 0, 8.19%, 22, 3, 5, 8.60, 208785, 202
82796, 3, 7, 120, 87, 0, 8.19%, 22, 3, 5, 110.88, 209220, 202
82801, 3, 7, 120, 87, 0, 8.19%, 22, 3, 5, 9.76, 209926, 202
82807, 3, 7, 120, 87, 0, 8.19%, 22, 3, 5, 62.03, 210439, 202
82812, 3, 69, 120, 86, 0, 8.19%, 22, 3, 5, 93.69, 210926, 202
82817, 3, 95, 120, 86, 0, 8.19%, 22, 3, 5, 46.37, 211277, 202
83993, 3, 95, 121, 87, 0, 8.19%, 22, 3, 5, 0.01, 211314, 202
83998, 3, 95, 121, 87, 0, 8.19%, 22, 3, 5, 16.55, 211428, 202
84004, 3, 95, 121, 87, 0, 8.19%, 22, 3, 5, 13.14, 211489, 202
84009, 3, 52, 121, 87, 0, 8.19%, 22, 3, 5, 278.61, 211700, 202
84014, 3, 72, 121, 87, 0, 8.19%, 22, 3, 5, 230.00, 212186, 202
84019, 3, 72, 121, 87, 0, 8.19%, 22, 3, 5, 208.44, 213001, 202
84024, 3, 69, 121, 86, 0, 8.19%, 22, 3, 5, 361.24, 213596, 202
84029, 3, 8, 121, 86, 0, 8.19%, 22, 3, 5, 28.85, 214123, 202
84035, 3, 8, 121, 86, 0, 8.19%, 22, 3, 5, 130.56, 214873, 202
84040, 3, 87, 121, 85, 0, 8.19%, 22, 3, 5, 90.08, 215408, 202
84045, 3, 19, 121, 85, 0, 8.19%, 22, 3, 5, 139.53, 216159, 202
84050, 3, 19, 121, 85, 0, 8.19%, 22, 3, 5, 124.55, 216970, 202
84055, 3, 112, 121, 84, 0, 8.19%, 22, 3, 5, 24.35, 217499, 202
84060, 3, 62, 121, 84, 0, 8.19%, 22, 3, 5, 55.07, 218082, 202
84065, 3, 62, 121, 84, 0, 8.19%, 22, 3, 5, 125.60, 218600, 202
84070, 3, 62, 121, 84, 0, 8.19%, 22, 3, 5, 111.11, 219112, 202
84076, 3, 69, 121, 83, 0, 8.19%, 22, 3, 5, 46.46, 219661, 202
84081, 3, 76, 121, 83, 0, 8.19%, 22, 3, 5, 233.45, 220580, 202
84086, 3, 76, 121, 83, 0, 8.19%, 22, 3, 5, 71.76, 220808, 202
84091, 3, 21, 121, 83, 0, 8.19%, 22, 3, 5, 83.00, 221231, 202
84096, 3, 21, 121, 83, 0, 8.19%, 22, 3, 5, 173.40, 222227, 202
84101, 3, 90, 121, 82, 0, 8.19%, 22, 3, 5, 203.98, 223152, 202
84106, 3, 90, 121, 82, 0, 8.19%, 22, 3, 5, 116.89, 223440, 202
84112, 3, 90, 121, 82, 0, 8.19%, 22, 3, 5, 18.30, 223600, 202
84117, 3, 108, 121, 82, 0, 8.19%, 22, 3, 5, 181.23, 224245, 202
84122, 3, 108, 121, 82, 0, 8.19%, 22, 3, 5, 150.62, 224872, 202
84127, 3, 108, 121, 82, 0, 8.19%, 22, 3, 5, 15.16, 225655, 202
84132, 3, 19, 121, 81, 0, 8.19%, 22, 3, 5, 193.97, 225938, 202
84138, 3, 114, 121, 81, 0, 8.19%, 22, 3, 5, 36.40, 226558, 202
84143, 3, 114, 121, 81, 0, 8.19%, 22, 3, 5, 132.16, 227479, 202
84148, 3, 114, 121, 81, 0, 8.19%, 22, 3, 5, 88.38, 227771, 202
84153, 3, 114, 121, 81, 0, 8.19%, 22, 3, 5, 38.64, 227895, 202
84158, 3, 114, 121, 81, 0, 8.19%, 22, 3, 5, 25.62, 228002, 202
84163, 3, 23, 121, 80, 0, 8.19%, 22, 3, 5, 49.26, 228855, 202
84168, 3, 41, 121, 79, 0, 8.19%, 22, 3, 5, 279.93, 229609, 202
84173, 3, 41, 121, 79, 0, 8.19%, 22, 3, 5, 29.04, 230252, 202
84178, 3, 41, 121, 79, 0, 8.19%, 22, 3, 5, 19.82, 230970, 202
84183, 3, 52, 121, 78, 0, 8.19%, 22, 3, 5, 31.53, 231311, 202
84188, 3, 98, 121, 78, 0, 8.19%, 22, 3, 5, 191.93, 232459, 202
84544, 3, 98, 122, 79, 0, 8.19%, 22, 3, 5, 0.17, 232927, 202
84549, 3, 95, 122, 78, 0, 8.19%, 22, 3, 5, 25.25, 233379, 202
84554, 3, 84, 122, 78, 0, 8.19%, 22, 3, 5, 52.50, 233814, 202
84559, 4, 54, 122, 78, 0, 8.19%, 22, 3, 5, 256.17, 235316, 202
84564, 4, 76, 122, 77, 0, 8.19%, 22, 3, 5, 29.62, 236357, 202
84569, 4, 68, 122, 77, 0, 8.19%, 22, 3, 5, 335.00, 237101, 202
84575, 4, 30, 122, 76, 0, 8.19%, 22, 3, 5, 300.00, 238428, 202
84580, 4, 57, 122, 75, 0, 8.19%, 22, 3, 5, 278.13, 239839, 202
84585, 4, 57, 122, 75, 0, 8.19%, 22, 3, 5, 53.86, 240994, 202
84977, 4, 57, 123, 76, 0, 8.19%, 22, 3, 5, 0.12, 241133, 202
84982, 4, 106, 123, 75, 0, 8.19%, 22, 3, 5, 325.84, 242457, 202
85459, 4, 106, 124, 76, 0, 8.19%, 22, 3, 6, 0.02, 242777, 202
85464, 4, 106, 124, 76, 0, 8.19%, 22, 3, 6, 16.81, 243082, 202
85469, 4, 106, 124, 76, 0, 8.19%, 22, 3, 6, 126.24, 243315, 202
85475, 4, 106, 124, 76, 0, 8.19%, 22, 3, 6, 21.97, 243509, 202
85480, 4, 82, 124, 75, 0, 8.19%, 22, 3, 6, 32.70, 244819, 202
85485, 4, 82, 124, 75, 0, 8.19%, 22, 3, 6, 334.84, 246111, 202
85490, 4, 80, 124, 74, 0, 8.19%, 22, 3, 6, 125.31, 246407, 202
85495, 4, 80, 124, 74, 0, 8.19%, 22, 3, 6, 30.35, 247526, 202
85500, 4, 34, 124, 73, 0, 8.19%, 22, 3, 6, 344.35, 248616, 202
86377, 4, 34, 125, 74, 0, 8.19%, 22, 3, 6, 0.01, 249187, 202
86382, 4, 34, 125, 74, 0, 8.19%, 22, 3, 6, 18.38, 249311, 202
86387, 4, 34, 125, 74, 0, 8.19%, 22, 3, 6, 128.36, 249462, 202
86392, 4, 4, 125, 72, 0, 8.19%, 22, 3, 6, 336.79, 251442, 202
86398, 4, 79, 125, 71, 0, 8.19%, 22, 3, 6, 378.88, 253474, 202
86399, 4, 79, 125, 71, 0, 8.19%, 22, 3, 6, 395.87, 254202, 202
