# relative_time, cycles_done, cur_item, corpus_count, pending_total, pending_favs, map_size, saved_crashes, saved_hangs, max_depth, execs_per_sec, total_execs, edges_found
61, 0, 0, 1, 1, 1, 6.47%, 0, 0, 1, 2.86, 158, 184
67, 0, 0, 1, 1, 1, 6.47%, 0, 0, 1, 2.99, 177, 184
72, 0, 0, 1, 1, 1, 6.47%, 0, 0, 1, 2.68, 189, 184
77, 0, 0, 1, 1, 1, 6.47%, 0, 0, 1, 2.42, 199, 184
82, 0, 0, 1, 1, 1, 6.47%, 0, 0, 1, 2.43, 211, 184
87, 0, 0, 1, 1, 1, 6.47%, 0, 0, 1, 2.49, 223, 184
92, 0, 0, 1, 1, 1, 6.47%, 0, 0, 1, 2.55, 235, 184
98, 0, 0, 1, 1, 1, 6.47%, 0, 0, 1, 2.51, 247, 184
103, 0, 0, 1, 1, 1, 6.47%, 0, 0, 1, 2.50, 259, 184
108, 0, 0, 1, 1, 1, 6.47%, 0, 0, 1, 2.53, 272, 184
114, 0, 0, 1, 1, 1, 6.47%, 0, 0, 1, 2.44, 285, 184
119, 0, 0, 1, 1, 1, 6.47%, 0, 0, 1, 2.43, 297, 184
124, 0, 0, 1, 1, 1, 6.47%, 0, 0, 1, 2.39, 309, 184
129, 0, 0, 1, 1, 1, 6.47%, 0, 0, 1, 3.28, 336, 184
134, 0, 0, 1, 1, 1, 6.47%, 0, 0, 1, 2.91, 348, 184
139, 0, 0, 1, 1, 1, 6.47%, 0, 0, 1, 2.68, 360, 184
145, 0, 0, 1, 1, 1, 6.47%, 0, 0, 1, 2.54, 372, 184
150, 0, 0, 1, 1, 1, 6.47%, 0, 0, 1, 2.47, 384, 184
155, 0, 0, 1, 1, 1, 6.47%, 0, 0, 1, 2.61, 396, 184
160, 0, 0, 1, 1, 1, 6.47%, 0, 0, 1, 2.51, 408, 184
166, 0, 0, 1, 1, 1, 6.47%, 0, 0, 1, 2.57, 421, 184
171, 0, 0, 1, 1, 1, 6.47%, 0, 0, 1, 2.69, 432, 184
176, 0, 0, 1, 1, 1, 6.47%, 0, 0, 1, 2.49, 443, 184
181, 0, 0, 1, 1, 1, 6.47%, 0, 0, 1, 2.43, 455, 184
186, 0, 0, 1, 1, 1, 6.47%, 0, 0, 1, 2.39, 466, 184
192, 0, 0, 1, 1, 1, 6.47%, 0, 0, 1, 2.56, 476, 184
197, 0, 0, 1, 1, 1, 6.47%, 0, 0, 1, 2.96, 487, 184
202, 0, 0, 1, 1, 1, 6.47%, 0, 0, 1, 0.51, 493, 184
207, 0, 0, 1, 1, 1, 6.47%, 0, 0, 1, 3.10, 505, 184
212, 0, 0, 1, 1, 1, 6.47%, 0, 0, 1, 3.15, 517, 184
243, 0, 0, 1, 1, 1, 6.47%, 0, 0, 1, 0.03, 519, 184
248, 0, 0, 1, 1, 1, 6.47%, 0, 0, 1, 2.07, 533, 184
253, 0, 0, 1, 1, 1, 6.47%, 0, 0, 1, 2.53, 545, 184
258, 0, 0, 1, 1, 1, 6.47%, 0, 0, 1, 2.91, 557, 184
263, 0, 0, 1, 1, 1, 6.47%, 0, 0, 1, 2.99, 569, 184
268, 0, 0, 1, 1, 1, 6.47%, 0, 0, 1, 3.04, 581, 184
274, 0, 0, 1, 1, 1, 6.47%, 0, 0, 1, 3.00, 593, 184
284, 0, 0, 1, 1, 1, 6.47%, 0, 0, 1, 0.20, 605, 184
289, 0, 0, 1, 1, 1, 6.47%, 0, 0, 1, 3.59, 617, 184
294, 0, 0, 1, 1, 1, 6.47%, 0, 0, 1, 4.01, 629, 184
299, 0, 0, 1, 1, 1, 6.47%, 0, 0, 1, 1.43, 671, 184
304, 0, 0, 1, 1, 1, 6.47%, 0, 0, 1, 2.19, 683, 184
310, 0, 0, 1, 1, 1, 6.47%, 0, 0, 1, 2.58, 695, 184
315, 0, 0, 1, 1, 1, 6.47%, 0, 0, 1, 2.79, 707, 184
320, 0, 0, 1, 1, 1, 6.47%, 0, 0, 1, 2.87, 719, 184
325, 0, 0, 1, 1, 1, 6.47%, 0, 0, 1, 2.86, 731, 184
332, 0, 0, 1, 1, 1, 6.47%, 0, 0, 1, 0.39, 742, 184
337, 0, 0, 1, 1, 1, 6.47%, 0, 0, 1, 2.34, 754, 184
342, 0, 0, 1, 1, 1, 6.47%, 0, 0, 1, 2.47, 766, 184
347, 0, 0, 1, 1, 1, 6.47%, 0, 0, 1, 2.51, 778, 184
352, 0, 0, 1, 1, 1, 6.47%, 0, 0, 1, 2.51, 790, 184
357, 0, 0, 1, 1, 1, 6.47%, 0, 0, 1, 2.53, 802, 184
362, 0, 0, 1, 1, 1, 6.47%, 0, 0, 1, 2.57, 814, 184
368, 0, 0, 1, 1, 1, 6.47%, 0, 0, 1, 2.58, 826, 184
373, 0, 0, 1, 1, 1, 6.47%, 0, 0, 1, 2.58, 838, 184
378, 0, 0, 1, 1, 1, 6.47%, 0, 0, 1, 2.62, 850, 184
383, 0, 0, 1, 1, 1, 6.47%, 0, 0, 1, 2.56, 862, 184
388, 0, 0, 1, 1, 1, 6.47%, 0, 0, 1, 2.44, 874, 184
394, 0, 0, 1, 1, 1, 6.47%, 0, 0, 1, 2.63, 886, 184
399, 0, 0, 1, 1, 1, 6.47%, 0, 0, 1, 2.80, 898, 184
404, 0, 0, 1, 1, 1, 6.47%, 0, 0, 1, 2.89, 910, 184
409, 0, 0, 1, 1, 1, 6.47%, 0, 0, 1, 3.00, 922, 184
414, 0, 0, 1, 1, 1, 6.47%, 0, 0, 1, 3.09, 934, 184
419, 0, 0, 1, 1, 1, 6.47%, 0, 0, 1, 3.20, 946, 184
424, 0, 0, 1, 1, 1, 6.47%, 0, 0, 1, 3.36, 958, 184
430, 0, 0, 1, 1, 1, 6.47%, 0, 0, 1, 3.35, 970, 184
435, 0, 0, 1, 1, 1, 6.47%, 0, 0, 1, 3.32, 982, 184
440, 0, 0, 1, 1, 1, 6.47%, 0, 0, 1, 3.21, 994, 184
445, 0, 0, 1, 1, 1, 6.47%, 0, 0, 1, 3.23, 1006, 184
450, 0, 0, 1, 1, 1, 6.47%, 0, 0, 1, 3.24, 1018, 184
455, 0, 0, 1, 1, 1, 6.47%, 0, 0, 1, 3.15, 1030, 184
460, 0, 0, 1, 1, 1, 6.47%, 0, 0, 1, 3.07, 1042, 184
465, 0, 0, 1, 1, 1, 6.47%, 0, 0, 1, 2.93, 1054, 184
471, 0, 0, 1, 1, 1, 6.47%, 0, 0, 1, 2.74, 1066, 184
476, 0, 0, 1, 1, 1, 6.47%, 0, 0, 1, 2.62, 1078, 184
481, 0, 0, 1, 1, 1, 6.47%, 0, 0, 1, 2.54, 1090, 184
486, 0, 0, 1, 1, 1, 6.47%, 0, 0, 1, 2.49, 1102, 184
491, 0, 0, 1, 1, 1, 6.47%, 0, 0, 1, 2.43, 1114, 184
496, 0, 0, 1, 1, 1, 6.47%, 0, 0, 1, 2.37, 1126, 184
502, 0, 0, 1, 1, 1, 6.47%, 0, 0, 1, 2.39, 1139, 184
507, 0, 0, 1, 1, 1, 6.47%, 0, 0, 1, 2.75, 1151, 184
512, 0, 0, 1, 1, 1, 6.47%, 0, 0, 1, 2.55, 1161, 184
518, 0, 0, 1, 1, 1, 6.47%, 0, 0, 1, 2.82, 1173, 184
523, 0, 0, 1, 1, 1, 6.47%, 0, 0, 1, 2.88, 1184, 184
528, 0, 0, 1, 1, 1, 6.47%, 0, 0, 1, 2.77, 1196, 184
533, 0, 0, 1, 1, 1, 6.47%, 0, 0, 1, 2.66, 1208, 184
538, 0, 0, 1, 1, 1, 6.47%, 0, 0, 1, 2.74, 1220, 184
543, 0, 0, 1, 1, 1, 6.47%, 0, 0, 1, 2.66, 1232, 184
548, 0, 0, 1, 1, 1, 6.47%, 0, 0, 1, 3.30, 1244, 184
554, 0, 0, 1, 1, 1, 6.47%, 0, 0, 1, 3.30, 1256, 184
559, 0, 0, 1, 1, 1, 6.47%, 0, 0, 1, 3.03, 1267, 184
2039, 0, 0, 2, 2, 1, 6.79%, 0, 0, 2, 0.01, 1288, 193
2985, 0, 0, 3, 3, 1, 6.82%, 0, 0, 2, 0.01, 1301, 194
3863, 0, 0, 4, 4, 1, 6.82%, 0, 0, 2, 0.01, 1315, 194
4713, 0, 0, 5, 5, 1, 6.86%, 0, 0, 2, 0.01, 1328, 195
8045, 0, 0, 6, 6, 1, 6.86%, 0, 0, 2, 0.00, 1344, 195
9702, 0, 0, 7, 7, 1, 7.03%, 0, 0, 2, 0.01, 1361, 200
11013, 0, 0, 8, 8, 1, 7.32%, 2, 0, 2, 0.01, 1387, 208
12422, 0, 0, 9, 9, 1, 7.32%, 2, 0, 2, 0.01, 1398, 208
15380, 0, 0, 10, 10, 1, 7.32%, 2, 0, 2, 0.00, 1412, 208
17821, 0, 0, 11, 11, 1, 7.39%, 2, 0, 2, 0.01, 1426, 210
23967, 0, 0, 12, 12, 1, 7.39%, 2, 0, 2, 0.00, 1441, 210
23972, 0, 0, 12, 12, 1, 7.39%, 2, 0, 2, 2.65, 1451, 210
23977, 0, 0, 12, 12, 1, 7.39%, 2, 0, 2, 2.71, 1464, 210
33717, 0, 0, 13, 13, 1, 7.46%, 2, 0, 2, 0.00, 1488, 212
34611, 0, 0, 14, 14, 1, 7.46%, 2, 0, 2, 0.01, 1496, 212
35982, 0, 0, 15, 15, 1, 7.46%, 2, 0, 2, 0.01, 1505, 212
35988, 0, 0, 15, 15, 1, 7.46%, 2, 0, 2, 2.66, 1517, 212
35993, 0, 0, 15, 15, 1, 7.46%, 2, 0, 2, 2.67, 1527, 212
36867, 0, 0, 16, 16, 1, 7.46%, 2, 0, 2, 0.01, 1543, 212
36872, 0, 0, 16, 16, 1, 7.46%, 2, 0, 2, 1.94, 1557, 212
40749, 0, 0, 17, 17, 1, 7.49%, 2, 0, 2, 0.00, 1575, 213
44827, 0, 0, 18, 18, 1, 7.53%, 2, 0, 2, 0.00, 1591, 214
44833, 0, 0, 18, 18, 1, 7.53%, 2, 0, 2, 1.07, 1600, 214
44838, 0, 0, 18, 18, 1, 7.53%, 2, 0, 2, 1.55, 1612, 214
44844, 0, 0, 18, 18, 1, 7.53%, 2, 0, 2, 1.97, 1624, 214
44849, 0, 0, 18, 18, 1, 7.53%, 2, 0, 2, 1.97, 1633, 214
45402, 0, 0, 19, 19, 1, 7.56%, 2, 0, 2, 0.01, 1643, 215
45408, 0, 0, 19, 19, 1, 7.56%, 2, 0, 2, 3.11, 1655, 215
45413, 0, 0, 19, 19, 1, 7.56%, 2, 0, 2, 21.28, 1666, 215
45418, 0, 0, 19, 19, 1, 7.56%, 2, 0, 2, 0.97, 1674, 215
45423, 0, 0, 19, 19, 1, 7.56%, 2, 0, 2, 1.28, 1683, 215
47764, 0, 0, 20, 20, 1, 7.60%, 2, 0, 2, 0.01, 1697, 216
47769, 0, 0, 20, 20, 1, 7.60%, 2, 0, 2, 4.60, 1712, 216
47775, 0, 0, 20, 20, 1, 7.60%, 2, 0, 2, 1.06, 1722, 216
47780, 0, 0, 20, 20, 1, 7.60%, 2, 0, 2, 1.51, 1734, 216
47785, 0, 0, 20, 20, 1, 7.60%, 2, 0, 2, 2.53, 1747, 216
47790, 0, 0, 20, 20, 1, 7.60%, 2, 0, 2, 2.36, 1756, 216
47795, 0, 0, 20, 20, 1, 7.60%, 2, 0, 2, 2.67, 1768, 216
47800, 0, 0, 20, 20, 1, 7.60%, 3, 0, 2, 1.27, 1780, 216
49263, 0, 0, 21, 21, 1, 7.60%, 3, 0, 2, 0.01, 1790, 216
49268, 0, 0, 21, 21, 1, 7.60%, 3, 0, 2, 1.85, 1802, 216
49273, 0, 0, 21, 21, 1, 7.60%, 3, 0, 2, 2.28, 1812, 216
49278, 0, 0, 21, 21, 1, 7.60%, 3, 0, 2, 2.36, 1822, 216
49284, 0, 0, 21, 21, 1, 7.60%, 4, 0, 2, 2.36, 1834, 216
52264, 0, 0, 22, 22, 1, 7.67%, 4, 0, 2, 0.00, 1852, 218
52270, 0, 0, 22, 22, 1, 7.67%, 4, 0, 2, 2.07, 1868, 218
52275, 0, 0, 22, 22, 1, 7.67%, 4, 0, 2, 1.11, 1879, 218
52280, 0, 0, 22, 22, 1, 7.67%, 4, 0, 2, 1.08, 1889, 218
52285, 0, 0, 22, 22, 1, 7.67%, 4, 0, 2, 1.56, 1899, 218
52290, 0, 0, 22, 22, 1, 7.67%, 4, 0, 2, 1.74, 1910, 218
52295, 0, 0, 22, 22, 1, 7.67%, 4, 0, 2, 2.55, 1923, 218
52301, 0, 0, 22, 22, 1, 7.67%, 4, 0, 2, 2.55, 1934, 218
52306, 0, 0, 22, 22, 1, 7.67%, 4, 0, 2, 2.43, 1945, 218
52311, 0, 0, 22, 22, 1, 7.67%, 4, 0, 2, 2.23, 1953, 218
52317, 0, 0, 22, 22, 1, 7.67%, 4, 0, 2, 2.80, 1965, 218
52322, 0, 0, 22, 22, 1, 7.67%, 4, 0, 2, 2.81, 1975, 218
52327, 0, 0, 22, 22, 1, 7.67%, 4, 0, 2, 3.21, 1990, 218
52332, 0, 0, 22, 22, 1, 7.67%, 4, 0, 2, 2.96, 2002, 218
52338, 0, 0, 22, 22, 1, 7.67%, 4, 0, 2, 2.82, 2015, 218
52343, 0, 0, 22, 22, 1, 7.67%, 4, 0, 2, 2.60, 2025, 218
52348, 0, 0, 22, 22, 1, 7.67%, 4, 0, 2, 2.47, 2033, 218
52354, 0, 0, 22, 22, 1, 7.67%, 4, 0, 2, 2.33, 2042, 218
52359, 0, 0, 22, 22, 1, 7.67%, 4, 0, 2, 2.66, 2054, 218
56922, 0, 0, 23, 23, 1, 7.67%, 4, 0, 2, 0.00, 2063, 218
56928, 0, 0, 23, 23, 1, 7.67%, 4, 0, 2, 0.60, 2073, 218
56934, 0, 0, 23, 23, 1, 7.67%, 4, 0, 2, 1.24, 2086, 218
56939, 0, 0, 23, 23, 1, 7.67%, 4, 0, 2, 0.76, 2100, 218
56944, 0, 0, 23, 23, 1, 7.67%, 4, 0, 2, 1.17, 2109, 218
56950, 0, 0, 23, 23, 1, 7.67%, 4, 0, 2, 1.10, 2118, 218
56955, 0, 0, 23, 23, 1, 7.67%, 4, 0, 2, 1.31, 2127, 218
56961, 0, 0, 23, 23, 1, 7.67%, 5, 0, 2, 1.64, 2138, 218
57625, 0, 0, 24, 24, 1, 7.67%, 5, 0, 2, 0.01, 2152, 218
57630, 0, 0, 24, 24, 1, 7.67%, 5, 0, 2, 1.12, 2159, 218
57635, 0, 0, 24, 24, 1, 7.67%, 5, 0, 2, 4.26, 2171, 218
57641, 0, 0, 24, 24, 1, 7.67%, 5, 0, 2, 0.83, 2178, 218
57648, 0, 0, 24, 24, 1, 7.67%, 5, 0, 2, 0.77, 2181, 218
57653, 0, 0, 24, 24, 1, 7.67%, 5, 0, 2, 0.82, 2192, 218
57659, 0, 0, 24, 24, 1, 7.67%, 5, 0, 2, 1.09, 2202, 218
57665, 0, 0, 24, 24, 1, 7.67%, 6, 0, 2, 0.93, 2209, 218
57672, 0, 0, 24, 24, 1, 7.67%, 6, 0, 2, 0.99, 2213, 218
57677, 0, 0, 24, 24, 1, 7.67%, 6, 0, 2, 0.92, 2215, 218
57683, 0, 0, 24, 24, 1, 7.67%, 6, 0, 2, 0.89, 2228, 218
57688, 0, 0, 24, 24, 1, 7.67%, 6, 0, 2, 0.78, 2238, 218
57693, 0, 0, 24, 24, 1, 7.67%, 6, 0, 2, 1.56, 2255, 218
57698, 0, 0, 24, 24, 1, 7.67%, 6, 0, 2, 1.64, 2263, 218
57704, 0, 0, 24, 24, 1, 7.67%, 6, 0, 2, 1.13, 2273, 218
57709, 0, 0, 24, 24, 1, 7.67%, 6, 0, 2, 0.69, 2283, 218
58389, 0, 0, 25, 25, 1, 7.67%, 6, 0, 2, 0.01, 2295, 218
58395, 0, 0, 25, 25, 1, 7.67%, 6, 0, 2, 2.34, 2308, 218
58400, 0, 0, 25, 25, 1, 7.67%, 6, 0, 2, 2.54, 2321, 218
58406, 0, 0, 25, 25, 1, 7.67%, 6, 0, 2, 2.67, 2335, 218
58411, 0, 0, 25, 25, 1, 7.67%, 6, 0, 2, 2.41, 2343, 218
58419, 0, 0, 25, 25, 1, 7.67%, 6, 0, 2, 0.39, 2346, 218
58424, 0, 0, 25, 25, 1, 7.67%, 6, 0, 2, 0.37, 2347, 218
58432, 0, 0, 25, 25, 1, 7.67%, 6, 0, 2, 0.36, 2349, 218
58438, 0, 0, 25, 25, 1, 7.67%, 6, 0, 2, 0.37, 2351, 218
58445, 0, 0, 25, 25, 1, 7.67%, 6, 0, 2, 0.38, 2354, 218
58454, 0, 0, 25, 25, 1, 7.67%, 6, 0, 2, 0.36, 2356, 218
58461, 0, 0, 25, 25, 1, 7.67%, 6, 0, 2, 0.38, 2359, 218
58467, 0, 0, 25, 25, 1, 7.67%, 6, 0, 2, 0.38, 2361, 218
58473, 0, 0, 25, 25, 1, 7.67%, 6, 0, 2, 1.08, 2372, 218
58478, 0, 0, 25, 25, 1, 7.67%, 6, 0, 2, 1.77, 2383, 218
58484, 0, 0, 25, 25, 1, 7.67%, 6, 0, 2, 2.03, 2394, 218
58489, 0, 0, 25, 25, 1, 7.67%, 6, 0, 2, 2.55, 2411, 218
58494, 0, 0, 25, 25, 1, 7.67%, 6, 0, 2, 2.51, 2422, 218
58500, 0, 0, 25, 25, 1, 7.67%, 6, 0, 2, 2.96, 2434, 218
58505, 0, 0, 25, 25, 1, 7.67%, 6, 0, 2, 2.83, 2445, 218
58516, 0, 0, 25, 25, 1, 7.67%, 6, 0, 2, 0.52, 2454, 218
58521, 0, 0, 25, 25, 1, 7.67%, 6, 0, 2, 0.50, 2455, 218
58527, 0, 0, 25, 25, 1, 7.67%, 6, 0, 2, 0.48, 2456, 218
58532, 0, 0, 25, 25, 1, 7.67%, 6, 0, 2, 0.46, 2457, 218
58541, 0, 0, 25, 25, 1, 7.67%, 6, 0, 2, 0.43, 2459, 218
58546, 0, 0, 25, 25, 1, 7.67%, 6, 0, 2, 0.42, 2460, 218
58554, 0, 0, 25, 25, 1, 7.67%, 6, 0, 2, 0.40, 2462, 218
58560, 0, 0, 25, 25, 1, 7.67%, 6, 0, 2, 0.79, 2467, 218
58569, 0, 0, 25, 25, 1, 7.67%, 6, 0, 2, 0.72, 2470, 218
58581, 0, 0, 25, 25, 1, 7.67%, 6, 0, 2, 0.14, 2472, 218
58586, 0, 0, 25, 25, 1, 7.67%, 6, 0, 2, 0.14, 2473, 218
58592, 0, 0, 25, 25, 1, 7.67%, 6, 0, 2, 0.14, 2474, 218
58598, 0, 0, 25, 25, 1, 7.67%, 6, 0, 2, 0.14, 2475, 218
58607, 0, 0, 25, 25, 1, 7.67%, 6, 0, 2, 0.15, 2477, 218
58616, 0, 0, 25, 25, 1, 7.67%, 6, 0, 2, 0.16, 2479, 218
58624, 0, 0, 25, 25, 1, 7.67%, 6, 0, 2, 0.17, 2481, 218
58629, 0, 0, 25, 25, 1, 7.67%, 6, 0, 2, 2.80, 2486, 218
58635, 0, 0, 25, 25, 1, 7.67%, 6, 0, 2, 2.52, 2494, 218
58640, 0, 0, 25, 25, 1, 7.67%, 6, 0, 2, 2.31, 2503, 218
58645, 0, 0, 25, 25, 1, 7.67%, 6, 0, 2, 2.16, 2511, 218
58650, 0, 0, 25, 25, 1, 7.67%, 6, 0, 2, 2.08, 2519, 218
58656, 0, 0, 25, 25, 1, 7.67%, 6, 0, 2, 2.10, 2529, 218
58661, 0, 0, 25, 25, 1, 7.67%, 6, 0, 2, 2.07, 2538, 218
58667, 0, 0, 25, 25, 1, 7.67%, 6, 0, 2, 2.16, 2549, 218
58672, 0, 0, 25, 25, 1, 7.67%, 6, 0, 2, 2.34, 2562, 218
58677, 0, 0, 25, 25, 1, 7.67%, 6, 0, 2, 2.51, 2574, 218
58683, 0, 0, 25, 25, 1, 7.67%, 6, 0, 2, 0.43, 2580, 218
58689, 0, 0, 25, 25, 1, 7.67%, 6, 0, 2, 0.50, 2584, 218
58699, 0, 0, 25, 25, 1, 7.67%, 6, 0, 2, 0.48, 2585, 218
58701, 0, 0, 25, 25, 1, 7.67%, 6, 0, 2, 0.57, 2589, 218
58708, 0, 0, 25, 25, 1, 7.67%, 6, 0, 2, 0.53, 2591, 218
58715, 0, 0, 25, 25, 1, 7.67%, 6, 0, 2, 0.51, 2593, 218
58720, 0, 0, 25, 25, 1, 7.67%, 6, 0, 2, 0.49, 2595, 218
58726, 0, 0, 25, 25, 1, 7.67%, 6, 0, 2, 0.49, 2597, 218
58732, 0, 0, 25, 25, 1, 7.67%, 6, 0, 2, 0.49, 2600, 218
58737, 0, 0, 25, 25, 1, 7.67%, 6, 0, 2, 0.49, 2602, 218
58743, 0, 0, 25, 25, 1, 7.67%, 6, 0, 2, 0.49, 2604, 218
58748, 0, 0, 25, 25, 1, 7.67%, 6, 0, 2, 0.52, 2607, 218
58754, 0, 0, 25, 25, 1, 7.67%, 6, 0, 2, 2.99, 2619, 218
58760, 0, 0, 25, 25, 1, 7.67%, 6, 0, 2, 4.43, 2628, 218
58765, 0, 0, 25, 25, 1, 7.67%, 6, 0, 2, 0.77, 2639, 218
58770, 0, 0, 25, 25, 1, 7.67%, 6, 0, 2, 1.58, 2651, 218
58775, 0, 0, 25, 25, 1, 7.67%, 6, 0, 2, 1.71, 2665, 218
58781, 0, 0, 25, 25, 1, 7.67%, 6, 0, 2, 1.88, 2676, 218
58786, 0, 0, 25, 25, 1, 7.67%, 6, 0, 2, 2.17, 2687, 218
58791, 0, 0, 25, 25, 1, 7.67%, 6, 0, 2, 2.20, 2697, 218
58796, 0, 0, 25, 25, 1, 7.67%, 6, 0, 2, 2.21, 2706, 218
58801, 0, 0, 25, 25, 1, 7.67%, 6, 0, 2, 2.45, 2716, 218
58807, 0, 0, 25, 25, 1, 7.67%, 6, 0, 2, 2.21, 2724, 218
58812, 0, 0, 25, 25, 1, 7.67%, 6, 0, 2, 0.81, 2737, 218
58817, 0, 0, 25, 25, 1, 7.67%, 6, 0, 2, 5.34, 2751, 218
58823, 0, 0, 25, 25, 1, 7.67%, 6, 0, 2, 0.75, 2759, 218
58829, 0, 0, 25, 25, 1, 7.67%, 6, 0, 2, 0.86, 2766, 218
58834, 0, 0, 25, 25, 1, 7.67%, 6, 0, 2, 1.04, 2778, 218
58839, 0, 0, 25, 25, 1, 7.67%, 6, 0, 2, 1.28, 2790, 218
58844, 0, 0, 25, 25, 1, 7.67%, 6, 0, 2, 1.66, 2800, 218
58849, 0, 0, 25, 25, 1, 7.67%, 6, 0, 2, 1.59, 2806, 218
58855, 0, 0, 25, 25, 1, 7.67%, 6, 0, 2, 2.22, 2820, 218
58860, 0, 0, 25, 25, 1, 7.67%, 6, 0, 2, 2.49, 2832, 218
58865, 0, 0, 25, 25, 1, 7.67%, 6, 0, 2, 2.38, 2841, 218
58870, 0, 0, 25, 25, 1, 7.67%, 6, 0, 2, 1.57, 2850, 218
58876, 0, 0, 25, 25, 1, 7.67%, 6, 0, 2, 1.87, 2861, 218
58881, 0, 0, 25, 25, 1, 7.67%, 6, 0, 2, 2.07, 2872, 218
58886, 0, 0, 25, 25, 1, 7.67%, 6, 0, 2, 0.31, 2875, 218
58891, 0, 0, 25, 25, 1, 7.67%, 6, 0, 2, 3.11, 2885, 218
58897, 0, 0, 25, 25, 1, 7.67%, 6, 0, 2, 2.81, 2895, 218
58902, 0, 0, 25, 25, 1, 7.67%, 6, 0, 2, 2.60, 2905, 218
58908, 0, 0, 25, 25, 1, 7.67%, 6, 0, 2, 1.83, 2908, 218
59427, 0, 0, 26, 26, 1, 7.67%, 6, 0, 2, 0.02, 2920, 218
59432, 0, 0, 26, 26, 1, 7.67%, 6, 0, 2, 2.75, 2934, 218
59438, 0, 0, 26, 26, 1, 7.67%, 6, 0, 2, 2.49, 2946, 218
59443, 0, 0, 26, 26, 1, 7.67%, 6, 0, 2, 2.72, 2959, 218
59448, 0, 0, 26, 26, 1, 7.67%, 6, 0, 2, 2.71, 2969, 218
59453, 0, 0, 26, 26, 1, 7.67%, 6, 0, 2, 3.28, 2983, 218
59459, 0, 0, 26, 26, 1, 7.67%, 6, 0, 2, 2.80, 2991, 218
59464, 0, 0, 26, 26, 1, 7.67%, 6, 0, 2, 3.17, 3006, 218
59469, 0, 0, 26, 26, 1, 7.67%, 6, 0, 2, 3.76, 3021, 218
59474, 0, 0, 26, 26, 1, 7.67%, 6, 0, 2, 3.21, 3032, 218
59479, 0, 0, 26, 26, 1, 7.67%, 6, 0, 2, 2.73, 3039, 218
59485, 0, 0, 26, 26, 1, 7.67%, 6, 0, 2, 2.26, 3044, 218
59491, 0, 0, 26, 26, 1, 7.67%, 6, 0, 2, 1.91, 3048, 218
59496, 0, 0, 26, 26, 1, 7.67%, 6, 0, 2, 1.68, 3051, 218
59502, 0, 0, 26, 26, 1, 7.67%, 6, 0, 2, 1.50, 3054, 218
59509, 0, 0, 26, 26, 1, 7.67%, 6, 0, 2, 1.30, 3058, 218
59515, 0, 0, 26, 26, 1, 7.67%, 6, 0, 2, 1.22, 3064, 218
59521, 0, 0, 26, 26, 1, 7.67%, 6, 0, 2, 1.12, 3067, 218
59528, 0, 0, 26, 26, 1, 7.67%, 6, 0, 2, 1.02, 3069, 218
59534, 0, 0, 26, 26, 1, 7.67%, 6, 0, 2, 0.93, 3071, 218
59539, 0, 0, 26, 26, 1, 7.67%, 6, 0, 2, 3.93, 3080, 218
59545, 0, 0, 26, 26, 1, 7.67%, 6, 0, 2, 1.02, 3096, 218
59551, 0, 0, 26, 26, 1, 7.67%, 6, 0, 2, 1.24, 3105, 218
59557, 0, 0, 26, 26, 1, 7.67%, 6, 0, 2, 1.36, 3113, 218
59563, 0, 0, 26, 26, 1, 7.67%, 6, 0, 2, 1.25, 3118, 218
62154, 0, 0, 27, 27, 1, 7.67%, 6, 0, 2, 0.01, 3135, 218
62159, 0, 0, 27, 27, 1, 7.67%, 6, 0, 2, 0.98, 3147, 218
62164, 0, 0, 27, 27, 1, 7.67%, 6, 0, 2, 1.24, 3155, 218
62170, 0, 0, 27, 27, 1, 7.67%, 6, 0, 2, 1.38, 3162, 218
62175, 0, 0, 27, 27, 1, 7.67%, 6, 0, 2, 0.25, 3167, 218
62181, 0, 0, 27, 27, 1, 7.67%, 6, 0, 2, 0.24, 3168, 218
62189, 0, 0, 27, 27, 1, 7.67%, 6, 0, 2, 0.25, 3170, 218
62195, 0, 0, 27, 27, 1, 7.67%, 6, 0, 2, 0.40, 3175, 218
62200, 0, 0, 27, 27, 1, 7.67%, 6, 0, 2, 1.95, 3183, 218
62205, 0, 0, 27, 27, 1, 7.67%, 6, 0, 2, 0.82, 3196, 218
62211, 0, 0, 27, 27, 1, 7.67%, 6, 0, 2, 1.08, 3207, 218
62216, 0, 0, 27, 27, 1, 7.67%, 6, 0, 2, 1.28, 3216, 218
62221, 0, 0, 27, 27, 1, 7.67%, 6, 0, 2, 0.79, 3229, 218
62227, 0, 0, 27, 27, 1, 7.67%, 6, 0, 2, 0.95, 3234, 218
62232, 0, 0, 27, 27, 1, 7.67%, 6, 0, 2, 0.78, 3243, 218
62237, 0, 0, 27, 27, 1, 7.67%, 6, 0, 2, 1.02, 3255, 218
62243, 0, 0, 27, 27, 1, 7.67%, 6, 0, 2, 1.54, 3266, 218
62248, 0, 0, 27, 27, 1, 7.67%, 6, 0, 2, 1.77, 3277, 218
62253, 0, 0, 27, 27, 1, 7.67%, 6, 0, 2, 2.20, 3288, 218
62259, 0, 0, 27, 27, 1, 7.67%, 6, 0, 2, 2.33, 3299, 218
62264, 0, 0, 27, 27, 1, 7.67%, 6, 0, 2, 2.37, 3311, 218
62270, 0, 0, 27, 27, 1, 7.67%, 6, 0, 2, 2.35, 3321, 218
62275, 0, 0, 27, 27, 1, 7.67%, 7, 0, 2, 2.55, 3330, 218
62280, 0, 0, 27, 27, 1, 7.67%, 7, 0, 2, 2.86, 3342, 218
62285, 0, 0, 27, 27, 1, 7.67%, 7, 0, 2, 3.15, 3357, 218
62291, 0, 0, 27, 27, 1, 7.67%, 7, 0, 2, 2.86, 3369, 218
62296, 0, 0, 27, 27, 1, 7.67%, 7, 0, 2, 2.83, 3379, 218
62301, 0, 0, 27, 27, 1, 7.67%, 7, 0, 2, 2.52, 3385, 218
62307, 0, 0, 27, 27, 1, 7.67%, 7, 0, 2, 2.42, 3396, 218
62313, 0, 0, 27, 27, 1, 7.67%, 7, 0, 2, 2.02, 3402, 218
62318, 0, 0, 27, 27, 1, 7.67%, 7, 0, 2, 2.12, 3415, 218
62324, 0, 0, 27, 27, 1, 7.67%, 7, 0, 2, 1.87, 3422, 218
62329, 0, 0, 27, 27, 1, 7.67%, 7, 0, 2, 1.89, 3429, 218
62337, 0, 0, 27, 27, 1, 7.67%, 7, 0, 2, 1.72, 3438, 218
62340, 0, 0, 27, 27, 1, 7.67%, 7, 0, 2, 5.96, 3444, 218
62346, 0, 0, 27, 27, 1, 7.67%, 7, 0, 2, 1.28, 3452, 218
62351, 0, 0, 27, 27, 1, 7.67%, 7, 0, 2, 1.67, 3462, 218
62357, 0, 0, 27, 27, 1, 7.67%, 7, 0, 2, 0.83, 3472, 218
62363, 0, 0, 27, 27, 1, 7.67%, 7, 0, 2, 0.79, 3475, 218
62369, 0, 0, 27, 27, 1, 7.67%, 7, 0, 2, 0.73, 3484, 218
62374, 0, 0, 27, 27, 1, 7.67%, 7, 0, 2, 0.87, 3489, 218
62380, 0, 0, 27, 27, 1, 7.67%, 7, 0, 2, 0.80, 3491, 218
62390, 0, 0, 27, 27, 1, 7.67%, 7, 0, 2, 0.73, 3493, 218
62395, 0, 0, 27, 27, 1, 7.67%, 7, 0, 2, 0.69, 3495, 218
62403, 0, 0, 27, 27, 1, 7.67%, 7, 0, 2, 0.67, 3499, 218
62408, 0, 0, 27, 27, 1, 7.67%, 7, 0, 2, 1.16, 3509, 218
62414, 0, 0, 27, 27, 1, 7.67%, 7, 0, 2, 1.41, 3521, 218
62419, 0, 0, 27, 27, 1, 7.67%, 7, 0, 2, 1.59, 3531, 218
62424, 0, 0, 27, 27, 1, 7.67%, 7, 0, 2, 0.94, 3543, 218
62429, 0, 0, 27, 27, 1, 7.67%, 7, 0, 2, 5.37, 3554, 218
62434, 0, 0, 27, 27, 1, 7.67%, 7, 0, 2, 0.72, 3565, 218
62440, 0, 0, 27, 27, 1, 7.67%, 7, 0, 2, 1.00, 3574, 218
62461, 0, 0, 27, 27, 1, 7.67%, 7, 1, 2, 0.06, 3577, 218
62467, 0, 0, 27, 27, 1, 7.67%, 7, 1, 2, 0.07, 3578, 218
62473, 0, 0, 27, 27, 1, 7.67%, 7, 1, 2, 0.07, 3579, 218
62478, 0, 0, 27, 27, 1, 7.67%, 7, 1, 2, 0.08, 3580, 218
62487, 0, 0, 27, 27, 1, 7.67%, 7, 1, 2, 0.10, 3582, 218
62495, 0, 0, 27, 27, 1, 7.67%, 7, 1, 2, 0.12, 3584, 218
62500, 0, 0, 27, 27, 1, 7.67%, 7, 1, 2, 0.13, 3585, 218
62509, 0, 0, 27, 27, 1, 7.67%, 7, 1, 2, 0.14, 3587, 218
62514, 0, 0, 27, 27, 1, 7.67%, 7, 1, 2, 0.14, 3588, 218
62528, 0, 0, 27, 27, 1, 7.67%, 7, 1, 2, 0.14, 3590, 218
62534, 0, 0, 27, 27, 1, 7.67%, 7, 1, 2, 0.14, 3591, 218
62544, 0, 0, 27, 27, 1, 7.67%, 7, 1, 2, 0.15, 3593, 218
62552, 0, 0, 27, 27, 1, 7.67%, 7, 1, 2, 0.17, 3595, 218
62557, 0, 0, 27, 27, 1, 7.67%, 7, 1, 2, 0.17, 3596, 218
62566, 0, 0, 27, 27, 1, 7.67%, 7, 1, 2, 0.18, 3598, 218
62575, 0, 0, 27, 27, 1, 7.67%, 7, 1, 2, 0.17, 3599, 218
62587, 0, 0, 27, 27, 1, 7.67%, 7, 1, 2, 0.17, 3600, 218
62592, 0, 0, 27, 27, 1, 7.67%, 7, 1, 2, 0.16, 3601, 218
62599, 0, 0, 27, 27, 1, 7.67%, 7, 1, 2, 0.16, 3602, 218
62608, 0, 0, 27, 27, 1, 7.67%, 7, 1, 2, 0.16, 3603, 218
62618, 0, 0, 27, 27, 1, 7.67%, 7, 1, 2, 0.16, 3604, 218
62625, 0, 0, 27, 27, 1, 7.67%, 7, 1, 2, 0.16, 3605, 218
62633, 0, 0, 27, 27, 1, 7.67%, 7, 1, 2, 0.15, 3606, 218
62641, 0, 0, 27, 27, 1, 7.67%, 7, 1, 2, 0.15, 3607, 218
62654, 0, 0, 27, 27, 1, 7.67%, 7, 1, 2, 0.15, 3608, 218
62661, 0, 0, 27, 27, 1, 7.67%, 7, 1, 2, 0.15, 3609, 218
62666, 0, 0, 27, 27, 1, 7.67%, 7, 1, 2, 0.15, 3610, 218
62673, 0, 0, 27, 27, 1, 7.67%, 7, 1, 2, 0.15, 3611, 218
62680, 0, 0, 27, 27, 1, 7.67%, 7, 1, 2, 0.15, 3612, 218
62688, 0, 0, 27, 27, 1, 7.67%, 7, 1, 2, 0.15, 3613, 218
62694, 0, 0, 27, 27, 1, 7.67%, 7, 1, 2, 0.15, 3614, 218
62700, 0, 0, 27, 27, 1, 7.67%, 7, 1, 2, 0.15, 3615, 218
62707, 0, 0, 27, 27, 1, 7.67%, 7, 1, 2, 0.15, 3616, 218
62717, 0, 0, 27, 27, 1, 7.67%, 7, 1, 2, 0.15, 3617, 218
62724, 0, 0, 27, 27, 1, 7.67%, 7, 1, 2, 0.15, 3618, 218
62733, 0, 0, 27, 27, 1, 7.67%, 7, 1, 2, 0.14, 3619, 218
62742, 0, 0, 27, 27, 1, 7.67%, 7, 1, 2, 0.14, 3620, 218
62751, 0, 0, 27, 27, 1, 7.67%, 7, 1, 2, 0.14, 3621, 218
62759, 0, 0, 27, 27, 1, 7.67%, 7, 1, 2, 0.14, 3622, 218
62765, 0, 0, 27, 27, 1, 7.67%, 7, 1, 2, 0.14, 3623, 218
62773, 0, 0, 27, 27, 1, 7.67%, 7, 1, 2, 0.14, 3624, 218
62787, 0, 0, 27, 27, 1, 7.67%, 7, 1, 2, 0.14, 3625, 218
62793, 0, 0, 27, 27, 1, 7.67%, 7, 1, 2, 0.14, 3626, 218
62806, 0, 0, 27, 27, 1, 7.67%, 7, 2, 2, 0.13, 3627, 218
62818, 0, 0, 27, 27, 1, 7.67%, 7, 2, 2, 0.13, 3628, 218
62829, 0, 0, 27, 27, 1, 7.67%, 7, 2, 2, 0.13, 3629, 218
62835, 0, 0, 27, 27, 1, 7.67%, 7, 2, 2, 0.13, 3630, 218
62846, 0, 0, 27, 27, 1, 7.67%, 7, 2, 2, 0.13, 3631, 218
62853, 0, 0, 27, 27, 1, 7.67%, 7, 2, 2, 0.13, 3632, 218
62860, 0, 0, 27, 27, 1, 7.67%, 7, 2, 2, 0.13, 3633, 218
62865, 0, 0, 27, 27, 1, 7.67%, 7, 2, 2, 0.13, 3634, 218
62872, 0, 0, 27, 27, 1, 7.67%, 7, 2, 2, 0.13, 3635, 218
62878, 0, 0, 27, 27, 1, 7.67%, 7, 2, 2, 0.13, 3636, 218
62885, 0, 0, 27, 27, 1, 7.67%, 7, 2, 2, 0.14, 3637, 218
62891, 0, 0, 27, 27, 1, 7.67%, 7, 2, 2, 0.14, 3638, 218
62899, 0, 0, 27, 27, 1, 7.67%, 7, 2, 2, 0.14, 3639, 218
62907, 0, 0, 27, 27, 1, 7.67%, 7, 2, 2, 0.14, 3640, 218
62914, 0, 0, 27, 27, 1, 7.67%, 7, 2, 2, 0.14, 3641, 218
62925, 0, 0, 27, 27, 1, 7.67%, 7, 2, 2, 0.14, 3643, 218
62931, 0, 0, 27, 27, 1, 7.67%, 7, 2, 2, 0.14, 3644, 218
62937, 0, 0, 27, 27, 1, 7.67%, 7, 2, 2, 0.15, 3645, 218
62943, 0, 0, 27, 27, 1, 7.67%, 7, 2, 2, 0.15, 3646, 218
62949, 0, 0, 27, 27, 1, 7.67%, 7, 2, 2, 0.15, 3647, 218
62955, 0, 0, 27, 27, 1, 7.67%, 7, 2, 2, 0.15, 3648, 218
62961, 0, 0, 27, 27, 1, 7.67%, 7, 2, 2, 0.15, 3649, 218
62970, 0, 0, 27, 27, 1, 7.67%, 7, 2, 2, 0.15, 3650, 218
62976, 0, 0, 27, 27, 1, 7.67%, 7, 2, 2, 0.15, 3651, 218
62981, 0, 0, 27, 27, 1, 7.67%, 7, 2, 2, 0.15, 3652, 218
62988, 0, 0, 27, 27, 1, 7.67%, 7, 2, 2, 0.15, 3653, 218
62993, 0, 0, 27, 27, 1, 7.67%, 7, 2, 2, 0.15, 3654, 218
63002, 0, 0, 27, 27, 1, 7.67%, 7, 2, 2, 0.16, 3656, 218
63008, 0, 0, 27, 27, 1, 7.67%, 7, 2, 2, 0.16, 3657, 218
63014, 0, 0, 27, 27, 1, 7.67%, 7, 2, 2, 0.16, 3658, 218
63023, 0, 0, 27, 27, 1, 7.67%, 7, 2, 2, 0.17, 3660, 218
63031, 0, 0, 27, 27, 1, 7.67%, 7, 2, 2, 0.17, 3661, 218
63036, 0, 0, 27, 27, 1, 7.67%, 7, 2, 2, 0.17, 3662, 218
63044, 0, 0, 27, 27, 1, 7.67%, 7, 2, 2, 0.18, 3664, 218
63052, 0, 0, 27, 27, 1, 7.67%, 7, 2, 2, 0.18, 3665, 218
63061, 0, 0, 27, 27, 1, 7.67%, 7, 2, 2, 0.17, 3666, 218
63071, 0, 0, 27, 27, 1, 7.67%, 7, 2, 2, 0.17, 3667, 218
63077, 0, 0, 27, 27, 1, 7.67%, 7, 2, 2, 0.17, 3668, 218
63086, 0, 0, 27, 27, 1, 7.67%, 7, 2, 2, 0.16, 3669, 218
63097, 0, 0, 27, 27, 1, 7.67%, 7, 2, 2, 0.16, 3670, 218
63106, 0, 0, 27, 27, 1, 7.67%, 7, 2, 2, 0.16, 3671, 218
63113, 0, 0, 27, 27, 1, 7.67%, 7, 2, 2, 0.16, 3672, 218
63120, 0, 0, 27, 27, 1, 7.67%, 7, 2, 2, 0.15, 3673, 218
63127, 0, 0, 27, 27, 1, 7.67%, 7, 2, 2, 0.15, 3674, 218
63133, 0, 0, 27, 27, 1, 7.67%, 7, 2, 2, 0.15, 3675, 218
63140, 0, 0, 27, 27, 1, 7.67%, 7, 2, 2, 0.15, 3676, 218
63147, 0, 0, 27, 27, 1, 7.67%, 7, 2, 2, 0.15, 3677, 218
63154, 0, 0, 27, 27, 1, 7.67%, 7, 2, 2, 0.15, 3678, 218
63163, 0, 0, 27, 27, 1, 7.67%, 7, 2, 2, 0.15, 3679, 218
63171, 0, 0, 27, 27, 1, 7.67%, 7, 2, 2, 0.15, 3680, 218
63177, 0, 0, 27, 27, 1, 7.67%, 7, 2, 2, 0.15, 3681, 218
63183, 0, 0, 27, 27, 1, 7.67%, 7, 2, 2, 0.15, 3682, 218
63189, 0, 0, 27, 27, 1, 7.67%, 7, 2, 2, 0.15, 3683, 218
63196, 0, 0, 27, 27, 1, 7.67%, 7, 2, 2, 0.15, 3684, 218
63207, 0, 0, 27, 27, 1, 7.67%, 7, 2, 2, 0.16, 3686, 218
63213, 0, 0, 27, 27, 1, 7.67%, 7, 2, 2, 0.16, 3687, 218
63225, 0, 0, 27, 27, 1, 7.67%, 7, 2, 2, 0.15, 3688, 218
63232, 0, 0, 27, 27, 1, 7.67%, 7, 2, 2, 0.15, 3689, 218
63239, 0, 0, 27, 27, 1, 7.67%, 7, 2, 2, 0.15, 3690, 218
63246, 0, 0, 27, 27, 1, 7.67%, 7, 2, 2, 0.15, 3691, 218
63252, 0, 0, 27, 27, 1, 7.67%, 7, 2, 2, 0.15, 3692, 218
63259, 0, 0, 27, 27, 1, 7.67%, 7, 2, 2, 0.15, 3693, 218
63265, 0, 0, 27, 27, 1, 7.67%, 7, 2, 2, 0.15, 3694, 218
63272, 0, 0, 27, 27, 1, 7.67%, 7, 2, 2, 0.15, 3695, 218
63278, 0, 0, 27, 27, 1, 7.67%, 7, 2, 2, 0.15, 3696, 218
63293, 0, 0, 27, 27, 1, 7.67%, 7, 2, 2, 0.15, 3698, 218
63300, 0, 0, 27, 27, 1, 7.67%, 7, 2, 2, 0.15, 3699, 218
63307, 0, 0, 27, 27, 1, 7.67%, 7, 2, 2, 0.15, 3700, 218
63313, 0, 0, 27, 27, 1, 7.67%, 7, 2, 2, 0.15, 3701, 218
63320, 0, 0, 27, 27, 1, 7.67%, 7, 2, 2, 0.15, 3702, 218
63325, 0, 0, 27, 27, 1, 7.67%, 7, 2, 2, 0.15, 3703, 218
63332, 0, 0, 27, 27, 1, 7.67%, 7, 2, 2, 0.15, 3704, 218
63341, 0, 0, 27, 27, 1, 7.67%, 7, 2, 2, 0.16, 3706, 218
63351, 0, 0, 27, 27, 1, 7.67%, 7, 2, 2, 0.16, 3707, 218
63357, 0, 0, 27, 27, 1, 7.67%, 7, 2, 2, 0.16, 3708, 218
63364, 0, 0, 27, 27, 1, 7.67%, 7, 2, 2, 0.16, 3709, 218
63370, 0, 0, 27, 27, 1, 7.67%, 7, 2, 2, 0.16, 3710, 218
63377, 0, 0, 27, 27, 1, 7.67%, 7, 2, 2, 0.16, 3711, 218
63384, 0, 0, 27, 27, 1, 7.67%, 7, 2, 2, 0.16, 3712, 218
63390, 0, 0, 27, 27, 1, 7.67%, 7, 2, 2, 0.16, 3713, 218
63396, 0, 0, 27, 27, 1, 7.67%, 7, 2, 2, 0.16, 3714, 218
63404, 0, 0, 27, 27, 1, 7.67%, 7, 2, 2, 0.16, 3715, 218
63414, 0, 0, 27, 27, 1, 7.67%, 7, 2, 2, 0.16, 3716, 218
63417, 0, 0, 27, 27, 1, 7.67%, 7, 2, 2, 0.16, 3717, 218
63423, 0, 0, 27, 27, 1, 7.67%, 7, 2, 2, 1.33, 3724, 218
63428, 0, 0, 27, 27, 1, 7.67%, 7, 2, 2, 1.31, 3728, 218
63434, 0, 0, 27, 27, 1, 7.67%, 7, 2, 2, 1.69, 3739, 218
63439, 0, 0, 27, 27, 1, 7.67%, 7, 2, 2, 1.91, 3749, 218
63444, 0, 0, 27, 27, 1, 7.67%, 7, 2, 2, 1.75, 3754, 218
63452, 0, 0, 27, 27, 1, 7.67%, 7, 2, 2, 0.13, 3755, 218
63459, 0, 0, 27, 27, 1, 7.67%, 7, 2, 2, 0.13, 3756, 218
63466, 0, 0, 27, 27, 1, 7.67%, 7, 2, 2, 0.13, 3757, 218
63475, 0, 0, 27, 27, 1, 7.67%, 7, 2, 2, 0.13, 3758, 218
63481, 0, 0, 27, 27, 1, 7.67%, 7, 2, 2, 0.13, 3759, 218
63488, 0, 0, 27, 27, 1, 7.67%, 7, 2, 2, 0.13, 3760, 218
63495, 0, 0, 27, 27, 1, 7.67%, 7, 2, 2, 0.13, 3761, 218
63502, 0, 0, 27, 27, 1, 7.67%, 7, 2, 2, 0.13, 3762, 218
63509, 0, 0, 27, 27, 1, 7.67%, 7, 2, 2, 0.13, 3763, 218
63517, 0, 0, 27, 27, 1, 7.67%, 7, 2, 2, 0.13, 3764, 218
63523, 0, 0, 27, 27, 1, 7.67%, 7, 2, 2, 0.14, 3765, 218
63528, 0, 0, 27, 27, 1, 7.67%, 7, 2, 2, 0.14, 3766, 218
63539, 0, 0, 27, 27, 1, 7.67%, 7, 2, 2, 0.14, 3767, 218
63543, 0, 0, 27, 27, 1, 7.67%, 7, 2, 2, 0.14, 3768, 218
63549, 0, 0, 27, 27, 1, 7.67%, 7, 2, 2, 1.09, 3772, 218
63560, 0, 0, 27, 27, 1, 7.67%, 7, 2, 2, 0.14, 3776, 218
63569, 0, 0, 27, 27, 1, 7.67%, 7, 2, 2, 0.14, 3777, 218
63576, 0, 0, 27, 27, 1, 7.67%, 7, 2, 2, 0.14, 3778, 218
63585, 0, 0, 27, 27, 1, 7.67%, 7, 2, 2, 0.14, 3779, 218
63592, 0, 0, 27, 27, 1, 7.67%, 7, 2, 2, 0.14, 3780, 218
63602, 0, 0, 27, 27, 1, 7.67%, 7, 2, 2, 0.14, 3781, 218
63608, 0, 0, 27, 27, 1, 7.67%, 7, 2, 2, 0.14, 3782, 218
63615, 0, 0, 27, 27, 1, 7.67%, 7, 2, 2, 0.14, 3783, 218
63623, 0, 0, 27, 27, 1, 7.67%, 7, 2, 2, 0.14, 3784, 218
63628, 0, 0, 27, 27, 1, 7.67%, 7, 2, 2, 0.14, 3785, 218
63635, 0, 0, 27, 27, 1, 7.67%, 7, 2, 2, 0.14, 3786, 218
63643, 0, 0, 27, 27, 1, 7.67%, 7, 2, 2, 0.14, 3787, 218
63650, 0, 0, 27, 27, 1, 7.67%, 7, 2, 2, 0.14, 3788, 218
63657, 0, 0, 27, 27, 1, 7.67%, 7, 2, 2, 0.14, 3789, 218
63669, 0, 0, 27, 27, 1, 7.67%, 7, 2, 2, 0.14, 3790, 218
63677, 0, 0, 27, 27, 1, 7.67%, 7, 2, 2, 0.14, 3791, 218
63683, 0, 0, 27, 27, 1, 7.67%, 7, 2, 2, 0.14, 3792, 218
63689, 0, 0, 27, 27, 1, 7.67%, 7, 2, 2, 0.31, 3796, 218
63694, 0, 0, 27, 27, 1, 7.67%, 7, 2, 2, 0.80, 3801, 218
63701, 0, 0, 27, 27, 1, 7.67%, 7, 2, 2, 1.01, 3808, 218
63706, 0, 0, 27, 27, 1, 7.67%, 7, 2, 2, 1.49, 3819, 218
63711, 0, 0, 27, 27, 1, 7.67%, 7, 2, 2, 1.71, 3830, 218
63717, 0, 0, 27, 27, 1, 7.67%, 7, 2, 2, 2.00, 3842, 218
63723, 0, 0, 27, 27, 1, 7.67%, 7, 2, 2, 1.98, 3851, 218
63728, 0, 0, 27, 27, 1, 7.67%, 7, 2, 2, 2.22, 3859, 218
63733, 0, 0, 27, 27, 1, 7.67%, 7, 2, 2, 1.93, 3862, 218
63739, 0, 0, 27, 27, 1, 7.67%, 7, 2, 2, 0.28, 3865, 218
63744, 0, 0, 27, 27, 1, 7.67%, 7, 2, 2, 2.79, 3875, 218
63750, 0, 0, 27, 27, 1, 7.67%, 7, 2, 2, 2.71, 3882, 218
63755, 0, 0, 27, 27, 1, 7.67%, 7, 2, 2, 2.40, 3890, 218
63761, 0, 0, 27, 27, 1, 7.67%, 7, 2, 2, 2.02, 3896, 218
63766, 0, 0, 27, 27, 1, 7.67%, 7, 2, 2, 2.12, 3909, 218
63772, 0, 0, 27, 27, 1, 7.67%, 7, 2, 2, 2.00, 3916, 218
63778, 0, 0, 27, 27, 1, 7.67%, 7, 2, 2, 0.16, 3917, 218
63784, 0, 0, 27, 27, 1, 7.67%, 7, 2, 2, 0.16, 3918, 218
63790, 0, 0, 27, 27, 1, 7.67%, 7, 2, 2, 1.05, 3924, 218
63796, 0, 0, 27, 27, 1, 7.67%, 7, 2, 2, 1.43, 3934, 218
63801, 0, 0, 27, 27, 1, 7.67%, 7, 2, 2, 1.87, 3947, 218
63807, 0, 0, 27, 27, 1, 7.67%, 7, 2, 2, 1.85, 3956, 218
63812, 0, 0, 27, 27, 1, 7.67%, 8, 2, 2, 2.23, 3967, 218
63818, 0, 0, 27, 27, 1, 7.67%, 8, 2, 2, 2.22, 3977, 218
63823, 0, 0, 27, 27, 1, 7.67%, 8, 2, 2, 2.71, 3989, 218
63828, 0, 0, 27, 27, 1, 7.67%, 8, 2, 2, 2.81, 4002, 218
63834, 0, 0, 27, 27, 1, 7.67%, 8, 2, 2, 2.65, 4009, 218
63839, 0, 0, 27, 27, 1, 7.67%, 8, 2, 2, 2.42, 4018, 218
63844, 0, 0, 27, 27, 1, 7.67%, 8, 2, 2, 2.38, 4027, 218
63850, 0, 0, 27, 27, 1, 7.67%, 8, 2, 2, 2.29, 4039, 218
63856, 0, 0, 27, 27, 1, 7.67%, 8, 2, 2, 2.42, 4049, 218
80540, 0, 0, 28, 28, 1, 7.70%, 8, 2, 2, 0.00, 4063, 219
80545, 0, 0, 28, 28, 1, 7.70%, 8, 2, 2, 1.53, 4076, 219
80551, 0, 0, 28, 28, 1, 7.70%, 8, 2, 2, 1.72, 4086, 219
80556, 0, 0, 28, 28, 1, 7.70%, 8, 2, 2, 2.55, 4095, 219
80561, 0, 0, 28, 28, 1, 7.70%, 8, 2, 2, 2.28, 4101, 219
80570, 0, 0, 28, 28, 1, 7.70%, 8, 2, 2, 0.24, 4106, 219
80576, 0, 0, 28, 28, 1, 7.70%, 8, 2, 2, 1.48, 4112, 219
80581, 0, 0, 28, 28, 1, 7.70%, 8, 2, 2, 1.38, 4117, 219
80586, 0, 0, 28, 28, 1, 7.70%, 8, 2, 2, 1.26, 4122, 219
80591, 0, 0, 28, 28, 1, 7.70%, 8, 2, 2, 7.78, 4129, 219
80597, 0, 0, 28, 28, 1, 7.70%, 8, 2, 2, 8.62, 4142, 219
80602, 0, 0, 28, 28, 1, 7.70%, 8, 2, 2, 1.82, 4153, 219
80607, 0, 0, 28, 28, 1, 7.70%, 8, 2, 2, 1.88, 4162, 219
80613, 0, 0, 28, 28, 1, 7.70%, 8, 2, 2, 2.12, 4172, 219
80619, 0, 0, 28, 28, 1, 7.70%, 8, 2, 2, 1.87, 4180, 219
80624, 0, 0, 28, 28, 1, 7.70%, 8, 2, 2, 2.00, 4190, 219
80630, 0, 0, 28, 28, 1, 7.70%, 8, 2, 2, 2.02, 4200, 219
80635, 0, 0, 28, 28, 1, 7.70%, 8, 2, 2, 2.19, 4210, 219
80640, 0, 0, 28, 28, 1, 7.70%, 8, 2, 2, 2.18, 4220, 219
80645, 0, 0, 28, 28, 1, 7.70%, 8, 2, 2, 0.77, 4229, 219
80651, 0, 0, 28, 28, 1, 7.70%, 8, 2, 2, 0.84, 4241, 219
80656, 0, 0, 28, 28, 1, 7.70%, 8, 2, 2, 0.80, 4248, 219
80661, 0, 0, 28, 28, 1, 7.70%, 8, 2, 2, 0.77, 4254, 219
