# relative_time, cycles_done, cur_item, corpus_count, pending_total, pending_favs, map_size, saved_crashes, saved_hangs, max_depth, execs_per_sec, total_execs, edges_found
61, 0, 0, 103, 103, 1, 24.69%, 0, 0, 2, 261.27, 6922, 316
66, 0, 88, 114, 112, 28, 24.84%, 0, 0, 3, 1003.42, 9818, 318
71, 0, 88, 119, 117, 28, 25.00%, 0, 0, 3, 1054.63, 13673, 320
76, 0, 88, 128, 126, 28, 25.00%, 0, 0, 3, 1059.37, 17071, 320
81, 0, 88, 129, 127, 28, 25.00%, 0, 0, 3, 159.55, 20433, 320
87, 0, 23, 134, 129, 27, 25.00%, 0, 0, 3, 47.74, 22108, 320
92, 0, 119, 139, 133, 26, 25.00%, 0, 0, 4, 935.62, 23726, 320
97, 0, 119, 143, 137, 26, 25.00%, 0, 0, 4, 886.67, 27034, 320
102, 0, 119, 150, 144, 26, 25.23%, 0, 0, 4, 486.59, 29343, 323
107, 0, 119, 156, 150, 26, 25.47%, 0, 0, 4, 905.25, 31903, 326
112, 0, 119, 161, 155, 26, 25.47%, 0, 0, 4, 1029.57, 35040, 326
118, 0, 119, 167, 161, 26, 25.47%, 0, 0, 4, 79.41, 35976, 326
123, 0, 119, 171, 165, 26, 25.47%, 0, 0, 4, 151.01, 36492, 326
128, 0, 119, 173, 167, 26, 25.47%, 0, 0, 4, 179.13, 37331, 326
133, 0, 119, 179, 173, 26, 26.25%, 0, 0, 4, 194.92, 38109, 336
138, 0, 85, 182, 167, 16, 26.25%, 0, 0, 4, 583.87, 40754, 336
143, 0, 109, 187, 168, 12, 26.25%, 0, 0, 5, 842.00, 42319, 336
148, 0, 153, 191, 169, 9, 26.33%, 0, 0, 5, 791.50, 45097, 337
153, 0, 189, 197, 172, 7, 26.41%, 0, 0, 6, 123.57, 46765, 338
159, 0, 189, 199, 174, 7, 26.41%, 0, 0, 6, 791.39, 50026, 338
164, 0, 189, 203, 178, 7, 26.48%, 0, 0, 6, 807.40, 52807, 339
169, 0, 189, 205, 180, 7, 26.48%, 0, 0, 6, 828.71, 55957, 339
174, 0, 189, 207, 182, 7, 26.48%, 0, 0, 6, 734.12, 59267, 339
179, 0, 189, 210, 185, 7, 26.48%, 0, 0, 6, 132.10, 59956, 339
184, 0, 161, 213, 187, 8, 26.64%, 0, 0, 6, 503.33, 62418, 341
189, 0, 195, 216, 186, 5, 26.72%, 0, 0, 7, 766.24, 64885, 342
194, 0, 195, 221, 191, 5, 26.80%, 0, 0, 7, 230.89, 66695, 343
200, 0, 115, 227, 196, 5, 26.88%, 0, 0, 7, 27.55, 67644, 344
205, 0, 215, 231, 198, 4, 26.88%, 0, 0, 8, 964.15, 70095, 344
210, 0, 215, 233, 200, 4, 26.95%, 0, 0, 8, 792.68, 73327, 345
215, 0, 215, 235, 202, 4, 26.95%, 0, 0, 8, 776.49, 76567, 345
220, 0, 215, 236, 203, 4, 26.95%, 0, 0, 8, 121.55, 78411, 345
226, 0, 153, 238, 201, 1, 27.19%, 0, 0, 8, 28.57, 81673, 348
231, 0, 88, 239, 200, 0, 27.19%, 0, 0, 8, 611.86, 84555, 348
236, 0, 174, 244, 205, 0, 27.81%, 0, 0, 8, 41.77, 86886, 356
242, 0, 239, 246, 205, 1, 27.81%, 0, 0, 8, 490.29, 89351, 356
247, 0, 242, 248, 206, 0, 28.20%, 0, 0, 8, 653.22, 92756, 361
252, 0, 195, 252, 206, 0, 28.59%, 0, 0, 8, 717.62, 94659, 366
257, 0, 80, 253, 207, 0, 28.59%, 0, 0, 8, 460.02, 98195, 366
262, 0, 174, 254, 208, 0, 28.59%, 0, 0, 8, 636.03, 101665, 366
267, 0, 85, 254, 208, 0, 28.59%, 0, 0, 8, 719.92, 105466, 366
273, 0, 88, 256, 209, 0, 28.67%, 0, 0, 8, 851.79, 109388, 367
278, 0, 153, 257, 210, 0, 28.67%, 0, 0, 8, 673.98, 112977, 367
283, 0, 174, 260, 213, 0, 28.83%, 0, 0, 8, 749.10, 115327, 369
288, 0, 174, 262, 213, 0, 28.91%, 0, 0, 8, 63.16, 118646, 370
293, 0, 228, 263, 213, 0, 28.91%, 0, 0, 9, 565.13, 121814, 370
298, 0, 101, 264, 214, 0, 28.91%, 0, 0, 9, 531.62, 125060, 370
303, 0, 174, 264, 214, 0, 28.91%, 0, 0, 9, 772.00, 129274, 370
308, 0, 251, 264, 214, 0, 28.91%, 0, 0, 9, 823.92, 133377, 370
313, 0, 88, 265, 214, 0, 29.06%, 0, 0, 9, 697.71, 137056, 372
319, 0, 174, 268, 217, 0, 29.06%, 0, 0, 9, 710.55, 140492, 372
324, 0, 261, 270, 219, 0, 29.06%, 0, 0, 9, 659.55, 143631, 372
329, 0, 88, 271, 220, 0, 29.06%, 0, 0, 9, 726.29, 147108, 372
334, 0, 254, 271, 220, 0, 29.06%, 0, 0, 9, 750.59, 150931, 372
339, 0, 153, 274, 222, 0, 29.06%, 0, 0, 9, 63.32, 153040, 372
344, 0, 174, 274, 221, 0, 29.06%, 0, 0, 9, 637.48, 156320, 372
349, 0, 88, 275, 222, 0, 29.06%, 0, 0, 9, 308.82, 159692, 372
355, 0, 174, 277, 224, 0, 29.06%, 0, 0, 9, 522.75, 162691, 372
360, 0, 153, 279, 226, 0, 29.06%, 0, 0, 9, 634.15, 165768, 372
365, 0, 259, 279, 226, 0, 29.06%, 0, 0, 9, 765.44, 169905, 372
370, 0, 88, 279, 226, 0, 29.06%, 0, 0, 9, 807.70, 173997, 372
375, 0, 174, 280, 227, 0, 29.06%, 0, 0, 9, 320.35, 177560, 372
380, 0, 125, 280, 227, 0, 29.06%, 0, 0, 9, 729.52, 181728, 372
385, 0, 261, 280, 227, 0, 29.06%, 0, 0, 9, 823.53, 185984, 372
391, 0, 174, 282, 228, 0, 29.06%, 0, 0, 9, 20.91, 189007, 372
396, 0, 264, 283, 228, 0, 29.06%, 0, 0, 9, 479.68, 191664, 372
401, 0, 127, 284, 229, 0, 29.22%, 0, 0, 9, 117.08, 195571, 374
406, 0, 174, 286, 230, 0, 29.22%, 0, 0, 9, 781.54, 198129, 374
411, 0, 102, 286, 230, 0, 29.22%, 0, 0, 9, 793.49, 202241, 374
416, 0, 125, 288, 232, 0, 29.22%, 0, 0, 9, 754.56, 204800, 374
421, 0, 88, 291, 234, 0, 29.38%, 0, 0, 9, 334.82, 207425, 376
427, 0, 259, 293, 235, 0, 29.38%, 0, 0, 9, 595.15, 210169, 376
432, 0, 115, 295, 237, 0, 29.38%, 0, 0, 9, 257.87, 212527, 376
437, 1, 88, 295, 237, 0, 29.38%, 0, 0, 9, 684.27, 216369, 376
442, 1, 174, 295, 237, 0, 29.38%, 0, 0, 9, 764.34, 220165, 376
447, 1, 174, 295, 236, 0, 29.38%, 0, 0, 9, 766.98, 224153, 376
452, 1, 103, 295, 235, 0, 29.38%, 0, 0, 9, 771.47, 228116, 376
457, 1, 174, 295, 235, 0, 29.38%, 0, 0, 9, 773.05, 231910, 376
462, 1, 88, 297, 235, 0, 29.38%, 0, 0, 9, 531.43, 234482, 376
467, 1, 239, 297, 235, 0, 29.38%, 0, 0, 9, 661.80, 238059, 376
473, 1, 88, 297, 235, 0, 29.38%, 0, 0, 9, 735.95, 241891, 376
478, 1, 153, 298, 236, 0, 29.38%, 0, 0, 9, 655.97, 244964, 376
483, 1, 174, 299, 237, 0, 29.38%, 0, 0, 9, 863.35, 248003, 376
489, 1, 228, 301, 239, 0, 29.38%, 0, 0, 9, 39.62, 251158, 376
494, 1, 153, 301, 239, 0, 29.38%, 0, 0, 9, 618.81, 254440, 376
499, 1, 174, 301, 239, 0, 29.38%, 0, 0, 9, 694.28, 258030, 376
504, 1, 174, 301, 239, 0, 29.38%, 0, 0, 9, 716.94, 261627, 376
509, 1, 153, 301, 239, 0, 29.38%, 0, 0, 9, 742.61, 265445, 376
514, 1, 174, 301, 239, 0, 29.38%, 0, 0, 9, 816.78, 269634, 376
519, 1, 218, 302, 239, 0, 29.38%, 0, 0, 9, 656.92, 272677, 376
524, 1, 88, 302, 239, 0, 29.38%, 0, 0, 9, 824.59, 276938, 376
529, 1, 88, 303, 239, 0, 29.45%, 0, 0, 9, 782.28, 280540, 377
534, 1, 211, 304, 240, 0, 29.45%, 0, 0, 9, 117.86, 283672, 377
539, 1, 88, 304, 240, 0, 29.45%, 0, 0, 9, 746.02, 286967, 377
544, 1, 174, 304, 240, 0, 29.45%, 0, 0, 9, 726.43, 290423, 377
549, 1, 174, 304, 240, 0, 29.45%, 0, 0, 9, 700.34, 293929, 377
554, 1, 88, 304, 240, 0, 29.45%, 0, 0, 9, 731.42, 297549, 377
560, 1, 88, 305, 241, 0, 29.45%, 0, 0, 9, 478.46, 300517, 377
565, 1, 153, 305, 241, 0, 29.45%, 1, 0, 9, 621.27, 303745, 377
570, 1, 174, 305, 240, 0, 29.45%, 1, 0, 9, 634.89, 306833, 377
575, 1, 153, 305, 240, 0, 29.45%, 1, 0, 9, 668.65, 310186, 377
580, 1, 88, 305, 238, 0, 29.45%, 2, 0, 9, 642.48, 313326, 377
585, 1, 88, 305, 238, 0, 29.45%, 2, 0, 9, 680.85, 316683, 377
590, 1, 88, 305, 236, 0, 29.45%, 2, 0, 9, 728.74, 320201, 377
595, 1, 88, 305, 235, 0, 29.45%, 2, 0, 9, 792.84, 324277, 377
600, 1, 88, 305, 235, 0, 29.45%, 2, 0, 9, 729.63, 327752, 377
605, 1, 174, 308, 238, 0, 29.45%, 2, 0, 9, 557.21, 329611, 377
610, 1, 88, 308, 237, 0, 29.45%, 2, 0, 9, 745.32, 333522, 377
615, 1, 88, 309, 238, 0, 29.45%, 2, 0, 9, 728.55, 336401, 377
620, 1, 161, 309, 238, 0, 29.45%, 2, 0, 9, 774.05, 340319, 377
626, 1, 174, 311, 240, 0, 29.45%, 2, 0, 9, 413.96, 342833, 377
631, 1, 153, 311, 240, 0, 29.45%, 2, 0, 9, 623.90, 346205, 377
636, 1, 125, 313, 242, 0, 29.45%, 2, 0, 9, 289.36, 348003, 377
641, 1, 174, 313, 242, 0, 29.45%, 2, 0, 9, 656.14, 351840, 377
646, 1, 102, 313, 242, 0, 29.45%, 2, 0, 9, 709.37, 355592, 377
651, 1, 88, 314, 243, 0, 29.45%, 2, 0, 9, 685.73, 359113, 377
657, 1, 295, 316, 245, 0, 29.45%, 2, 0, 9, 52.78, 361707, 377
662, 1, 174, 318, 247, 0, 29.45%, 2, 0, 9, 629.37, 363213, 377
667, 1, 168, 320, 249, 0, 29.45%, 2, 0, 9, 218.37, 365536, 377
673, 1, 174, 321, 250, 0, 29.45%, 2, 0, 9, 482.40, 368372, 377
678, 1, 79, 321, 250, 0, 29.45%, 2, 0, 9, 728.02, 372273, 377
683, 1, 295, 322, 250, 0, 29.45%, 2, 0, 9, 29.83, 375804, 377
688, 1, 174, 323, 251, 0, 29.45%, 2, 0, 9, 540.91, 378572, 377
694, 1, 254, 326, 254, 0, 29.53%, 2, 0, 9, 9.10, 381037, 378
699, 1, 153, 327, 255, 0, 29.53%, 2, 0, 9, 501.81, 382885, 378
704, 1, 88, 328, 256, 0, 29.53%, 2, 0, 9, 550.63, 385460, 378
709, 1, 153, 329, 257, 0, 29.53%, 2, 0, 9, 666.81, 387871, 378
714, 1, 88, 329, 256, 0, 29.53%, 2, 0, 9, 638.07, 390982, 378
719, 1, 88, 329, 256, 0, 29.53%, 2, 0, 9, 689.41, 394367, 378
724, 2, 174, 329, 255, 0, 29.53%, 8, 0, 9, 680.84, 397707, 378
729, 2, 174, 330, 256, 0, 29.53%, 12, 0, 9, 668.10, 400256, 378
735, 2, 174, 333, 259, 0, 29.53%, 12, 0, 9, 64.36, 401102, 378
740, 2, 218, 334, 260, 0, 29.61%, 14, 0, 9, 805.06, 404224, 379
745, 2, 174, 336, 262, 0, 29.69%, 17, 0, 9, 83.08, 407150, 380
750, 2, 174, 337, 262, 0, 29.69%, 18, 0, 9, 781.62, 410475, 380
756, 2, 174, 340, 265, 0, 29.69%, 20, 0, 9, 161.60, 412435, 380
762, 2, 181, 340, 265, 0, 29.69%, 21, 0, 9, 565.12, 415814, 380
767, 2, 153, 341, 265, 0, 29.69%, 21, 0, 9, 15.14, 418495, 380
772, 2, 174, 341, 265, 0, 29.69%, 21, 0, 9, 656.58, 421870, 380
777, 2, 90, 342, 266, 0, 29.69%, 24, 0, 9, 590.51, 424923, 380
782, 2, 153, 344, 268, 0, 29.69%, 24, 0, 9, 331.75, 426460, 380
787, 2, 284, 344, 268, 0, 29.69%, 24, 0, 9, 638.91, 430229, 380
792, 2, 174, 344, 265, 0, 29.69%, 25, 0, 9, 728.94, 434129, 380
798, 2, 153, 345, 266, 0, 29.69%, 25, 0, 9, 107.05, 437335, 380
803, 2, 88, 346, 267, 0, 29.69%, 26, 0, 9, 482.92, 439906, 380
808, 2, 228, 346, 267, 0, 29.69%, 29, 0, 9, 674.51, 443668, 380
813, 2, 88, 348, 269, 0, 29.69%, 29, 0, 9, 115.41, 446295, 380
819, 2, 174, 349, 270, 0, 29.69%, 30, 0, 9, 51.68, 449452, 380
824, 2, 237, 351, 272, 0, 29.69%, 30, 0, 9, 72.28, 451138, 380
829, 2, 237, 353, 274, 0, 29.69%, 30, 0, 9, 456.00, 452260, 380
834, 2, 237, 354, 275, 0, 29.69%, 30, 0, 9, 408.71, 453667, 380
840, 2, 237, 355, 276, 0, 29.69%, 30, 0, 9, 475.09, 455303, 380
845, 2, 237, 356, 277, 0, 29.69%, 30, 0, 9, 474.09, 456921, 380
850, 2, 237, 357, 278, 0, 30.08%, 30, 0, 9, 492.58, 458720, 385
855, 2, 237, 357, 278, 0, 30.08%, 30, 0, 9, 488.21, 461190, 385
860, 2, 237, 358, 279, 0, 30.08%, 31, 0, 9, 496.13, 462893, 385
866, 2, 237, 362, 283, 0, 30.08%, 31, 0, 9, 16.63, 463792, 385
871, 2, 237, 363, 284, 0, 30.08%, 31, 0, 9, 128.28, 464274, 385
876, 2, 237, 364, 285, 0, 30.08%, 31, 0, 9, 161.78, 465007, 385
881, 2, 358, 364, 283, 1, 30.08%, 32, 0, 9, 619.22, 468128, 385
887, 2, 174, 366, 284, 0, 30.08%, 32, 0, 9, 82.02, 470664, 385
892, 2, 174, 368, 286, 0, 30.16%, 33, 0, 9, 196.70, 471444, 386
897, 2, 366, 368, 286, 1, 30.16%, 33, 0, 9, 194.55, 472374, 386
902, 2, 88, 368, 285, 0, 30.16%, 33, 0, 9, 513.31, 475217, 386
907, 2, 153, 368, 282, 0, 30.16%, 34, 0, 9, 684.91, 478806, 386
912, 2, 302, 368, 282, 0, 30.16%, 35, 0, 9, 731.68, 482646, 386
918, 2, 174, 368, 280, 0, 30.16%, 36, 0, 9, 712.22, 486383, 386
923, 2, 111, 369, 281, 0, 30.16%, 36, 0, 9, 547.80, 489246, 386
929, 2, 153, 370, 281, 0, 30.16%, 36, 0, 9, 35.18, 492284, 386
934, 2, 174, 370, 281, 0, 30.16%, 36, 0, 9, 599.51, 495512, 386
939, 2, 102, 370, 281, 0, 30.16%, 37, 0, 9, 678.94, 499068, 386
944, 2, 153, 370, 281, 0, 30.16%, 37, 1, 9, 224.51, 502005, 386
950, 2, 363, 371, 282, 0, 30.16%, 37, 1, 9, 100.00, 504795, 386
955, 2, 174, 371, 281, 0, 30.16%, 37, 1, 9, 507.42, 507705, 386
960, 2, 174, 372, 281, 0, 30.16%, 37, 1, 9, 508.76, 510605, 386
965, 2, 228, 373, 282, 0, 30.16%, 37, 1, 9, 599.99, 513443, 386
970, 2, 359, 374, 283, 0, 30.16%, 37, 1, 9, 753.40, 515391, 386
975, 2, 174, 374, 283, 0, 30.16%, 37, 1, 9, 689.76, 518681, 386
980, 2, 153, 374, 283, 0, 30.16%, 37, 1, 9, 668.67, 522110, 386
985, 2, 174, 374, 283, 0, 30.16%, 37, 1, 9, 620.71, 525184, 386
990, 2, 259, 374, 283, 0, 30.16%, 37, 1, 9, 626.15, 528324, 386
995, 2, 211, 374, 283, 0, 30.16%, 37, 1, 9, 636.56, 531490, 386
1000, 2, 115, 374, 283, 0, 30.16%, 37, 1, 9, 689.10, 534960, 386
1006, 2, 153, 374, 283, 0, 30.16%, 37, 1, 9, 705.70, 538635, 386
1011, 2, 174, 374, 282, 0, 30.16%, 39, 1, 9, 643.19, 541720, 386
1016, 2, 174, 374, 282, 0, 30.16%, 39, 1, 9, 686.37, 545470, 386
1021, 2, 174, 374, 282, 0, 30.16%, 39, 1, 9, 740.35, 549271, 386
1026, 2, 174, 374, 282, 0, 30.16%, 39, 1, 9, 765.90, 552970, 386
1031, 2, 153, 374, 282, 0, 30.16%, 39, 1, 9, 808.82, 556867, 386
1036, 2, 174, 375, 282, 0, 30.16%, 39, 1, 9, 589.66, 559990, 386
1041, 2, 88, 375, 282, 0, 30.16%, 39, 1, 9, 643.27, 563218, 386
1046, 2, 259, 375, 282, 0, 30.16%, 39, 1, 9, 114.04, 566164, 386
1052, 2, 174, 375, 282, 0, 30.16%, 39, 1, 9, 612.47, 569428, 386
1057, 2, 190, 375, 282, 0, 30.16%, 39, 1, 9, 641.66, 572743, 386
1062, 2, 83, 375, 281, 0, 30.16%, 39, 1, 9, 632.33, 575763, 386
1067, 2, 211, 375, 281, 0, 30.16%, 39, 1, 9, 635.21, 579027, 386
1072, 2, 174, 375, 281, 0, 30.16%, 39, 1, 9, 539.76, 581866, 386
1077, 2, 174, 375, 281, 0, 30.16%, 39, 1, 9, 393.80, 584350, 386
1082, 2, 88, 376, 282, 0, 30.16%, 39, 1, 9, 396.73, 586259, 386
1087, 2, 88, 376, 281, 0, 30.16%, 39, 1, 9, 489.50, 588935, 386
1093, 2, 153, 376, 281, 0, 30.16%, 39, 1, 9, 511.99, 591575, 386
1098, 2, 88, 376, 281, 0, 30.16%, 39, 1, 9, 542.76, 594310, 386
1103, 2, 273, 376, 281, 0, 30.16%, 39, 1, 9, 521.92, 596841, 386
1108, 2, 174, 376, 281, 0, 30.16%, 40, 1, 9, 554.16, 599823, 386
1113, 2, 171, 376, 281, 0, 30.16%, 40, 1, 9, 496.48, 602202, 386
1118, 2, 88, 376, 279, 0, 30.16%, 40, 1, 9, 580.55, 605231, 386
1123, 2, 153, 376, 279, 0, 30.16%, 40, 1, 9, 529.47, 607947, 386
1128, 2, 174, 376, 279, 0, 30.16%, 40, 1, 9, 546.22, 610667, 386
1133, 2, 302, 376, 279, 0, 30.16%, 40, 1, 9, 567.24, 613547, 386
1138, 2, 228, 376, 278, 0, 30.16%, 40, 1, 9, 594.74, 616518, 386
1143, 2, 173, 376, 278, 0, 30.16%, 40, 1, 9, 571.46, 619306, 386
1149, 2, 88, 376, 276, 0, 30.16%, 40, 1, 9, 543.67, 622059, 386
1154, 2, 63, 376, 276, 0, 30.16%, 40, 1, 9, 522.68, 624749, 386
1159, 2, 264, 377, 276, 0, 30.16%, 40, 1, 9, 302.85, 626698, 386
1164, 3, 174, 377, 276, 0, 30.16%, 40, 1, 9, 595.84, 629540, 386
1169, 3, 153, 377, 276, 0, 30.16%, 40, 1, 9, 494.38, 631901, 386
1174, 3, 195, 377, 276, 0, 30.16%, 40, 1, 9, 476.74, 634186, 386
1179, 3, 115, 377, 276, 0, 30.16%, 40, 1, 9, 458.44, 636468, 386
1184, 3, 174, 377, 276, 0, 30.16%, 40, 1, 9, 529.35, 639252, 386
1189, 3, 153, 377, 276, 0, 30.16%, 40, 1, 9, 598.45, 642342, 386
1194, 3, 153, 378, 277, 0, 30.16%, 40, 1, 9, 288.62, 643075, 386
1200, 3, 174, 378, 277, 0, 30.16%, 40, 1, 9, 473.20, 645582, 386
1205, 3, 326, 379, 278, 0, 30.16%, 40, 1, 9, 204.93, 647226, 386
1210, 3, 127, 379, 276, 0, 30.16%, 40, 1, 9, 500.44, 650055, 386
1215, 3, 88, 379, 276, 0, 30.16%, 40, 1, 9, 591.69, 653114, 386
1220, 3, 153, 379, 276, 0, 30.16%, 40, 1, 9, 620.35, 655331, 386
1225, 3, 174, 379, 276, 0, 30.16%, 40, 1, 9, 552.50, 657980, 386
1230, 3, 174, 379, 276, 0, 30.16%, 40, 1, 9, 494.85, 660371, 386
1235, 3, 153, 379, 276, 0, 30.16%, 40, 1, 9, 611.30, 663551, 386
1240, 3, 254, 379, 276, 0, 30.16%, 40, 1, 9, 554.78, 666220, 386
1245, 3, 174, 379, 276, 0, 30.16%, 40, 1, 9, 570.14, 669097, 386
1251, 3, 218, 381, 278, 0, 30.16%, 40, 1, 9, 44.91, 670193, 386
1256, 3, 88, 382, 279, 0, 30.16%, 40, 1, 9, 230.72, 671007, 386
1261, 3, 88, 382, 279, 0, 30.16%, 40, 1, 9, 445.67, 673554, 386
1266, 3, 88, 382, 279, 0, 30.16%, 40, 1, 9, 520.49, 676124, 386
1271, 3, 174, 382, 279, 0, 30.16%, 40, 1, 9, 564.78, 679057, 386
1277, 3, 285, 383, 280, 0, 30.16%, 40, 1, 9, 11.36, 681547, 386
1282, 3, 88, 384, 281, 0, 30.16%, 40, 1, 9, 321.99, 683053, 386
1287, 3, 88, 384, 281, 0, 30.16%, 40, 1, 9, 575.40, 686273, 386
1293, 3, 153, 384, 281, 0, 30.16%, 40, 1, 9, 549.86, 689066, 386
1298, 3, 174, 384, 281, 0, 30.16%, 41, 1, 9, 517.21, 691778, 386
1303, 3, 70, 384, 281, 0, 30.16%, 41, 1, 9, 528.45, 694573, 386
1308, 3, 264, 384, 280, 0, 30.16%, 41, 1, 9, 545.68, 697510, 386
1313, 3, 174, 384, 280, 0, 30.16%, 41, 1, 9, 591.83, 700619, 386
1318, 3, 88, 384, 279, 0, 30.16%, 41, 1, 9, 572.37, 703435, 386
1323, 3, 153, 385, 280, 0, 30.16%, 41, 1, 9, 108.76, 704711, 386
1328, 3, 161, 385, 280, 0, 30.16%, 42, 1, 9, 479.01, 706882, 386
1333, 3, 88, 385, 280, 0, 30.16%, 42, 1, 9, 564.24, 709633, 386
1339, 3, 174, 385, 280, 0, 30.16%, 42, 1, 9, 530.71, 712227, 386
1344, 3, 115, 385, 280, 0, 30.16%, 42, 1, 9, 617.34, 715316, 386
1349, 3, 153, 386, 281, 0, 30.16%, 42, 1, 9, 318.61, 716338, 386
1355, 3, 88, 387, 282, 0, 30.16%, 42, 1, 9, 12.14, 717856, 386
1360, 3, 366, 388, 283, 0, 30.16%, 42, 1, 9, 232.10, 718973, 386
1365, 3, 264, 388, 283, 0, 30.16%, 42, 1, 9, 477.02, 721480, 386
1370, 3, 102, 388, 283, 0, 30.16%, 42, 1, 9, 529.06, 724022, 386
1375, 3, 88, 388, 283, 0, 30.16%, 42, 1, 9, 524.48, 726668, 386
1380, 3, 88, 388, 283, 0, 30.16%, 42, 1, 9, 598.63, 729674, 386
1385, 3, 264, 388, 282, 0, 30.16%, 42, 1, 9, 690.41, 732772, 386
1390, 3, 359, 388, 282, 0, 30.16%, 42, 1, 9, 599.76, 735763, 386
1396, 3, 153, 388, 282, 0, 30.16%, 42, 1, 9, 640.89, 739098, 386
1401, 3, 174, 388, 282, 0, 30.16%, 42, 1, 9, 573.33, 741863, 386
1406, 3, 161, 388, 282, 0, 30.16%, 42, 1, 9, 634.39, 744838, 386
1411, 3, 88, 389, 283, 0, 30.16%, 42, 1, 9, 426.95, 747143, 386
1416, 3, 174, 389, 283, 0, 30.16%, 42, 1, 9, 552.63, 750111, 386
1421, 3, 174, 389, 283, 0, 30.16%, 42, 1, 9, 524.41, 752508, 386
1426, 3, 174, 391, 285, 0, 30.23%, 43, 1, 9, 5.75, 753185, 387
1433, 3, 174, 394, 288, 0, 30.23%, 43, 1, 9, 21.54, 753466, 387
1439, 3, 174, 396, 290, 0, 30.23%, 43, 1, 9, 9.49, 753802, 387
1444, 3, 174, 398, 292, 0, 30.23%, 43, 1, 9, 4.79, 754078, 387
1450, 3, 174, 398, 292, 0, 30.23%, 43, 1, 9, 150.15, 754782, 387
1455, 3, 174, 398, 292, 0, 30.23%, 43, 1, 9, 101.96, 755206, 387
1460, 3, 174, 398, 292, 0, 30.23%, 43, 1, 9, 181.14, 756049, 387
1465, 3, 397, 398, 292, 1, 30.23%, 43, 1, 9, 178.10, 756960, 387
1470, 3, 358, 398, 290, 0, 30.23%, 43, 1, 9, 305.44, 758500, 387
1475, 3, 245, 398, 288, 0, 30.23%, 43, 1, 9, 442.46, 760864, 387
1480, 3, 354, 398, 284, 0, 30.23%, 43, 1, 9, 578.74, 763827, 387
1485, 3, 228, 398, 283, 0, 30.23%, 43, 1, 9, 550.83, 766485, 387
1491, 3, 297, 398, 281, 0, 30.23%, 43, 1, 9, 548.83, 769195, 387
1496, 3, 141, 398, 278, 0, 30.23%, 43, 1, 9, 500.69, 771720, 387
1501, 3, 174, 398, 277, 0, 30.23%, 43, 1, 9, 489.01, 774202, 387
1506, 3, 318, 398, 275, 0, 30.23%, 43, 1, 9, 480.87, 776655, 387
1511, 3, 259, 398, 271, 0, 30.23%, 43, 1, 9, 503.18, 779134, 387
1516, 3, 259, 399, 272, 0, 30.23%, 43, 1, 9, 4.07, 779673, 387
1521, 3, 195, 399, 272, 0, 30.23%, 43, 1, 9, 326.47, 781189, 387
1527, 3, 102, 399, 270, 0, 30.23%, 43, 1, 9, 499.11, 783839, 387
1536, 3, 293, 400, 270, 0, 30.23%, 43, 1, 9, 31.14, 786504, 387
1541, 3, 356, 400, 269, 0, 30.23%, 43, 1, 9, 705.86, 788191, 387
1546, 3, 343, 400, 266, 0, 30.23%, 43, 1, 9, 473.11, 790316, 387
1551, 3, 277, 400, 264, 0, 30.23%, 43, 1, 9, 438.26, 792241, 387
1556, 3, 3, 400, 260, 0, 30.23%, 43, 1, 9, 470.63, 794815, 387
1561, 3, 317, 400, 256, 0, 30.23%, 43, 1, 9, 576.61, 797581, 387
1566, 3, 262, 400, 253, 0, 30.23%, 43, 1, 9, 539.34, 800190, 387
1571, 3, 223, 400, 251, 0, 30.23%, 43, 1, 9, 578.29, 802635, 387
1577, 3, 400, 401, 252, 1, 30.23%, 43, 1, 9, 258.39, 803438, 387
1582, 3, 73, 401, 250, 0, 30.23%, 43, 1, 9, 423.64, 805480, 387
1587, 3, 369, 401, 248, 0, 30.23%, 43, 1, 9, 410.53, 807709, 387
1592, 3, 99, 401, 246, 0, 30.23%, 43, 1, 9, 494.40, 809981, 387
1597, 3, 162, 401, 243, 0, 30.23%, 43, 1, 9, 594.13, 813017, 387
1602, 3, 232, 401, 239, 0, 30.23%, 43, 1, 9, 110.92, 815707, 387
1607, 3, 311, 401, 237, 0, 30.23%, 43, 1, 9, 378.56, 817999, 387
1612, 3, 213, 401, 234, 0, 30.23%, 43, 1, 9, 44.05, 820526, 387
1617, 3, 198, 401, 230, 0, 30.23%, 43, 1, 9, 539.91, 823213, 387
1623, 3, 387, 401, 229, 0, 30.23%, 43, 1, 9, 358.48, 824874, 387
1628, 3, 387, 401, 229, 0, 30.23%, 43, 1, 9, 158.73, 825657, 387
1633, 3, 161, 401, 227, 0, 30.23%, 43, 1, 9, 344.21, 827625, 387
1638, 3, 35, 401, 225, 0, 30.23%, 43, 1, 9, 443.59, 829474, 387
1643, 3, 207, 401, 225, 0, 30.23%, 43, 1, 9, 432.31, 831632, 387
1648, 3, 223, 401, 219, 0, 30.23%, 43, 1, 9, 510.32, 834372, 387
1653, 3, 360, 401, 218, 0, 30.23%, 43, 1, 9, 561.54, 837311, 387
1658, 3, 357, 401, 216, 0, 30.23%, 43, 1, 9, 419.81, 839278, 387
1663, 3, 227, 401, 215, 0, 30.23%, 43, 1, 9, 415.76, 841190, 387
1669, 3, 282, 401, 213, 0, 30.23%, 43, 1, 9, 410.89, 843367, 387
1674, 3, 400, 401, 207, 0, 30.23%, 44, 1, 9, 491.62, 845876, 387
1679, 3, 273, 401, 204, 0, 30.23%, 44, 1, 9, 472.81, 848314, 387
1684, 3, 10, 401, 201, 0, 30.23%, 44, 1, 9, 658.66, 850344, 387
1689, 3, 229, 401, 200, 0, 30.23%, 44, 1, 9, 521.38, 852638, 387
1694, 3, 302, 401, 198, 0, 30.23%, 44, 1, 9, 173.35, 854341, 387
1699, 3, 178, 401, 198, 0, 30.23%, 44, 1, 9, 279.00, 855863, 387
1704, 4, 296, 401, 197, 0, 30.23%, 44, 1, 9, 441.91, 857961, 387
1709, 4, 83, 401, 192, 0, 30.23%, 44, 1, 9, 630.72, 861176, 387
1714, 4, 88, 401, 188, 0, 30.23%, 44, 1, 9, 637.70, 864501, 387
1720, 4, 266, 402, 188, 0, 30.23%, 44, 1, 9, 161.98, 865003, 387
1725, 4, 384, 402, 184, 0, 30.23%, 44, 1, 9, 621.79, 867659, 387
1730, 4, 194, 402, 182, 0, 30.23%, 44, 1, 9, 318.07, 869416, 387
1735, 4, 19, 402, 180, 0, 30.23%, 44, 1, 9, 456.50, 871808, 387
1740, 4, 127, 402, 178, 0, 30.23%, 44, 1, 9, 517.36, 874431, 387
1745, 4, 268, 402, 178, 0, 30.23%, 44, 1, 9, 533.94, 877072, 387
1750, 4, 195, 402, 175, 0, 30.23%, 44, 1, 9, 531.32, 879639, 387
1756, 4, 186, 402, 175, 0, 30.23%, 44, 1, 9, 533.55, 882505, 387
1761, 4, 196, 402, 171, 0, 30.23%, 44, 1, 9, 543.44, 885222, 387
1766, 4, 356, 402, 170, 0, 30.23%, 44, 1, 9, 514.49, 887697, 387
1771, 4, 389, 402, 169, 0, 30.23%, 44, 1, 9, 641.18, 890801, 387
1776, 4, 389, 402, 169, 0, 30.23%, 44, 1, 9, 93.65, 891921, 387
1781, 4, 359, 402, 168, 0, 30.23%, 44, 1, 9, 189.22, 892786, 387
1786, 4, 228, 402, 167, 0, 30.23%, 45, 1, 9, 452.87, 895330, 387
1791, 4, 358, 402, 166, 0, 30.23%, 45, 1, 9, 584.10, 898295, 387
1796, 4, 356, 402, 166, 0, 30.23%, 45, 1, 9, 520.34, 900837, 387
1801, 4, 223, 402, 163, 0, 30.23%, 45, 1, 9, 415.02, 902888, 387
1807, 4, 390, 402, 163, 0, 30.23%, 45, 1, 9, 128.50, 904042, 387
1812, 4, 317, 402, 161, 0, 30.23%, 45, 1, 9, 300.23, 905349, 387
1817, 4, 391, 402, 161, 0, 30.23%, 45, 1, 9, 244.80, 906770, 387
1822, 4, 393, 402, 160, 0, 30.23%, 46, 1, 9, 198.25, 907656, 387
1827, 4, 393, 402, 160, 0, 30.23%, 46, 1, 9, 162.94, 908386, 387
1832, 4, 285, 402, 157, 0, 30.23%, 46, 1, 9, 392.34, 910267, 387
1837, 4, 219, 402, 155, 0, 30.23%, 46, 1, 9, 562.50, 913146, 387
1842, 4, 16, 402, 152, 0, 30.23%, 47, 1, 9, 541.61, 916033, 387
1847, 4, 212, 402, 149, 0, 30.23%, 47, 1, 9, 470.52, 918188, 387
1853, 4, 280, 403, 149, 0, 30.23%, 47, 1, 9, 2.82, 919480, 387
1858, 4, 345, 403, 148, 0, 30.23%, 47, 1, 9, 401.01, 921514, 387
1863, 4, 218, 403, 145, 0, 30.23%, 47, 1, 9, 517.93, 924331, 387
1868, 4, 161, 403, 143, 0, 30.23%, 47, 1, 9, 480.24, 926654, 387
1873, 4, 271, 403, 142, 0, 30.23%, 47, 1, 9, 508.23, 929021, 387
1878, 4, 402, 403, 141, 0, 30.23%, 47, 1, 9, 82.96, 929981, 387
1883, 4, 402, 403, 141, 0, 30.23%, 47, 1, 9, 90.49, 930460, 387
1888, 4, 32, 403, 140, 0, 30.23%, 47, 1, 9, 635.37, 932263, 387
1893, 4, 386, 403, 139, 0, 30.23%, 47, 1, 9, 94.17, 932961, 387
1898, 4, 386, 403, 139, 0, 30.23%, 47, 1, 9, 107.54, 933533, 387
1904, 4, 386, 403, 139, 0, 30.23%, 47, 1, 9, 116.52, 934122, 387
1909, 4, 90, 403, 137, 0, 30.23%, 47, 1, 9, 707.66, 937010, 387
1914, 4, 362, 403, 137, 0, 30.23%, 47, 1, 9, 519.12, 939478, 387
1919, 4, 398, 403, 136, 0, 30.23%, 47, 1, 9, 79.04, 941722, 387
1924, 4, 383, 403, 135, 0, 30.23%, 47, 1, 9, 158.81, 942433, 387
1929, 4, 294, 403, 134, 0, 30.23%, 47, 1, 9, 302.44, 944188, 387
1934, 4, 320, 403, 133, 0, 30.23%, 47, 1, 9, 448.33, 946694, 387
1939, 4, 223, 403, 130, 0, 30.23%, 47, 1, 9, 400.17, 948568, 387
1944, 4, 220, 403, 129, 0, 30.23%, 47, 1, 9, 459.32, 950789, 387
1950, 4, 255, 403, 126, 0, 30.23%, 47, 1, 9, 515.73, 953665, 387
1955, 4, 250, 403, 123, 0, 30.23%, 47, 1, 9, 571.68, 956506, 387
1960, 4, 280, 403, 121, 0, 30.23%, 47, 1, 9, 534.71, 959223, 387
1965, 4, 285, 403, 120, 0, 30.23%, 47, 1, 9, 513.36, 961649, 387
1970, 4, 119, 403, 120, 0, 30.23%, 47, 1, 9, 561.14, 964341, 387
1975, 4, 134, 403, 119, 0, 30.23%, 47, 1, 9, 524.94, 966849, 387
1980, 4, 156, 403, 118, 0, 30.23%, 47, 1, 9, 498.70, 969182, 387
1985, 4, 300, 403, 116, 0, 30.23%, 47, 1, 9, 432.23, 971232, 387
1990, 4, 393, 403, 115, 0, 30.23%, 47, 1, 9, 423.34, 973421, 387
1995, 4, 195, 403, 114, 0, 30.23%, 47, 1, 9, 487.57, 975815, 387
2000, 4, 396, 403, 114, 0, 30.23%, 47, 1, 9, 314.88, 977138, 387
2005, 4, 396, 403, 114, 0, 30.23%, 47, 1, 9, 61.22, 977900, 387
2011, 4, 375, 403, 113, 0, 30.23%, 47, 1, 9, 552.45, 980160, 387
2016, 4, 11, 403, 109, 0, 30.23%, 47, 1, 9, 574.09, 982928, 387
2021, 4, 379, 403, 108, 0, 30.23%, 47, 1, 9, 154.72, 984635, 387
2026, 4, 402, 403, 106, 0, 30.23%, 47, 1, 9, 355.10, 986413, 387
2031, 4, 155, 403, 106, 0, 30.23%, 47, 1, 9, 652.81, 989098, 387
2036, 4, 161, 403, 105, 0, 30.23%, 47, 1, 9, 593.35, 991857, 387
2041, 4, 358, 403, 102, 0, 30.23%, 47, 1, 9, 631.55, 995161, 387
2046, 4, 218, 403, 102, 0, 30.23%, 47, 1, 9, 461.72, 997205, 387
2052, 4, 102, 403, 102, 0, 30.23%, 47, 1, 9, 565.22, 999742, 387
2057, 4, 88, 403, 102, 0, 30.23%, 47, 1, 9, 525.65, 1002093, 387
2062, 4, 92, 403, 102, 0, 30.23%, 47, 1, 9, 548.63, 1004795, 387
2067, 4, 127, 403, 102, 0, 30.23%, 47, 1, 9, 843.61, 1007221, 387
2072, 4, 111, 403, 102, 0, 30.23%, 47, 1, 9, 576.14, 1009727, 387
2077, 4, 211, 403, 102, 0, 30.23%, 47, 1, 9, 530.73, 1012211, 387
2082, 4, 228, 403, 102, 0, 30.23%, 47, 1, 9, 495.10, 1014548, 387
2087, 4, 125, 403, 102, 0, 30.23%, 47, 1, 9, 490.13, 1016986, 387
2092, 4, 174, 403, 102, 0, 30.23%, 47, 1, 9, 471.29, 1019342, 387
2097, 4, 174, 403, 102, 0, 30.23%, 47, 1, 9, 515.18, 1021866, 387
2103, 4, 161, 403, 102, 0, 30.23%, 47, 1, 9, 474.37, 1024154, 387
2108, 4, 273, 403, 102, 0, 30.23%, 47, 1, 9, 511.40, 1026720, 387
2113, 4, 88, 403, 102, 0, 30.23%, 47, 1, 9, 487.27, 1029133, 387
2118, 4, 88, 403, 102, 0, 30.23%, 47, 1, 9, 441.94, 1031266, 387
2123, 4, 168, 403, 102, 0, 30.23%, 47, 1, 9, 448.91, 1033298, 387
2128, 4, 195, 403, 102, 0, 30.23%, 47, 1, 9, 469.83, 1035611, 387
2133, 4, 88, 403, 102, 0, 30.23%, 47, 1, 9, 485.31, 1037941, 387
2138, 4, 174, 403, 102, 0, 30.23%, 47, 1, 9, 496.35, 1040403, 387
2143, 4, 174, 403, 102, 0, 30.23%, 47, 1, 9, 78.96, 1042848, 387
2148, 4, 174, 403, 102, 0, 30.23%, 47, 1, 9, 417.41, 1045003, 387
2154, 4, 264, 403, 102, 0, 30.23%, 47, 1, 9, 462.96, 1047477, 387
2159, 4, 174, 403, 102, 0, 30.23%, 47, 1, 9, 472.67, 1049838, 387
2164, 4, 88, 403, 102, 0, 30.23%, 47, 1, 9, 82.57, 1051893, 387
2169, 4, 88, 403, 102, 0, 30.23%, 47, 1, 9, 480.33, 1054217, 387
2174, 4, 174, 403, 101, 0, 30.23%, 47, 1, 9, 431.04, 1056368, 387
2179, 4, 88, 403, 101, 0, 30.23%, 47, 1, 9, 498.36, 1059198, 387
2184, 4, 80, 403, 100, 0, 30.23%, 47, 1, 9, 477.86, 1061636, 387
2189, 4, 174, 403, 99, 0, 30.23%, 47, 1, 9, 510.89, 1064286, 387
2194, 4, 174, 403, 99, 0, 30.23%, 47, 1, 9, 429.27, 1065990, 387
2199, 4, 174, 403, 99, 0, 30.23%, 47, 1, 9, 321.00, 1067376, 387
2204, 4, 88, 403, 99, 0, 30.23%, 47, 1, 9, 387.50, 1069033, 387
2209, 4, 88, 403, 99, 0, 30.23%, 47, 1, 9, 512.09, 1071665, 387
2214, 4, 88, 403, 99, 0, 30.23%, 47, 1, 9, 76.58, 1073779, 387
2220, 4, 174, 403, 99, 0, 30.23%, 47, 1, 9, 659.90, 1076207, 387
2225, 4, 174, 403, 99, 0, 30.23%, 47, 1, 9, 499.41, 1078625, 387
2230, 5, 88, 403, 99, 0, 30.23%, 47, 1, 9, 509.74, 1081188, 387
2235, 5, 88, 403, 99, 0, 30.23%, 47, 1, 9, 617.64, 1083558, 387
2240, 5, 88, 403, 99, 0, 30.23%, 47, 1, 9, 481.70, 1085785, 387
2245, 5, 174, 403, 99, 0, 30.23%, 47, 1, 9, 419.03, 1087773, 387
2250, 5, 174, 403, 98, 0, 30.23%, 47, 1, 9, 458.98, 1090197, 387
2255, 5, 153, 403, 98, 0, 30.23%, 47, 1, 9, 691.54, 1092654, 387
2261, 5, 88, 403, 98, 0, 30.23%, 47, 1, 9, 347.34, 1094786, 387
2266, 5, 88, 403, 98, 0, 30.23%, 47, 1, 9, 404.08, 1096839, 387
2271, 5, 88, 403, 98, 0, 30.23%, 47, 1, 9, 424.12, 1099193, 387
2276, 5, 103, 403, 98, 0, 30.23%, 47, 1, 9, 509.62, 1101787, 387
2281, 5, 161, 403, 98, 0, 30.23%, 47, 1, 9, 549.88, 1104516, 387
2286, 5, 174, 403, 98, 0, 30.23%, 47, 1, 9, 438.91, 1106742, 387
2291, 5, 88, 403, 98, 0, 30.23%, 47, 1, 9, 480.85, 1109231, 387
2296, 5, 174, 403, 98, 0, 30.23%, 47, 1, 9, 591.69, 1111871, 387
2301, 5, 195, 403, 98, 0, 30.23%, 47, 1, 9, 329.10, 1113933, 387
2306, 5, 174, 403, 98, 0, 30.23%, 47, 1, 9, 429.03, 1116133, 387
2311, 5, 88, 403, 98, 0, 30.23%, 47, 1, 9, 424.14, 1118224, 387
2316, 5, 254, 403, 98, 0, 30.23%, 47, 1, 9, 378.07, 1120048, 387
2322, 5, 195, 403, 98, 0, 30.23%, 47, 1, 9, 396.88, 1121941, 387
2327, 5, 228, 403, 98, 0, 30.23%, 47, 1, 9, 384.25, 1123847, 387
2332, 5, 218, 403, 98, 0, 30.23%, 47, 1, 9, 444.83, 1126053, 387
2337, 5, 174, 403, 98, 0, 30.23%, 47, 1, 9, 403.50, 1127955, 387
2342, 5, 195, 403, 97, 0, 30.23%, 47, 1, 9, 495.15, 1130464, 387
2347, 5, 153, 403, 97, 0, 30.23%, 47, 1, 9, 447.62, 1132614, 387
2352, 5, 153, 403, 97, 0, 30.23%, 47, 1, 9, 473.82, 1134958, 387
2357, 5, 174, 403, 97, 0, 30.23%, 47, 1, 9, 509.40, 1137236, 387
2362, 5, 90, 403, 97, 0, 30.23%, 47, 1, 9, 123.15, 1139569, 387
2367, 5, 88, 403, 97, 0, 30.23%, 47, 1, 9, 389.68, 1141849, 387
2372, 5, 125, 403, 97, 0, 30.23%, 47, 1, 9, 366.35, 1143635, 387
2377, 5, 88, 403, 97, 0, 30.23%, 47, 1, 9, 204.74, 1145434, 387
2383, 5, 261, 403, 97, 0, 30.23%, 47, 1, 9, 398.02, 1147630, 387
2388, 5, 88, 403, 97, 0, 30.23%, 47, 1, 9, 470.93, 1150006, 387
2393, 5, 153, 403, 97, 0, 30.23%, 47, 1, 9, 417.74, 1152011, 387
2398, 5, 174, 403, 97, 0, 30.23%, 47, 1, 9, 273.52, 1154207, 387
2403, 5, 88, 403, 97, 0, 30.23%, 47, 1, 9, 465.38, 1156738, 387
2408, 5, 79, 403, 97, 0, 30.23%, 47, 1, 9, 472.64, 1159067, 387
2413, 5, 109, 403, 97, 0, 30.23%, 47, 1, 9, 465.73, 1161416, 387
2418, 5, 125, 403, 97, 0, 30.23%, 47, 1, 9, 379.59, 1163258, 387
2423, 5, 88, 403, 97, 0, 30.23%, 47, 1, 9, 408.41, 1164922, 387
2428, 5, 174, 403, 97, 0, 30.23%, 47, 1, 9, 382.21, 1166750, 387
2433, 5, 153, 403, 97, 0, 30.23%, 47, 1, 9, 446.08, 1168954, 387
2439, 5, 261, 403, 97, 0, 30.23%, 47, 1, 9, 401.85, 1170808, 387
2444, 5, 168, 403, 96, 0, 30.23%, 47, 1, 9, 429.78, 1172796, 387
2449, 5, 153, 403, 96, 0, 30.23%, 47, 1, 9, 467.86, 1175309, 387
2454, 5, 174, 403, 96, 0, 30.23%, 47, 1, 9, 474.95, 1177745, 387
2459, 5, 153, 403, 96, 0, 30.23%, 47, 1, 9, 418.36, 1179772, 387
2464, 5, 153, 403, 96, 0, 30.23%, 47, 1, 9, 72.00, 1181831, 387
2470, 5, 174, 403, 96, 0, 30.23%, 47, 1, 9, 396.89, 1183836, 387
2477, 5, 174, 404, 97, 0, 30.47%, 47, 1, 9, 3.65, 1184695, 390
2482, 5, 109, 404, 97, 0, 30.47%, 47, 1, 9, 272.81, 1185975, 390
2487, 5, 199, 404, 97, 0, 30.47%, 47, 1, 9, 342.52, 1187721, 390
2492, 5, 361, 404, 95, 0, 30.47%, 47, 1, 9, 330.91, 1189303, 390
2497, 5, 88, 404, 94, 0, 30.47%, 47, 1, 9, 477.45, 1191768, 390
2502, 5, 286, 404, 92, 0, 30.47%, 47, 1, 9, 454.40, 1194056, 390
2507, 5, 197, 404, 91, 0, 30.47%, 47, 1, 9, 467.66, 1196272, 390
2512, 5, 41, 404, 90, 0, 30.47%, 47, 1, 9, 443.94, 1198520, 390
2518, 5, 280, 404, 88, 0, 30.47%, 47, 1, 9, 460.22, 1200794, 390
2523, 5, 216, 404, 87, 0, 30.47%, 47, 1, 9, 463.21, 1203041, 390
2528, 5, 259, 404, 86, 0, 30.47%, 47, 1, 9, 448.39, 1205244, 390
2533, 5, 285, 404, 85, 0, 30.47%, 47, 1, 9, 455.74, 1207449, 390
2538, 5, 228, 404, 85, 0, 30.47%, 47, 1, 9, 413.26, 1209456, 390
2543, 5, 195, 404, 84, 0, 30.47%, 47, 1, 9, 374.39, 1211161, 390
2548, 5, 228, 404, 84, 0, 30.47%, 47, 1, 9, 518.87, 1213501, 390
2553, 5, 385, 404, 84, 0, 30.47%, 47, 1, 9, 275.67, 1214751, 390
2562, 5, 385, 405, 85, 0, 30.47%, 47, 1, 9, 5.23, 1215245, 390
2567, 5, 395, 405, 84, 0, 30.47%, 47, 1, 9, 142.03, 1215932, 390
2572, 5, 395, 405, 84, 0, 30.47%, 47, 1, 9, 155.20, 1216725, 390
2579, 5, 395, 406, 85, 0, 30.47%, 47, 1, 9, 1.71, 1217083, 390
2584, 5, 401, 406, 84, 0, 30.47%, 47, 1, 9, 130.83, 1217898, 390
2589, 5, 393, 406, 82, 0, 30.47%, 47, 1, 9, 184.45, 1218842, 390
2594, 5, 256, 406, 82, 0, 30.47%, 47, 1, 9, 209.11, 1219788, 390
2599, 5, 236, 406, 82, 0, 30.47%, 47, 1, 9, 313.94, 1221332, 390
2605, 5, 168, 406, 82, 0, 30.47%, 47, 1, 9, 414.02, 1223478, 390
2610, 5, 239, 406, 82, 0, 30.47%, 47, 1, 9, 451.41, 1225710, 390
2615, 5, 280, 406, 81, 0, 30.47%, 47, 1, 9, 410.89, 1227787, 390
2620, 5, 253, 406, 79, 0, 30.47%, 47, 1, 9, 455.63, 1230225, 390
2625, 5, 174, 406, 78, 0, 30.47%, 47, 1, 9, 52.87, 1232436, 390
2630, 5, 280, 406, 78, 0, 30.47%, 47, 1, 9, 496.38, 1234688, 390
2635, 5, 280, 406, 78, 0, 30.47%, 47, 1, 9, 184.30, 1237098, 390
2642, 5, 161, 407, 79, 0, 30.47%, 47, 1, 9, 6.55, 1239013, 390
2647, 5, 85, 407, 77, 0, 30.47%, 47, 1, 9, 457.94, 1240547, 390
2653, 5, 3, 407, 76, 0, 30.47%, 47, 1, 9, 385.54, 1242361, 390
2658, 5, 280, 407, 76, 0, 30.47%, 47, 1, 9, 349.36, 1244059, 390
2663, 5, 157, 407, 75, 0, 30.47%, 47, 1, 9, 418.11, 1246105, 390
2668, 5, 358, 407, 73, 0, 30.47%, 47, 1, 9, 440.29, 1248369, 390
2673, 5, 336, 407, 73, 0, 30.47%, 47, 1, 9, 495.55, 1250728, 390
2678, 5, 392, 407, 72, 0, 30.47%, 47, 1, 9, 225.11, 1251542, 390
2683, 5, 392, 407, 72, 0, 30.47%, 47, 1, 9, 162.47, 1252232, 390
2688, 5, 106, 407, 71, 0, 30.47%, 47, 1, 9, 321.17, 1254009, 390
2693, 5, 209, 407, 71, 0, 30.47%, 47, 1, 9, 326.97, 1255555, 390
2698, 5, 118, 407, 70, 0, 30.47%, 47, 1, 9, 364.46, 1256781, 390
2703, 5, 115, 407, 70, 0, 30.47%, 47, 1, 9, 362.77, 1258774, 390
2710, 5, 261, 408, 71, 0, 30.47%, 47, 1, 9, 11.59, 1259202, 390
2715, 5, 407, 408, 71, 1, 30.47%, 47, 1, 9, 121.58, 1259914, 390
2720, 5, 407, 408, 71, 1, 30.47%, 47, 1, 9, 133.18, 1260622, 390
2731, 5, 90, 409, 70, 0, 30.47%, 47, 1, 9, 12.42, 1261854, 390
2736, 5, 69, 409, 70, 0, 30.47%, 47, 1, 9, 578.58, 1263996, 390
2741, 5, 302, 409, 68, 0, 30.47%, 47, 1, 9, 552.51, 1266813, 390
2746, 5, 264, 409, 68, 0, 30.47%, 47, 1, 9, 436.27, 1268970, 390
2751, 5, 239, 409, 68, 0, 30.47%, 47, 1, 9, 305.89, 1270240, 390
2756, 5, 393, 409, 68, 0, 30.47%, 47, 1, 9, 497.62, 1271951, 390
2761, 5, 280, 409, 68, 0, 30.47%, 47, 1, 9, 475.08, 1274403, 390
2766, 5, 394, 409, 68, 0, 30.47%, 47, 1, 9, 109.32, 1275280, 390
2771, 5, 394, 409, 68, 0, 30.47%, 47, 1, 9, 133.18, 1275968, 390
2777, 5, 108, 409, 66, 0, 30.47%, 47, 1, 9, 411.16, 1278475, 390
2782, 5, 174, 409, 63, 0, 30.47%, 47, 1, 9, 490.65, 1281043, 390
2787, 5, 270, 409, 62, 0, 30.47%, 47, 1, 9, 519.16, 1283671, 390
2792, 5, 303, 409, 60, 0, 30.47%, 47, 1, 9, 524.93, 1286611, 390
2797, 5, 199, 409, 59, 0, 30.47%, 47, 1, 9, 597.48, 1289621, 390
2802, 5, 359, 409, 58, 0, 30.47%, 47, 1, 9, 529.36, 1292340, 390
2807, 5, 153, 409, 58, 0, 30.47%, 47, 1, 9, 351.46, 1294037, 390
2812, 5, 178, 409, 58, 0, 30.47%, 47, 1, 9, 317.56, 1295471, 390
2818, 5, 153, 409, 58, 0, 30.47%, 47, 1, 9, 243.15, 1296675, 390
2823, 5, 377, 409, 58, 0, 30.47%, 47, 1, 9, 172.99, 1297482, 390
2828, 5, 377, 409, 58, 0, 30.47%, 47, 1, 9, 122.45, 1298095, 390
2833, 5, 218, 409, 57, 0, 30.47%, 47, 1, 9, 349.07, 1299795, 390
2838, 5, 211, 410, 58, 0, 30.47%, 47, 1, 9, 353.94, 1300730, 390
2843, 5, 127, 410, 58, 0, 30.47%, 47, 1, 9, 358.36, 1302538, 390
2848, 5, 228, 410, 58, 0, 30.47%, 47, 1, 9, 336.28, 1304186, 390
2853, 6, 295, 410, 57, 0, 30.47%, 47, 1, 9, 272.68, 1305379, 390
2859, 6, 218, 410, 57, 0, 30.47%, 47, 1, 9, 301.00, 1307024, 390
2864, 6, 293, 410, 57, 0, 30.47%, 47, 1, 9, 351.18, 1308758, 390
2869, 6, 211, 410, 55, 0, 30.47%, 47, 1, 9, 412.81, 1310627, 390
2877, 6, 280, 411, 56, 0, 30.47%, 47, 1, 9, 3.34, 1311191, 390
2882, 6, 293, 411, 56, 0, 30.47%, 47, 1, 9, 486.26, 1312795, 390
2887, 6, 83, 411, 54, 0, 30.47%, 48, 1, 9, 439.48, 1314716, 390
2892, 6, 228, 411, 54, 0, 30.47%, 48, 1, 9, 586.74, 1317210, 390
2897, 6, 218, 411, 54, 0, 30.47%, 48, 1, 9, 453.30, 1319396, 390
2903, 6, 280, 411, 53, 0, 30.47%, 48, 1, 9, 451.98, 1321732, 390
2908, 6, 228, 411, 53, 0, 30.47%, 48, 1, 9, 499.68, 1324286, 390
2913, 6, 254, 411, 53, 0, 30.47%, 48, 1, 9, 447.27, 1326544, 390
2918, 6, 325, 411, 53, 0, 30.47%, 48, 1, 9, 448.36, 1328762, 390
2923, 6, 83, 411, 50, 0, 30.47%, 48, 1, 9, 437.98, 1330916, 390
2928, 6, 181, 411, 50, 0, 30.47%, 48, 1, 9, 425.78, 1333109, 390
2933, 6, 153, 411, 49, 0, 30.47%, 48, 1, 9, 559.71, 1335961, 390
2938, 6, 195, 411, 49, 0, 30.47%, 48, 1, 9, 583.15, 1338961, 390
2943, 6, 228, 411, 49, 0, 30.47%, 48, 1, 9, 501.73, 1341497, 390
2949, 6, 182, 411, 49, 0, 30.47%, 48, 1, 9, 504.14, 1344143, 390
2954, 6, 244, 411, 49, 0, 30.47%, 48, 1, 9, 559.05, 1347082, 390
2959, 6, 228, 411, 48, 0, 30.47%, 48, 1, 9, 504.63, 1349657, 390
2964, 6, 174, 411, 48, 0, 30.47%, 48, 1, 9, 484.08, 1352168, 390
2969, 6, 358, 411, 48, 0, 30.47%, 48, 1, 9, 554.52, 1355099, 390
2974, 6, 250, 411, 48, 0, 30.47%, 48, 1, 9, 514.31, 1357578, 390
2979, 6, 228, 411, 47, 0, 30.47%, 48, 1, 9, 562.89, 1360579, 390
2984, 6, 218, 411, 47, 0, 30.47%, 48, 1, 9, 370.07, 1362948, 390
2990, 6, 362, 411, 47, 0, 30.47%, 48, 1, 9, 445.93, 1365303, 390
2995, 6, 264, 411, 46, 0, 30.47%, 48, 1, 9, 642.34, 1368619, 390
3000, 6, 350, 411, 44, 0, 30.47%, 48, 1, 9, 532.18, 1371201, 390
3005, 6, 404, 411, 44, 0, 30.47%, 48, 1, 9, 109.76, 1372933, 390
3010, 6, 404, 411, 44, 0, 30.47%, 48, 1, 9, 122.73, 1373575, 390
3015, 6, 404, 411, 44, 0, 30.47%, 48, 1, 9, 120.52, 1374201, 390
3020, 6, 261, 411, 43, 0, 30.47%, 48, 1, 9, 335.93, 1375984, 390
3025, 6, 318, 411, 42, 0, 30.47%, 48, 1, 9, 459.85, 1378473, 390
3031, 6, 153, 411, 42, 0, 30.47%, 48, 1, 9, 512.00, 1381123, 390
3036, 6, 127, 411, 41, 0, 30.47%, 48, 1, 9, 516.29, 1383170, 390
3041, 6, 153, 411, 41, 0, 30.47%, 48, 1, 9, 142.13, 1384752, 390
3046, 6, 250, 411, 41, 0, 30.47%, 48, 1, 9, 275.58, 1386072, 390
3051, 6, 333, 412, 42, 0, 30.47%, 48, 1, 9, 29.86, 1387038, 390
3056, 6, 406, 412, 41, 0, 30.47%, 48, 1, 9, 61.81, 1387788, 390
3061, 6, 406, 412, 41, 0, 30.47%, 48, 1, 9, 47.22, 1388004, 390
3066, 6, 406, 412, 41, 0, 30.47%, 48, 1, 9, 64.13, 1388330, 390
3071, 6, 406, 412, 41, 0, 30.47%, 48, 1, 9, 71.96, 1388710, 390
3076, 6, 406, 412, 41, 0, 30.47%, 48, 1, 9, 67.91, 1389051, 390
3082, 6, 228, 412, 39, 0, 30.47%, 48, 1, 9, 603.57, 1390592, 390
3087, 6, 153, 412, 39, 0, 30.47%, 48, 1, 9, 619.99, 1393819, 390
3092, 6, 405, 412, 39, 0, 30.47%, 48, 1, 9, 88.61, 1395853, 390
3097, 6, 405, 412, 39, 0, 30.47%, 48, 1, 9, 105.83, 1396415, 390
3102, 6, 405, 412, 39, 0, 30.47%, 48, 1, 9, 104.65, 1396943, 390
3107, 6, 405, 412, 39, 0, 30.47%, 48, 1, 9, 100.65, 1397451, 390
3112, 6, 410, 412, 38, 0, 30.47%, 48, 1, 9, 312.49, 1399155, 390
3117, 6, 4, 412, 37, 0, 30.47%, 49, 1, 9, 467.74, 1401340, 390
3122, 6, 301, 412, 37, 0, 30.47%, 49, 1, 9, 508.50, 1403205, 390
3130, 6, 285, 413, 37, 0, 30.47%, 49, 1, 9, 11.72, 1403699, 390
3135, 6, 153, 413, 37, 0, 30.47%, 49, 1, 9, 626.65, 1406050, 390
3140, 6, 168, 413, 37, 0, 30.47%, 49, 1, 9, 904.46, 1408364, 390
3145, 6, 370, 413, 37, 0, 30.47%, 49, 1, 9, 328.59, 1410903, 390
3150, 6, 203, 414, 36, 0, 30.55%, 49, 1, 9, 529.99, 1413293, 391
3156, 6, 79, 414, 35, 0, 30.55%, 49, 1, 9, 556.40, 1416063, 391
3161, 6, 153, 414, 35, 0, 30.55%, 49, 1, 9, 634.46, 1419469, 391
3166, 6, 413, 415, 35, 0, 30.55%, 49, 1, 9, 51.59, 1421414, 391
3171, 6, 256, 415, 35, 0, 30.55%, 49, 1, 9, 541.22, 1423430, 391
3176, 6, 414, 415, 35, 0, 30.55%, 49, 1, 9, 98.99, 1425472, 391
3181, 6, 414, 415, 35, 0, 30.55%, 49, 1, 9, 92.85, 1425956, 391
3186, 6, 414, 415, 35, 0, 30.55%, 49, 1, 9, 93.28, 1426426, 391
3192, 6, 414, 415, 35, 0, 30.55%, 49, 1, 9, 90.03, 1426899, 391
3197, 6, 414, 415, 35, 0, 30.55%, 49, 1, 9, 504.56, 1427605, 391
3202, 6, 119, 415, 32, 0, 30.55%, 49, 1, 9, 617.53, 1431004, 391
3207, 6, 88, 415, 31, 0, 30.55%, 49, 1, 9, 594.03, 1433732, 391
3212, 6, 226, 415, 30, 0, 30.55%, 49, 1, 9, 712.16, 1437244, 391
3217, 6, 118, 415, 30, 0, 30.55%, 49, 1, 9, 673.56, 1440710, 391
3222, 6, 295, 415, 30, 0, 30.55%, 49, 1, 9, 545.42, 1443359, 391
3228, 6, 391, 415, 30, 0, 30.55%, 49, 1, 9, 493.76, 1445814, 391
3233, 6, 155, 415, 30, 0, 30.55%, 49, 1, 9, 69.34, 1447868, 391
3238, 6, 285, 415, 30, 0, 30.55%, 49, 1, 9, 341.48, 1449434, 391
3243, 6, 5, 415, 29, 0, 30.55%, 49, 1, 9, 496.65, 1452028, 391
3248, 6, 228, 415, 29, 0, 30.55%, 49, 1, 9, 541.55, 1454384, 391
3253, 6, 393, 415, 29, 0, 30.55%, 49, 1, 9, 404.29, 1456147, 391
3258, 6, 199, 415, 28, 0, 30.55%, 49, 1, 9, 551.62, 1458962, 391
3263, 6, 302, 415, 27, 0, 30.55%, 49, 1, 9, 525.23, 1461753, 391
3269, 6, 262, 415, 26, 0, 30.55%, 49, 1, 9, 456.59, 1464135, 391
3274, 6, 195, 415, 26, 0, 30.55%, 49, 1, 9, 540.88, 1466733, 391
3279, 6, 394, 415, 26, 0, 30.55%, 49, 1, 9, 478.20, 1469132, 391
3284, 6, 201, 415, 26, 0, 30.55%, 49, 1, 9, 542.65, 1471762, 391
3289, 6, 125, 415, 26, 0, 30.55%, 49, 1, 9, 466.31, 1474126, 391
3294, 6, 281, 415, 26, 0, 30.55%, 49, 1, 9, 208.96, 1475357, 391
3299, 6, 125, 415, 26, 0, 30.55%, 50, 1, 9, 364.67, 1476511, 391
3304, 6, 412, 415, 26, 0, 30.55%, 50, 1, 9, 51.82, 1477168, 391
3309, 6, 412, 415, 26, 0, 30.55%, 50, 1, 9, 42.80, 1477400, 391
3315, 6, 412, 415, 26, 0, 30.55%, 50, 1, 9, 19.84, 1477502, 391
3320, 6, 412, 415, 26, 0, 30.55%, 50, 1, 9, 41.17, 1477698, 391
3325, 6, 412, 415, 26, 0, 30.55%, 50, 1, 9, 44.11, 1477915, 391
3330, 6, 412, 415, 26, 0, 30.55%, 50, 1, 9, 33.80, 1478070, 391
3335, 6, 412, 415, 26, 0, 30.55%, 50, 1, 9, 16.10, 1478149, 391
3340, 6, 412, 415, 26, 0, 30.55%, 50, 1, 9, 16.71, 1478226, 391
3345, 6, 412, 415, 26, 0, 30.55%, 50, 1, 9, 15.63, 1478300, 391
3350, 6, 412, 415, 26, 0, 30.55%, 50, 1, 9, 16.25, 1478375, 391
3355, 6, 412, 415, 26, 0, 30.55%, 50, 1, 9, 15.40, 1478447, 391
3360, 6, 412, 415, 26, 0, 30.55%, 50, 1, 9, 16.86, 1478528, 391
3366, 6, 412, 415, 26, 0, 30.55%, 50, 1, 9, 16.74, 1478603, 391
3371, 6, 412, 415, 26, 0, 30.55%, 50, 1, 9, 15.76, 1478673, 391
3376, 6, 412, 415, 26, 0, 30.55%, 50, 1, 9, 5.98, 1478703, 391
3381, 6, 412, 415, 26, 0, 30.55%, 50, 1, 9, 9.62, 1478756, 391
3386, 6, 412, 415, 26, 0, 30.55%, 50, 1, 9, 10.00, 1478800, 391
3391, 6, 412, 415, 26, 0, 30.55%, 50, 1, 9, 10.02, 1478839, 391
3396, 6, 412, 415, 26, 0, 30.55%, 50, 1, 9, 1.66, 1478878, 391
3407, 6, 73, 415, 25, 0, 30.55%, 50, 1, 9, 0.35, 1478922, 391
3412, 6, 73, 415, 25, 0, 30.55%, 50, 1, 9, 17.33, 1478983, 391
3417, 6, 73, 415, 25, 0, 30.55%, 50, 1, 9, 7.82, 1479031, 391
3422, 6, 174, 415, 25, 0, 30.55%, 52, 1, 9, 345.70, 1480366, 391
3427, 6, 109, 415, 25, 0, 30.55%, 52, 1, 9, 380.45, 1481723, 391
3432, 6, 109, 415, 25, 0, 30.55%, 52, 1, 9, 0.92, 1481998, 391
3437, 6, 109, 415, 25, 0, 30.55%, 52, 1, 9, 14.18, 1482061, 391
3443, 6, 109, 415, 25, 0, 30.55%, 52, 1, 9, 13.55, 1482123, 391
3448, 6, 109, 415, 25, 0, 30.55%, 52, 1, 9, 12.17, 1482179, 391
3453, 6, 393, 415, 25, 0, 30.55%, 52, 1, 9, 13.32, 1482233, 391
3458, 6, 393, 415, 25, 0, 30.55%, 52, 1, 9, 14.49, 1482310, 391
3464, 6, 393, 415, 25, 0, 30.55%, 52, 1, 9, 2.35, 1482358, 391
3469, 6, 393, 415, 25, 0, 30.55%, 52, 1, 9, 4.40, 1482406, 391
3474, 6, 106, 415, 25, 0, 30.55%, 52, 1, 9, 9.64, 1482462, 391
3479, 6, 5, 415, 25, 0, 30.55%, 52, 1, 9, 561.51, 1483736, 391
3484, 6, 379, 415, 25, 0, 30.55%, 52, 1, 9, 460.84, 1485574, 391
3489, 6, 115, 415, 25, 0, 30.55%, 52, 1, 9, 355.53, 1487266, 391
3494, 6, 18, 415, 25, 0, 30.55%, 52, 1, 9, 266.73, 1488346, 391
3499, 6, 153, 415, 24, 0, 30.55%, 52, 1, 9, 561.06, 1491010, 391
3504, 6, 78, 415, 24, 0, 30.55%, 52, 1, 9, 141.16, 1493627, 391
3510, 6, 393, 415, 24, 0, 30.55%, 52, 1, 9, 344.30, 1495556, 391
3515, 6, 250, 415, 24, 0, 30.55%, 52, 1, 9, 19.55, 1496803, 391
3520, 6, 115, 415, 24, 0, 30.55%, 52, 1, 9, 376.15, 1497236, 391
3525, 6, 155, 415, 24, 0, 30.55%, 52, 1, 9, 353.97, 1498920, 391
3530, 6, 218, 415, 24, 0, 30.55%, 52, 1, 9, 278.45, 1500332, 391
3536, 6, 161, 415, 24, 0, 30.55%, 52, 1, 9, 11.72, 1501496, 391
3541, 6, 302, 415, 24, 0, 30.55%, 52, 1, 9, 261.46, 1502771, 391
3546, 6, 157, 415, 24, 0, 30.55%, 52, 1, 9, 15.06, 1504285, 391
