# relative_time, cycles_done, cur_item, corpus_count, pending_total, pending_favs, map_size, saved_crashes, saved_hangs, max_depth, execs_per_sec, total_execs, edges_found
62, 0, 38, 58, 56, 8, 30.12%, 18, 4, 3, 391.45, 10187, 75
67, 0, 38, 58, 56, 8, 30.12%, 18, 4, 3, 67.80, 12363, 75
72, 0, 38, 58, 56, 8, 30.12%, 18, 4, 3, 426.21, 14420, 75
78, 0, 38, 60, 58, 8, 30.52%, 18, 4, 3, 45.63, 15918, 76
83, 0, 38, 60, 58, 8, 30.52%, 18, 4, 3, 93.29, 16415, 76
88, 0, 52, 62, 57, 7, 31.33%, 18, 4, 4, 155.55, 17202, 78
93, 0, 37, 66, 58, 4, 31.33%, 18, 4, 4, 262.22, 18545, 78
98, 0, 66, 68, 56, 1, 31.33%, 18, 4, 6, 303.22, 20280, 78
103, 0, 66, 71, 59, 1, 31.33%, 18, 4, 6, 164.75, 21303, 78
108, 0, 66, 71, 59, 1, 31.33%, 18, 4, 6, 303.12, 23013, 78
113, 0, 66, 71, 59, 1, 31.33%, 18, 4, 6, 173.28, 23760, 78
118, 0, 66, 71, 59, 1, 31.33%, 18, 4, 6, 148.60, 24480, 78
124, 0, 66, 71, 59, 1, 31.33%, 18, 4, 6, 183.51, 25438, 78
129, 0, 38, 71, 56, 0, 31.33%, 18, 4, 6, 197.19, 26488, 78
134, 0, 19, 71, 55, 0, 31.33%, 18, 4, 6, 245.63, 27843, 78
139, 0, 51, 74, 58, 0, 31.33%, 18, 4, 6, 46.31, 28936, 78
144, 0, 56, 74, 57, 0, 31.33%, 18, 4, 6, 337.68, 30489, 78
150, 0, 43, 75, 57, 0, 31.33%, 18, 4, 6, 273.75, 31591, 78
155, 0, 22, 75, 57, 0, 31.33%, 18, 4, 6, 247.05, 32776, 78
160, 0, 25, 75, 57, 0, 31.33%, 18, 4, 6, 229.64, 33886, 78
165, 0, 41, 75, 55, 0, 31.33%, 18, 4, 6, 294.11, 35104, 78
170, 0, 51, 75, 54, 0, 31.33%, 18, 4, 6, 237.64, 36250, 78
175, 0, 4, 75, 54, 0, 31.33%, 18, 4, 6, 277.73, 37666, 78
180, 0, 37, 75, 54, 0, 31.33%, 18, 4, 6, 397.66, 38895, 78
185, 0, 68, 75, 54, 0, 31.33%, 18, 4, 6, 334.70, 40249, 78
190, 0, 66, 75, 53, 0, 31.33%, 18, 4, 6, 276.81, 41583, 78
195, 0, 66, 75, 53, 0, 31.33%, 18, 4, 6, 246.91, 42823, 78
201, 0, 40, 75, 53, 0, 31.33%, 18, 4, 6, 156.01, 43724, 78
206, 0, 66, 75, 52, 0, 31.33%, 18, 4, 6, 253.00, 45200, 78
211, 0, 1, 75, 52, 0, 31.33%, 18, 4, 6, 275.05, 46556, 78
216, 0, 51, 75, 52, 0, 31.33%, 18, 4, 6, 216.62, 47592, 78
221, 0, 51, 76, 53, 0, 31.33%, 18, 4, 6, 236.21, 48697, 78
226, 0, 51, 77, 53, 0, 31.33%, 18, 4, 6, 252.21, 49943, 78
231, 0, 68, 78, 54, 0, 31.33%, 18, 4, 7, 105.51, 50538, 78
236, 0, 19, 78, 53, 0, 31.33%, 18, 4, 7, 118.79, 51099, 78
241, 0, 38, 78, 53, 0, 31.33%, 18, 4, 7, 97.93, 51523, 78
247, 1, 77, 78, 53, 0, 31.33%, 18, 4, 7, 87.22, 51906, 78
252, 1, 4, 79, 54, 0, 31.33%, 18, 4, 7, 13.87, 52399, 78
257, 1, 43, 79, 53, 0, 31.33%, 18, 4, 7, 172.87, 53365, 78
262, 1, 4, 79, 53, 0, 31.33%, 18, 4, 7, 231.14, 54692, 78
267, 1, 68, 79, 52, 0, 31.33%, 18, 4, 7, 254.72, 55721, 78
273, 1, 43, 79, 52, 0, 31.33%, 18, 4, 7, 193.66, 56632, 78
278, 1, 14, 79, 49, 0, 31.33%, 18, 4, 7, 226.37, 57786, 78
283, 1, 77, 79, 46, 0, 31.33%, 18, 4, 7, 231.60, 59084, 78
288, 1, 68, 79, 44, 0, 31.33%, 18, 4, 7, 196.11, 60041, 78
293, 1, 22, 79, 44, 0, 31.33%, 18, 4, 7, 48.81, 60751, 78
298, 1, 8, 79, 44, 0, 31.33%, 18, 4, 7, 80.32, 61188, 78
303, 1, 75, 80, 44, 0, 31.33%, 18, 4, 7, 83.36, 61575, 78
308, 1, 4, 80, 43, 0, 31.33%, 18, 4, 7, 127.03, 62122, 78
313, 1, 12, 80, 42, 0, 31.33%, 18, 4, 7, 194.44, 63045, 78
318, 1, 4, 80, 40, 0, 31.33%, 18, 4, 7, 244.41, 64250, 78
323, 1, 14, 80, 40, 0, 31.33%, 18, 4, 7, 54.59, 64836, 78
329, 1, 60, 80, 40, 0, 31.33%, 18, 4, 7, 62.13, 65182, 78
334, 1, 66, 80, 39, 0, 31.33%, 18, 4, 7, 20.80, 65743, 78
339, 1, 68, 80, 39, 0, 31.33%, 18, 4, 7, 185.26, 66561, 78
344, 1, 12, 80, 39, 0, 31.33%, 18, 4, 7, 180.70, 67346, 78
349, 1, 66, 80, 38, 0, 31.33%, 18, 4, 7, 205.15, 68378, 78
354, 1, 66, 80, 38, 0, 31.33%, 18, 4, 7, 48.30, 68897, 78
359, 1, 76, 80, 38, 0, 31.33%, 18, 4, 7, 82.35, 69301, 78
364, 1, 63, 80, 37, 0, 31.33%, 18, 4, 7, 174.81, 70164, 78
370, 1, 55, 80, 34, 0, 31.33%, 18, 4, 7, 196.57, 71182, 78
375, 1, 77, 80, 32, 0, 31.33%, 18, 4, 7, 159.85, 72025, 78
380, 1, 49, 80, 31, 0, 31.33%, 18, 4, 7, 191.17, 72849, 78
385, 1, 43, 80, 30, 0, 31.33%, 18, 4, 7, 223.19, 73909, 78
390, 1, 4, 80, 30, 0, 31.33%, 18, 4, 7, 241.06, 75219, 78
395, 1, 77, 80, 30, 0, 31.33%, 18, 4, 7, 137.27, 75815, 78
400, 1, 15, 80, 29, 0, 31.33%, 18, 4, 7, 233.65, 76933, 78
406, 1, 28, 80, 28, 0, 31.33%, 18, 4, 7, 194.66, 77953, 78
411, 1, 26, 80, 27, 0, 31.33%, 18, 4, 7, 197.04, 78910, 78
416, 1, 4, 80, 26, 0, 31.33%, 18, 4, 7, 81.30, 79785, 78
421, 1, 11, 80, 25, 0, 31.33%, 18, 4, 7, 189.93, 80952, 78
426, 1, 66, 80, 24, 0, 31.33%, 18, 4, 7, 160.61, 81699, 78
431, 2, 23, 80, 24, 0, 31.33%, 18, 4, 7, 186.28, 82693, 78
436, 2, 68, 80, 23, 0, 31.33%, 18, 4, 7, 113.45, 83387, 78
442, 2, 26, 80, 22, 0, 31.33%, 18, 4, 7, 175.19, 84299, 78
447, 2, 37, 80, 22, 0, 31.33%, 18, 4, 7, 233.32, 85543, 78
452, 2, 21, 80, 22, 0, 31.33%, 18, 4, 7, 225.90, 86675, 78
457, 2, 68, 80, 22, 0, 31.33%, 18, 4, 7, 102.83, 87452, 78
462, 2, 77, 80, 22, 0, 31.33%, 18, 4, 7, 163.34, 88388, 78
467, 2, 54, 80, 22, 0, 31.33%, 18, 4, 7, 181.92, 89186, 78
472, 2, 20, 80, 19, 0, 31.33%, 18, 4, 7, 196.00, 90162, 78
477, 2, 65, 80, 18, 0, 31.33%, 18, 4, 7, 192.92, 91142, 78
483, 2, 77, 80, 17, 0, 31.33%, 18, 4, 7, 111.31, 92033, 78
488, 2, 23, 80, 17, 0, 31.33%, 18, 4, 7, 174.27, 92570, 78
493, 2, 59, 80, 15, 0, 31.33%, 18, 4, 7, 208.05, 93701, 78
498, 2, 4, 80, 15, 0, 31.33%, 18, 4, 7, 87.36, 94842, 78
503, 2, 52, 80, 12, 0, 31.33%, 18, 4, 7, 147.88, 95762, 78
508, 2, 43, 80, 12, 0, 31.33%, 18, 4, 7, 207.18, 96715, 78
513, 2, 40, 80, 12, 0, 31.33%, 18, 4, 7, 207.39, 97752, 78
518, 2, 29, 80, 12, 0, 31.33%, 18, 4, 7, 166.75, 98787, 78
523, 2, 66, 80, 11, 0, 31.33%, 18, 4, 7, 175.44, 99711, 78
529, 2, 22, 80, 11, 0, 31.33%, 18, 4, 7, 192.53, 100672, 78
534, 2, 66, 80, 11, 0, 31.33%, 18, 4, 7, 220.66, 101553, 78
539, 2, 66, 80, 11, 0, 31.33%, 18, 4, 7, 142.21, 102334, 78
544, 2, 57, 80, 10, 0, 31.33%, 18, 4, 7, 188.02, 103407, 78
549, 2, 26, 80, 9, 0, 31.33%, 18, 4, 7, 103.92, 104175, 78
554, 2, 77, 80, 9, 0, 31.33%, 18, 4, 7, 104.89, 104841, 78
559, 2, 59, 80, 9, 0, 31.33%, 18, 4, 7, 185.11, 105714, 78
564, 2, 4, 80, 9, 0, 31.33%, 18, 4, 7, 27.29, 106673, 78
569, 2, 43, 80, 9, 0, 31.33%, 18, 4, 7, 46.97, 106955, 78
574, 2, 43, 80, 9, 0, 31.33%, 18, 4, 7, 61.23, 107261, 78
580, 2, 46, 80, 9, 0, 31.33%, 18, 4, 7, 66.85, 107633, 78
585, 2, 66, 80, 9, 0, 31.33%, 18, 4, 7, 127.00, 108340, 78
590, 2, 43, 80, 9, 0, 31.33%, 18, 4, 7, 203.86, 109381, 78
595, 2, 66, 80, 9, 0, 31.33%, 18, 4, 7, 228.85, 110454, 78
601, 2, 22, 81, 10, 0, 31.33%, 18, 4, 7, 25.13, 111438, 78
606, 2, 49, 82, 11, 0, 31.33%, 18, 4, 7, 50.59, 111795, 78
612, 2, 12, 83, 12, 0, 31.33%, 18, 4, 7, 80.38, 112219, 78
617, 2, 39, 83, 11, 0, 31.33%, 18, 4, 7, 167.91, 113050, 78
622, 2, 26, 83, 9, 0, 31.33%, 18, 4, 7, 226.10, 114268, 78
628, 2, 66, 83, 9, 0, 31.33%, 18, 4, 7, 63.69, 114778, 78
633, 2, 66, 83, 9, 0, 31.33%, 18, 4, 7, 81.58, 115137, 78
638, 3, 68, 83, 9, 0, 31.33%, 18, 4, 7, 206.06, 115883, 78
643, 3, 68, 84, 10, 0, 31.33%, 18, 4, 7, 216.13, 116353, 78
648, 3, 11, 84, 10, 0, 31.33%, 18, 4, 7, 51.19, 116599, 78
654, 3, 68, 86, 12, 0, 31.33%, 18, 4, 7, 11.28, 116921, 78
659, 3, 68, 86, 12, 0, 31.33%, 18, 4, 7, 37.86, 117274, 78
664, 3, 68, 86, 12, 0, 31.33%, 18, 4, 7, 45.50, 117494, 78
671, 3, 68, 87, 13, 0, 31.33%, 18, 4, 7, 1.73, 117627, 78
677, 3, 68, 88, 14, 0, 31.33%, 18, 4, 7, 6.56, 117936, 78
683, 3, 43, 88, 14, 0, 31.33%, 18, 4, 7, 189.31, 118457, 78
688, 3, 68, 88, 14, 0, 31.33%, 18, 4, 7, 83.76, 119176, 78
693, 3, 24, 88, 14, 0, 31.33%, 18, 4, 7, 141.94, 119942, 78
698, 3, 75, 88, 14, 0, 31.33%, 18, 4, 7, 31.04, 120399, 78
703, 3, 75, 89, 15, 0, 31.33%, 18, 4, 7, 5.83, 120802, 78
708, 3, 68, 89, 15, 0, 31.33%, 18, 4, 7, 85.14, 121264, 78
713, 3, 12, 89, 15, 0, 31.33%, 18, 4, 7, 194.15, 122077, 78
719, 3, 22, 89, 15, 0, 31.33%, 18, 4, 7, 170.82, 122942, 78
724, 3, 68, 89, 15, 0, 31.33%, 18, 4, 7, 117.05, 123499, 78
729, 3, 43, 89, 15, 0, 31.33%, 18, 4, 7, 166.34, 124404, 78
734, 3, 25, 89, 15, 0, 31.33%, 18, 4, 7, 182.87, 125347, 78
739, 3, 38, 89, 15, 0, 31.33%, 18, 4, 7, 162.90, 126139, 78
744, 3, 26, 89, 14, 0, 31.33%, 18, 4, 7, 198.11, 126973, 78
749, 3, 64, 89, 14, 0, 31.33%, 18, 4, 7, 54.05, 128257, 78
754, 3, 77, 89, 14, 0, 31.33%, 18, 4, 7, 85.90, 128741, 78
760, 3, 78, 89, 13, 0, 31.33%, 18, 4, 7, 173.77, 129756, 78
765, 3, 16, 89, 13, 0, 31.33%, 18, 4, 7, 68.88, 130564, 78
770, 3, 85, 89, 12, 0, 31.33%, 18, 4, 7, 119.74, 131723, 78
775, 3, 66, 89, 11, 0, 31.33%, 18, 4, 7, 134.51, 132437, 78
780, 3, 66, 89, 11, 0, 31.33%, 18, 4, 7, 30.59, 132756, 78
785, 3, 66, 89, 11, 0, 31.33%, 18, 4, 7, 32.23, 132938, 78
790, 3, 66, 89, 11, 0, 31.33%, 18, 4, 7, 59.21, 133142, 78
795, 3, 26, 89, 11, 0, 31.33%, 18, 4, 7, 59.79, 133439, 78
801, 3, 43, 89, 11, 0, 31.33%, 18, 4, 7, 91.05, 133896, 78
806, 3, 12, 89, 11, 0, 31.33%, 18, 4, 7, 82.05, 134267, 78
811, 3, 36, 89, 11, 0, 31.33%, 18, 4, 7, 156.06, 135035, 78
816, 3, 40, 89, 11, 0, 31.33%, 18, 4, 7, 159.76, 135776, 78
821, 3, 81, 89, 11, 0, 31.33%, 18, 4, 7, 186.07, 136722, 78
826, 3, 12, 89, 10, 0, 31.33%, 18, 4, 7, 334.85, 137594, 78
831, 3, 12, 89, 10, 0, 31.33%, 18, 4, 7, 156.94, 138623, 78
836, 3, 66, 89, 10, 0, 31.33%, 18, 4, 7, 258.08, 139272, 78
841, 3, 66, 89, 10, 0, 31.33%, 18, 4, 7, 45.83, 139707, 78
846, 3, 66, 89, 10, 0, 31.33%, 18, 4, 7, 46.09, 139949, 78
851, 3, 43, 89, 10, 0, 31.33%, 18, 4, 7, 161.30, 140730, 78
856, 3, 43, 89, 10, 0, 31.33%, 18, 4, 7, 212.20, 141863, 78
862, 3, 22, 89, 10, 0, 31.33%, 18, 4, 7, 39.60, 142868, 78
867, 3, 22, 89, 10, 0, 31.33%, 18, 4, 7, 262.00, 143714, 78
872, 3, 68, 89, 10, 0, 31.33%, 18, 4, 7, 82.94, 144794, 78
877, 3, 22, 89, 10, 0, 31.33%, 18, 4, 7, 160.40, 145764, 78
882, 3, 37, 89, 10, 0, 31.33%, 18, 4, 7, 195.69, 146677, 78
887, 3, 70, 89, 10, 0, 31.33%, 18, 4, 7, 201.44, 147699, 78
892, 3, 68, 89, 9, 0, 31.33%, 18, 4, 7, 160.53, 148657, 78
897, 3, 4, 89, 9, 0, 31.33%, 18, 4, 7, 216.07, 149459, 78
903, 3, 59, 89, 8, 0, 31.33%, 18, 4, 7, 33.30, 150429, 78
908, 3, 9, 89, 8, 0, 31.33%, 18, 4, 7, 132.72, 151372, 78
913, 3, 26, 89, 8, 0, 31.33%, 18, 4, 7, 24.70, 151965, 78
918, 3, 22, 89, 7, 0, 31.33%, 18, 4, 7, 24.36, 152905, 78
923, 3, 22, 89, 7, 0, 31.33%, 18, 4, 7, 103.40, 153563, 78
928, 3, 19, 89, 7, 0, 31.33%, 18, 4, 7, 182.58, 154527, 78
933, 3, 68, 89, 6, 0, 31.33%, 18, 4, 7, 180.00, 155231, 78
938, 3, 68, 89, 6, 0, 31.33%, 18, 4, 7, 69.73, 156087, 78
943, 3, 66, 89, 6, 0, 31.33%, 18, 4, 7, 18.35, 156814, 78
949, 3, 66, 89, 6, 0, 31.33%, 18, 4, 7, 174.17, 157804, 78
954, 3, 37, 89, 6, 0, 31.33%, 18, 4, 7, 113.86, 158635, 78
959, 4, 38, 89, 6, 0, 31.33%, 18, 4, 7, 141.27, 159429, 78
964, 4, 26, 89, 6, 0, 31.33%, 18, 4, 7, 154.09, 160192, 78
969, 4, 19, 89, 6, 0, 31.33%, 18, 4, 7, 252.20, 161223, 78
974, 4, 60, 89, 6, 0, 31.33%, 18, 4, 7, 43.48, 162029, 78
979, 4, 26, 89, 6, 0, 31.33%, 18, 4, 7, 19.18, 163033, 78
984, 4, 66, 89, 6, 0, 31.33%, 18, 4, 7, 134.25, 163618, 78
990, 4, 56, 89, 6, 0, 31.33%, 18, 4, 7, 151.96, 164500, 78
995, 4, 24, 89, 6, 0, 31.33%, 18, 4, 7, 163.65, 165397, 78
1000, 4, 43, 89, 6, 0, 31.33%, 18, 4, 7, 175.61, 166488, 78
1005, 4, 68, 89, 6, 0, 31.33%, 18, 4, 7, 164.19, 167292, 78
1010, 4, 68, 89, 6, 0, 31.33%, 18, 4, 7, 129.35, 167828, 78
1015, 4, 22, 89, 6, 0, 31.33%, 18, 4, 7, 52.84, 168612, 78
1020, 4, 23, 89, 6, 0, 31.33%, 18, 4, 7, 361.70, 169941, 78
1123, 4, 38, 89, 6, 0, 31.33%, 18, 4, 7, 0.14, 170327, 78
1128, 4, 19, 89, 6, 0, 31.33%, 18, 4, 7, 329.04, 171838, 78
1133, 4, 4, 89, 6, 0, 31.33%, 18, 4, 7, 60.63, 173373, 78
1138, 4, 52, 89, 6, 0, 31.33%, 18, 4, 7, 216.33, 174639, 78
1143, 4, 38, 89, 6, 0, 31.33%, 18, 4, 7, 253.23, 175940, 78
1149, 4, 12, 89, 6, 0, 31.33%, 18, 4, 7, 322.27, 177394, 78
1154, 4, 26, 89, 6, 0, 31.33%, 18, 4, 7, 285.82, 178815, 78
1169, 4, 38, 89, 6, 0, 31.33%, 18, 4, 7, 0.43, 179703, 78
1174, 4, 43, 89, 6, 0, 31.33%, 18, 4, 7, 173.69, 180400, 78
1179, 4, 44, 89, 6, 0, 31.33%, 18, 4, 7, 67.91, 181264, 78
1184, 4, 45, 89, 6, 0, 31.33%, 18, 4, 7, 46.02, 181797, 78
1189, 4, 37, 89, 6, 0, 31.33%, 18, 4, 7, 132.22, 182599, 78
1194, 4, 43, 89, 6, 0, 31.33%, 18, 4, 7, 302.75, 183525, 78
1199, 4, 22, 89, 6, 0, 31.33%, 18, 4, 7, 99.25, 184231, 78
1204, 4, 38, 89, 6, 0, 31.33%, 18, 4, 7, 174.90, 185194, 78
1209, 4, 38, 89, 6, 0, 31.33%, 18, 4, 7, 40.84, 185841, 78
1214, 4, 43, 89, 6, 0, 31.33%, 18, 4, 7, 156.27, 186709, 78
1220, 4, 26, 89, 6, 0, 31.33%, 18, 4, 7, 154.63, 187509, 78
1225, 4, 75, 89, 6, 0, 31.33%, 18, 4, 7, 187.04, 188059, 78
1230, 4, 12, 89, 6, 0, 31.33%, 18, 4, 7, 21.31, 188747, 78
1235, 4, 21, 89, 6, 0, 31.33%, 18, 4, 7, 159.82, 189514, 78
1240, 4, 38, 89, 6, 0, 31.33%, 18, 4, 7, 160.58, 190172, 78
1245, 4, 22, 89, 6, 0, 31.33%, 18, 4, 7, 138.25, 190773, 78
1250, 4, 22, 89, 6, 0, 31.33%, 18, 4, 7, 126.49, 191405, 78
1255, 4, 37, 89, 6, 0, 31.33%, 18, 4, 7, 166.25, 192322, 78
1260, 4, 68, 89, 6, 0, 31.33%, 18, 4, 7, 105.98, 192982, 78
1265, 4, 22, 89, 6, 0, 31.33%, 18, 4, 7, 164.20, 193794, 78
1270, 4, 59, 89, 6, 0, 31.33%, 18, 4, 7, 208.74, 194803, 78
1276, 4, 68, 89, 6, 0, 31.33%, 18, 4, 7, 144.49, 195577, 78
1281, 4, 31, 89, 6, 0, 31.33%, 18, 4, 7, 245.40, 196173, 78
1286, 5, 23, 89, 6, 0, 31.33%, 18, 4, 7, 102.72, 197057, 78
1291, 5, 43, 89, 6, 0, 31.33%, 18, 4, 7, 170.40, 198007, 78
1296, 5, 4, 89, 6, 0, 31.33%, 18, 4, 7, 68.45, 198899, 78
1301, 5, 38, 89, 6, 0, 31.33%, 18, 4, 7, 142.68, 199724, 78
1306, 5, 77, 89, 6, 0, 31.33%, 18, 4, 7, 104.77, 200164, 78
1311, 5, 59, 89, 6, 0, 31.33%, 18, 4, 7, 169.88, 201154, 78
1316, 5, 21, 89, 6, 0, 31.33%, 18, 4, 7, 150.14, 201859, 78
1321, 5, 59, 89, 6, 0, 31.33%, 18, 4, 7, 231.53, 202701, 78
1326, 5, 12, 89, 6, 0, 31.33%, 18, 4, 7, 186.35, 203493, 78
1331, 5, 59, 89, 6, 0, 31.33%, 18, 4, 7, 185.15, 204403, 78
1337, 5, 15, 89, 6, 0, 31.33%, 18, 4, 7, 214.95, 205415, 78
1342, 5, 68, 89, 6, 0, 31.33%, 18, 4, 7, 32.69, 206003, 78
1347, 5, 68, 89, 6, 0, 31.33%, 18, 4, 7, 102.01, 206599, 78
1352, 5, 31, 89, 6, 0, 31.33%, 18, 4, 7, 169.17, 207405, 78
1357, 5, 38, 89, 6, 0, 31.33%, 18, 4, 7, 29.83, 208017, 78
1362, 5, 43, 89, 6, 0, 31.33%, 18, 4, 7, 134.42, 208761, 78
1367, 5, 61, 89, 6, 0, 31.33%, 18, 4, 7, 54.58, 209197, 78
1372, 5, 63, 89, 6, 0, 31.33%, 18, 4, 7, 153.16, 210004, 78
1377, 5, 37, 89, 6, 0, 31.33%, 18, 4, 7, 163.36, 210845, 78
1383, 5, 59, 89, 6, 0, 31.33%, 18, 4, 7, 38.23, 211445, 78
1388, 5, 36, 89, 6, 0, 31.33%, 18, 4, 7, 42.52, 211668, 78
1393, 5, 36, 89, 6, 0, 31.33%, 18, 4, 7, 43.38, 211884, 78
1398, 5, 65, 89, 6, 0, 31.33%, 18, 4, 7, 55.70, 212173, 78
1403, 5, 68, 89, 6, 0, 31.33%, 18, 4, 7, 67.96, 212515, 78
1408, 5, 68, 89, 6, 0, 31.33%, 18, 4, 7, 44.43, 212707, 78
1413, 5, 68, 89, 6, 0, 31.33%, 18, 4, 7, 92.39, 213114, 78
1418, 5, 62, 89, 6, 0, 31.33%, 18, 4, 7, 132.40, 213815, 78
1423, 5, 68, 89, 6, 0, 31.33%, 18, 4, 7, 122.07, 214375, 78
1429, 5, 12, 89, 6, 0, 31.33%, 18, 4, 7, 193.86, 215088, 78
1434, 5, 19, 89, 6, 0, 31.33%, 18, 4, 7, 240.00, 215930, 78
1439, 5, 19, 89, 6, 0, 31.33%, 18, 4, 7, 141.65, 216902, 78
1444, 5, 43, 89, 6, 0, 31.33%, 18, 4, 7, 169.67, 217733, 78
1449, 5, 26, 89, 6, 0, 31.33%, 18, 4, 7, 19.80, 218238, 78
1454, 5, 53, 89, 6, 0, 31.33%, 18, 4, 7, 41.01, 218503, 78
1459, 5, 59, 89, 6, 0, 31.33%, 18, 4, 7, 181.43, 219282, 78
1464, 5, 66, 89, 6, 0, 31.33%, 18, 4, 7, 114.75, 219739, 78
1469, 5, 66, 89, 6, 0, 31.33%, 18, 4, 7, 148.03, 220523, 78
1475, 5, 26, 89, 6, 0, 31.33%, 18, 4, 7, 48.13, 220986, 78
1480, 5, 36, 89, 6, 0, 31.33%, 18, 4, 7, 52.10, 221277, 78
1485, 5, 36, 89, 6, 0, 31.33%, 18, 4, 7, 55.50, 221582, 78
1490, 5, 68, 89, 6, 0, 31.33%, 18, 4, 7, 71.08, 222500, 78
1495, 5, 68, 89, 6, 0, 31.33%, 18, 4, 7, 51.44, 223015, 78
1500, 5, 12, 89, 6, 0, 31.33%, 18, 4, 7, 30.30, 223640, 78
1505, 5, 66, 89, 6, 0, 31.33%, 18, 4, 7, 124.15, 224350, 78
1510, 5, 66, 89, 6, 0, 31.33%, 18, 4, 7, 163.89, 225108, 78
1516, 5, 68, 89, 6, 0, 31.33%, 18, 4, 7, 290.46, 225912, 78
1521, 5, 38, 89, 6, 0, 31.33%, 18, 4, 7, 175.98, 226614, 78
1526, 5, 66, 89, 6, 0, 31.33%, 18, 4, 7, 115.75, 227127, 78
1531, 5, 66, 89, 6, 0, 31.33%, 18, 4, 7, 141.65, 227825, 78
1536, 5, 59, 89, 6, 0, 31.33%, 18, 4, 7, 170.92, 228350, 78
1541, 5, 68, 89, 6, 0, 31.33%, 18, 4, 7, 177.73, 229272, 78
1546, 5, 68, 89, 6, 0, 31.33%, 18, 4, 7, 121.94, 229965, 78
1551, 5, 43, 89, 6, 0, 31.33%, 18, 4, 7, 132.65, 230681, 78
1557, 5, 4, 89, 6, 0, 31.33%, 18, 4, 7, 154.06, 231486, 78
1562, 5, 26, 89, 6, 0, 31.33%, 18, 4, 7, 62.31, 231920, 78
1567, 5, 59, 89, 6, 0, 31.33%, 18, 4, 7, 68.87, 232261, 78
1572, 5, 59, 89, 6, 0, 31.33%, 18, 4, 7, 113.55, 232763, 78
1577, 5, 59, 89, 6, 0, 31.33%, 18, 4, 7, 150.46, 233479, 78
1582, 5, 68, 89, 6, 0, 31.33%, 18, 4, 7, 233.85, 234206, 78
1587, 5, 22, 89, 6, 0, 31.33%, 18, 4, 7, 139.59, 235008, 78
1592, 5, 12, 89, 6, 0, 31.33%, 18, 4, 7, 126.56, 235680, 78
1598, 5, 12, 89, 6, 0, 31.33%, 18, 4, 7, 47.29, 236073, 78
1603, 5, 77, 89, 6, 0, 31.33%, 18, 4, 7, 49.92, 236326, 78
1608, 5, 77, 89, 6, 0, 31.33%, 18, 4, 7, 125.19, 236965, 78
1613, 5, 77, 89, 6, 0, 31.33%, 18, 4, 7, 105.61, 237401, 78
1618, 5, 77, 89, 6, 0, 31.33%, 18, 4, 7, 41.99, 237937, 78
1623, 5, 66, 89, 6, 0, 31.33%, 18, 4, 7, 54.87, 238241, 78
1628, 5, 66, 89, 6, 0, 31.33%, 18, 4, 7, 121.92, 238921, 78
1633, 6, 77, 89, 6, 0, 31.33%, 18, 4, 7, 111.15, 239566, 78
1638, 6, 12, 89, 6, 0, 31.33%, 18, 4, 7, 148.07, 240215, 78
1643, 6, 59, 89, 6, 0, 31.33%, 18, 4, 7, 168.47, 241067, 78
1648, 6, 16, 89, 6, 0, 31.33%, 18, 4, 7, 108.12, 241581, 78
1654, 6, 70, 89, 6, 0, 31.33%, 18, 4, 7, 119.73, 242245, 78
1659, 6, 70, 89, 6, 0, 31.33%, 18, 4, 7, 184.47, 242751, 78
1664, 6, 80, 89, 6, 0, 31.33%, 18, 4, 7, 36.54, 243302, 78
1669, 6, 66, 89, 5, 0, 31.33%, 18, 4, 7, 146.92, 243949, 78
1674, 6, 66, 89, 5, 0, 31.33%, 18, 4, 7, 138.13, 244572, 78
1679, 6, 4, 89, 5, 0, 31.33%, 18, 4, 7, 92.09, 245182, 78
1684, 6, 22, 89, 5, 0, 31.33%, 18, 4, 7, 78.94, 245543, 78
1689, 6, 12, 89, 5, 0, 31.33%, 18, 4, 7, 84.64, 245938, 78
1694, 6, 66, 89, 5, 0, 31.33%, 18, 4, 7, 85.96, 246371, 78
1700, 6, 66, 89, 5, 0, 31.33%, 18, 4, 7, 85.96, 247021, 78
1705, 6, 68, 89, 5, 0, 31.33%, 18, 4, 7, 116.94, 247681, 78
1710, 6, 43, 89, 5, 0, 31.33%, 18, 4, 7, 140.81, 248417, 78
1715, 6, 22, 89, 5, 0, 31.33%, 18, 4, 7, 136.74, 249014, 78
1720, 6, 0, 89, 5, 0, 31.33%, 18, 4, 7, 170.00, 249470, 78
1725, 6, 22, 89, 5, 0, 31.33%, 18, 4, 7, 150.99, 250178, 78
1730, 6, 26, 89, 5, 0, 31.33%, 18, 4, 7, 118.85, 250786, 78
1735, 6, 45, 89, 5, 0, 31.33%, 18, 4, 7, 139.98, 251388, 78
1741, 6, 77, 89, 5, 0, 31.33%, 18, 4, 7, 19.68, 251752, 78
1746, 6, 77, 89, 5, 0, 31.33%, 18, 4, 7, 31.08, 251939, 78
1751, 6, 0, 89, 5, 0, 31.33%, 18, 4, 7, 70.35, 252310, 78
1756, 6, 77, 89, 5, 0, 31.33%, 18, 4, 7, 120.99, 252937, 78
1761, 6, 38, 89, 5, 0, 31.33%, 18, 4, 7, 168.71, 253831, 78
1766, 6, 4, 89, 5, 0, 31.33%, 18, 4, 7, 63.01, 254309, 78
1771, 6, 48, 89, 5, 0, 31.33%, 18, 4, 7, 113.01, 254922, 78
1776, 6, 27, 89, 5, 0, 31.33%, 18, 4, 7, 219.75, 255784, 78
1781, 6, 37, 89, 5, 0, 31.33%, 18, 4, 7, 101.73, 256290, 78
1787, 6, 26, 89, 5, 0, 31.33%, 18, 4, 7, 93.11, 256764, 78
1792, 6, 43, 89, 5, 0, 31.33%, 18, 4, 7, 432.95, 257324, 78
1797, 6, 31, 89, 5, 0, 31.33%, 18, 4, 7, 79.41, 257881, 78
1802, 6, 87, 89, 5, 0, 31.33%, 18, 4, 7, 63.19, 258185, 78
1807, 6, 38, 89, 5, 0, 31.33%, 18, 4, 7, 73.92, 258573, 78
1812, 6, 22, 89, 5, 0, 31.33%, 18, 4, 7, 108.78, 259141, 78
1817, 6, 68, 89, 5, 0, 31.33%, 18, 4, 7, 84.20, 259536, 78
1822, 6, 68, 89, 5, 0, 31.33%, 18, 4, 7, 80.24, 259892, 78
1827, 6, 46, 89, 5, 0, 31.33%, 18, 4, 7, 147.00, 260720, 78
1833, 6, 66, 89, 5, 0, 31.33%, 18, 4, 7, 29.56, 261228, 78
1838, 6, 66, 89, 5, 0, 31.33%, 18, 4, 7, 71.63, 261629, 78
1843, 6, 66, 89, 5, 0, 31.33%, 18, 4, 7, 90.18, 262064, 78
1848, 6, 68, 89, 5, 0, 31.33%, 18, 4, 7, 84.52, 262502, 78
1853, 6, 68, 89, 5, 0, 31.33%, 18, 4, 7, 81.41, 262909, 78
1858, 6, 26, 89, 5, 0, 31.33%, 18, 4, 7, 124.78, 263618, 78
1863, 6, 43, 89, 5, 0, 31.33%, 18, 4, 7, 20.86, 264039, 78
1868, 6, 43, 89, 5, 0, 31.33%, 18, 4, 7, 70.41, 264543, 78
1873, 6, 75, 89, 5, 0, 31.33%, 18, 4, 7, 107.52, 265183, 78
1878, 6, 59, 89, 5, 0, 31.33%, 18, 4, 7, 111.71, 265729, 78
1883, 6, 77, 89, 5, 0, 31.33%, 18, 4, 7, 114.96, 266319, 78
1888, 6, 88, 89, 5, 0, 31.33%, 18, 4, 7, 47.48, 266575, 78
1894, 6, 88, 89, 5, 0, 31.33%, 18, 4, 7, 50.30, 266865, 78
1899, 6, 88, 89, 5, 0, 31.33%, 18, 4, 7, 62.77, 267205, 78
1904, 6, 88, 89, 5, 0, 31.33%, 18, 4, 7, 72.29, 267544, 78
1909, 6, 22, 89, 5, 0, 31.33%, 18, 4, 7, 87.73, 268013, 78
1914, 6, 77, 89, 5, 0, 31.33%, 18, 4, 7, 84.29, 268454, 78
1919, 6, 77, 89, 5, 0, 31.33%, 18, 4, 7, 64.17, 268760, 78
1924, 6, 68, 89, 5, 0, 31.33%, 18, 4, 7, 41.57, 269095, 78
1929, 6, 68, 89, 5, 0, 31.33%, 18, 4, 7, 73.07, 269495, 78
1934, 6, 12, 89, 5, 0, 31.33%, 18, 4, 7, 83.14, 269885, 78
1940, 6, 79, 89, 5, 0, 31.33%, 18, 4, 7, 74.16, 270212, 78
1945, 6, 16, 89, 5, 0, 31.33%, 18, 4, 7, 105.50, 270781, 78
1950, 6, 26, 89, 5, 0, 31.33%, 18, 4, 7, 135.28, 271506, 78
1955, 6, 19, 89, 5, 0, 31.33%, 18, 4, 7, 176.05, 272460, 78
1960, 6, 43, 89, 5, 0, 31.33%, 18, 4, 7, 157.86, 273241, 78
1965, 6, 68, 89, 5, 0, 31.33%, 18, 4, 7, 59.89, 273950, 78
1970, 6, 68, 89, 5, 0, 31.33%, 18, 4, 7, 177.62, 274377, 78
1975, 6, 37, 89, 5, 0, 31.33%, 18, 4, 7, 113.35, 274837, 78
1980, 6, 12, 89, 5, 0, 31.33%, 18, 4, 7, 73.89, 275587, 78
1986, 6, 4, 89, 5, 0, 31.33%, 18, 4, 7, 51.72, 276213, 78
1991, 6, 68, 89, 5, 0, 31.33%, 18, 4, 7, 98.94, 276775, 78
1996, 6, 68, 89, 5, 0, 31.33%, 18, 4, 7, 53.54, 277139, 78
2001, 6, 68, 89, 5, 0, 31.33%, 18, 4, 7, 68.90, 277518, 78
2006, 6, 66, 89, 5, 0, 31.33%, 18, 4, 7, 76.99, 277909, 78
2011, 6, 66, 89, 5, 0, 31.33%, 18, 4, 7, 82.50, 278250, 78
2016, 6, 53, 89, 5, 0, 31.33%, 18, 4, 7, 112.82, 278770, 78
2021, 6, 12, 89, 5, 0, 31.33%, 18, 4, 7, 51.68, 279127, 78
2027, 6, 37, 89, 5, 0, 31.33%, 18, 4, 7, 63.96, 279468, 78
2032, 6, 26, 89, 5, 0, 31.33%, 18, 4, 7, 98.91, 279978, 78
2037, 6, 43, 89, 5, 0, 31.33%, 18, 4, 7, 315.58, 280473, 78
2042, 7, 38, 89, 5, 0, 31.33%, 18, 4, 7, 13.84, 281326, 78
2047, 7, 77, 89, 5, 0, 31.33%, 18, 4, 7, 28.44, 281749, 78
2052, 7, 77, 89, 5, 0, 31.33%, 18, 4, 7, 70.84, 282127, 78
2057, 7, 77, 89, 5, 0, 31.33%, 18, 4, 7, 19.15, 282487, 78
2062, 7, 59, 89, 5, 0, 31.33%, 18, 4, 7, 388.06, 282845, 78
2068, 7, 19, 89, 5, 0, 31.33%, 18, 4, 7, 38.40, 283452, 78
2073, 7, 42, 89, 5, 0, 31.33%, 18, 4, 7, 73.48, 283881, 78
2078, 7, 68, 89, 5, 0, 31.33%, 18, 4, 7, 94.63, 284353, 78
2083, 7, 38, 89, 5, 0, 31.33%, 18, 4, 7, 104.10, 284863, 78
2088, 7, 19, 89, 5, 0, 31.33%, 18, 4, 7, 82.47, 285459, 78
2093, 7, 46, 89, 5, 0, 31.33%, 18, 4, 7, 103.65, 286001, 78
2098, 7, 12, 89, 5, 0, 31.33%, 18, 4, 7, 85.09, 286441, 78
2103, 7, 26, 89, 5, 0, 31.33%, 18, 4, 7, 55.00, 286687, 78
2108, 7, 4, 89, 5, 0, 31.33%, 18, 4, 7, 40.38, 286882, 78
2113, 7, 4, 89, 5, 0, 31.33%, 18, 4, 7, 26.50, 286994, 78
2119, 7, 4, 89, 5, 0, 31.33%, 18, 4, 7, 30.01, 287145, 78
2124, 7, 12, 89, 5, 0, 31.33%, 18, 4, 7, 38.72, 287364, 78
2129, 7, 37, 89, 5, 0, 31.33%, 18, 4, 7, 42.29, 287590, 78
2134, 7, 37, 89, 5, 0, 31.33%, 18, 4, 7, 46.96, 287810, 78
2139, 7, 66, 89, 5, 0, 31.33%, 18, 4, 7, 61.76, 288117, 78
2144, 7, 66, 89, 5, 0, 31.33%, 18, 4, 7, 56.75, 288388, 78
2149, 7, 66, 89, 5, 0, 31.33%, 18, 4, 7, 79.68, 288819, 78
2155, 7, 59, 89, 5, 0, 31.33%, 18, 4, 7, 108.59, 289461, 78
2160, 7, 77, 89, 5, 0, 31.33%, 18, 4, 7, 85.70, 289889, 78
2165, 7, 77, 89, 5, 0, 31.33%, 18, 4, 7, 61.59, 290198, 78
2170, 7, 77, 89, 5, 0, 31.33%, 18, 4, 7, 86.60, 290658, 78
2175, 7, 59, 89, 5, 0, 31.33%, 18, 4, 7, 239.92, 291355, 78
2180, 7, 77, 89, 5, 0, 31.33%, 18, 4, 7, 88.08, 291572, 78
2185, 7, 52, 89, 5, 0, 31.33%, 18, 4, 7, 26.25, 291997, 78
2190, 7, 26, 89, 5, 0, 31.33%, 18, 4, 7, 87.74, 292507, 78
2195, 7, 66, 89, 5, 0, 31.33%, 18, 4, 7, 90.88, 292906, 78
2201, 7, 66, 89, 5, 0, 31.33%, 18, 4, 7, 96.61, 293370, 78
2206, 7, 66, 89, 5, 0, 31.33%, 18, 4, 7, 13.16, 293610, 78
2211, 7, 68, 89, 5, 0, 31.33%, 18, 4, 7, 26.13, 294003, 78
2216, 7, 68, 89, 5, 0, 31.33%, 18, 4, 7, 143.30, 294455, 78
2221, 7, 8, 89, 5, 0, 31.33%, 18, 4, 7, 92.48, 294897, 78
2226, 7, 4, 89, 5, 0, 31.33%, 18, 4, 7, 16.70, 295365, 78
2231, 7, 20, 89, 5, 0, 31.33%, 18, 4, 7, 168.11, 295749, 78
2236, 7, 19, 89, 5, 0, 31.33%, 18, 4, 7, 181.03, 296435, 78
2241, 7, 4, 89, 5, 0, 31.33%, 18, 4, 7, 63.23, 297032, 78
2246, 7, 12, 89, 5, 0, 31.33%, 18, 4, 7, 117.39, 297537, 78
2252, 7, 26, 89, 5, 0, 31.33%, 18, 4, 7, 130.69, 298175, 78
2257, 7, 36, 89, 5, 0, 31.33%, 18, 4, 7, 52.10, 298617, 78
2262, 7, 7, 89, 5, 0, 31.33%, 18, 4, 7, 12.58, 299087, 78
2267, 7, 68, 89, 5, 0, 31.33%, 18, 4, 7, 29.06, 299390, 78
2272, 7, 66, 89, 5, 0, 31.33%, 18, 4, 7, 17.54, 300153, 78
2277, 7, 66, 89, 5, 0, 31.33%, 18, 4, 7, 58.77, 300640, 78
2282, 7, 66, 89, 5, 0, 31.33%, 18, 4, 7, 93.19, 301031, 78
2287, 7, 30, 89, 5, 0, 31.33%, 18, 4, 7, 55.28, 301432, 78
2292, 7, 77, 89, 5, 0, 31.33%, 18, 4, 7, 74.83, 301812, 78
2297, 7, 77, 89, 5, 0, 31.33%, 18, 4, 7, 98.61, 302355, 78
2302, 7, 77, 89, 5, 0, 31.33%, 18, 4, 7, 23.63, 302628, 78
2308, 7, 43, 89, 5, 0, 31.33%, 18, 4, 7, 121.29, 303149, 78
2313, 7, 68, 89, 5, 0, 31.33%, 18, 4, 7, 27.94, 303681, 78
2318, 7, 68, 89, 5, 0, 31.33%, 18, 4, 7, 85.62, 304171, 78
2323, 7, 26, 89, 5, 0, 31.33%, 18, 4, 7, 124.56, 304854, 78
2328, 7, 85, 89, 5, 0, 31.33%, 18, 4, 7, 102.93, 305336, 78
2333, 7, 44, 89, 5, 0, 31.33%, 18, 4, 7, 96.15, 305824, 78
2338, 7, 37, 89, 5, 0, 31.33%, 18, 4, 7, 213.64, 306258, 78
2343, 7, 22, 89, 5, 0, 31.33%, 18, 4, 7, 15.41, 306758, 78
2349, 7, 19, 89, 5, 0, 31.33%, 18, 4, 7, 396.98, 307487, 78
2354, 7, 26, 89, 5, 0, 31.33%, 18, 4, 7, 97.54, 308010, 78
2359, 7, 66, 89, 5, 0, 31.33%, 18, 4, 7, 86.13, 308434, 78
2364, 7, 66, 89, 5, 0, 31.33%, 18, 4, 7, 100.45, 308854, 78
2369, 7, 22, 89, 5, 0, 31.33%, 18, 4, 7, 45.35, 309215, 78
2374, 7, 77, 89, 5, 0, 31.33%, 18, 4, 7, 87.67, 309703, 78
2379, 7, 26, 89, 5, 0, 31.33%, 18, 4, 7, 25.64, 310232, 78
2384, 7, 66, 89, 5, 0, 31.33%, 18, 4, 7, 91.96, 310648, 78
2389, 7, 66, 89, 5, 0, 31.33%, 18, 4, 7, 95.69, 311067, 78
2394, 7, 66, 89, 5, 0, 31.33%, 18, 4, 7, 22.91, 311596, 78
2400, 7, 59, 89, 5, 0, 31.33%, 18, 4, 7, 125.11, 312171, 78
2405, 7, 68, 89, 5, 0, 31.33%, 18, 4, 7, 53.64, 312555, 78
2410, 7, 68, 89, 5, 0, 31.33%, 18, 4, 7, 58.75, 312822, 78
2415, 7, 68, 89, 5, 0, 31.33%, 18, 4, 7, 80.24, 313252, 78
2420, 7, 43, 89, 5, 0, 31.33%, 18, 4, 7, 130.75, 313812, 78
2425, 7, 37, 89, 5, 0, 31.33%, 18, 4, 7, 73.16, 314414, 78
2430, 7, 19, 89, 5, 0, 31.33%, 18, 4, 7, 203.04, 315047, 78
2435, 7, 22, 89, 5, 0, 31.33%, 18, 4, 7, 32.37, 315544, 78
2441, 7, 60, 89, 5, 0, 31.33%, 18, 4, 7, 86.29, 316050, 78
2446, 7, 43, 89, 5, 0, 31.33%, 18, 4, 7, 106.26, 316655, 78
2451, 7, 37, 89, 5, 0, 31.33%, 18, 4, 7, 113.19, 317279, 78
2456, 7, 37, 89, 5, 0, 31.33%, 18, 4, 7, 244.38, 317903, 78
2461, 7, 33, 89, 5, 0, 31.33%, 18, 4, 7, 159.36, 318454, 78
2466, 7, 22, 89, 5, 0, 31.33%, 18, 4, 7, 64.16, 318929, 78
2471, 7, 4, 89, 5, 0, 31.33%, 18, 4, 7, 13.57, 319226, 78
2476, 7, 4, 89, 5, 0, 31.33%, 18, 4, 7, 44.01, 319499, 78
2481, 7, 37, 89, 5, 0, 31.33%, 18, 4, 7, 80.66, 319945, 78
2486, 7, 38, 89, 5, 0, 31.33%, 18, 4, 7, 104.44, 320477, 78
2492, 7, 68, 89, 5, 0, 31.33%, 18, 4, 7, 74.49, 320897, 78
2497, 7, 68, 89, 5, 0, 31.33%, 18, 4, 7, 70.14, 321208, 78
2502, 7, 66, 89, 5, 0, 31.33%, 18, 4, 7, 52.07, 321589, 78
2507, 7, 66, 89, 5, 0, 31.33%, 18, 4, 7, 175.99, 321932, 78
2512, 7, 66, 89, 5, 0, 31.33%, 18, 4, 7, 104.16, 322291, 78
2517, 7, 4, 89, 5, 0, 31.33%, 18, 4, 7, 94.28, 322759, 78
2522, 7, 77, 89, 5, 0, 31.33%, 18, 4, 7, 66.93, 323047, 78
2528, 7, 77, 89, 5, 0, 31.33%, 18, 4, 7, 65.79, 323338, 78
2533, 7, 4, 89, 5, 0, 31.33%, 18, 4, 7, 55.09, 323601, 78
2538, 7, 58, 89, 5, 0, 31.33%, 18, 4, 7, 26.27, 324035, 78
2543, 8, 77, 89, 5, 0, 31.33%, 18, 4, 7, 25.88, 324575, 78
2548, 8, 12, 89, 5, 0, 31.33%, 18, 4, 7, 55.56, 324899, 78
2553, 8, 5, 89, 5, 0, 31.33%, 18, 4, 7, 61.59, 325215, 78
2558, 8, 37, 89, 5, 0, 31.33%, 18, 4, 7, 79.28, 325664, 78
2564, 8, 52, 89, 5, 0, 31.33%, 18, 4, 7, 105.97, 326256, 78
2569, 8, 52, 89, 5, 0, 31.33%, 18, 4, 7, 47.78, 326534, 78
2574, 8, 77, 89, 5, 0, 31.33%, 18, 4, 7, 89.94, 327039, 78
2579, 8, 77, 89, 5, 0, 31.33%, 18, 4, 7, 10.03, 327402, 78
2584, 8, 77, 89, 5, 0, 31.33%, 18, 4, 7, 89.56, 327829, 78
2589, 8, 77, 89, 5, 0, 31.33%, 18, 4, 7, 108.35, 328190, 78
2594, 8, 43, 89, 5, 0, 31.33%, 18, 4, 7, 71.19, 328544, 78
2599, 8, 26, 89, 5, 0, 31.33%, 18, 4, 7, 108.44, 329117, 78
2605, 8, 19, 89, 5, 0, 31.33%, 18, 4, 7, 115.09, 329599, 78
2610, 8, 79, 89, 5, 0, 31.33%, 18, 4, 7, 17.70, 329968, 78
2615, 8, 43, 89, 5, 0, 31.33%, 18, 4, 7, 135.67, 330367, 78
2620, 8, 26, 89, 5, 0, 31.33%, 18, 4, 7, 109.18, 330870, 78
2625, 8, 81, 89, 5, 0, 31.33%, 18, 4, 7, 156.53, 331293, 78
2630, 8, 4, 89, 5, 0, 31.33%, 18, 4, 7, 23.48, 331696, 78
2635, 8, 77, 89, 5, 0, 31.33%, 18, 4, 7, 64.94, 332083, 78
2641, 8, 77, 89, 5, 0, 31.33%, 18, 4, 7, 51.40, 332290, 78
2646, 8, 66, 89, 5, 0, 31.33%, 18, 4, 7, 53.53, 332561, 78
2651, 8, 66, 89, 5, 0, 31.33%, 18, 4, 7, 68.19, 332920, 78
2656, 8, 66, 89, 5, 0, 31.33%, 18, 4, 7, 86.90, 333318, 78
2661, 8, 68, 89, 5, 0, 31.33%, 18, 4, 7, 40.83, 333700, 78
2666, 8, 68, 89, 5, 0, 31.33%, 18, 4, 7, 59.80, 334020, 78
2671, 8, 68, 89, 5, 0, 31.33%, 18, 4, 7, 66.39, 334353, 78
2676, 8, 22, 89, 5, 0, 31.33%, 18, 4, 7, 88.89, 334810, 78
2681, 8, 22, 89, 5, 0, 31.33%, 18, 4, 7, 104.85, 335349, 78
2686, 8, 12, 89, 5, 0, 31.33%, 18, 4, 7, 122.44, 335644, 78
2691, 8, 43, 89, 5, 0, 31.33%, 18, 4, 7, 174.67, 336175, 78
2697, 8, 43, 89, 5, 0, 31.33%, 18, 4, 7, 64.82, 336568, 78
2702, 8, 77, 89, 5, 0, 31.33%, 18, 4, 7, 83.11, 337029, 78
2707, 8, 65, 89, 5, 0, 31.33%, 18, 4, 7, 223.73, 337378, 78
2712, 8, 19, 89, 5, 0, 31.33%, 18, 4, 7, 147.98, 337945, 78
2717, 8, 22, 89, 5, 0, 31.33%, 18, 4, 7, 26.32, 338426, 78
2722, 8, 68, 89, 5, 0, 31.33%, 18, 4, 7, 39.80, 338819, 78
2727, 8, 68, 89, 5, 0, 31.33%, 18, 4, 7, 150.49, 339107, 78
2732, 8, 68, 89, 5, 0, 31.33%, 18, 4, 7, 126.75, 339504, 78
2737, 8, 47, 89, 5, 0, 31.33%, 18, 4, 7, 213.78, 340079, 78
2743, 8, 12, 89, 5, 0, 31.33%, 18, 4, 7, 183.91, 340619, 78
2748, 8, 51, 89, 5, 0, 31.33%, 18, 4, 7, 125.56, 341108, 78
2753, 8, 81, 89, 5, 0, 31.33%, 18, 4, 7, 44.82, 341372, 78
2758, 8, 4, 89, 5, 0, 31.33%, 18, 4, 7, 52.85, 341697, 78
2763, 8, 59, 89, 5, 0, 31.33%, 18, 4, 7, 74.67, 342046, 78
2768, 8, 78, 89, 5, 0, 31.33%, 18, 4, 7, 33.28, 342426, 78
2773, 8, 38, 89, 5, 0, 31.33%, 18, 4, 7, 49.37, 342749, 78
2778, 8, 43, 89, 5, 0, 31.33%, 18, 4, 7, 70.53, 343165, 78
2783, 8, 77, 89, 5, 0, 31.33%, 18, 4, 7, 20.27, 343524, 78
2789, 8, 77, 89, 5, 0, 31.33%, 18, 4, 7, 12.61, 343898, 78
2794, 8, 12, 89, 5, 0, 31.33%, 18, 4, 7, 124.07, 344582, 78
2799, 8, 28, 89, 4, 0, 31.33%, 18, 4, 7, 86.91, 344990, 78
2804, 8, 3, 89, 4, 0, 31.33%, 18, 4, 7, 22.39, 345481, 78
2809, 8, 12, 89, 4, 0, 31.33%, 18, 4, 7, 38.69, 345805, 78
2814, 8, 26, 89, 4, 0, 31.33%, 18, 4, 7, 83.42, 346269, 78
2819, 8, 77, 89, 4, 0, 31.33%, 18, 4, 7, 29.89, 346546, 78
2824, 8, 77, 89, 4, 0, 31.33%, 18, 4, 7, 16.81, 346791, 78
2830, 8, 26, 89, 4, 0, 31.33%, 18, 4, 7, 61.37, 347288, 78
2835, 8, 88, 89, 4, 0, 31.33%, 18, 4, 7, 64.92, 347573, 78
2840, 8, 88, 89, 4, 0, 31.33%, 18, 4, 7, 23.36, 347737, 78
2845, 8, 88, 89, 4, 0, 31.33%, 18, 4, 7, 27.49, 347875, 78
2850, 8, 88, 89, 4, 0, 31.33%, 18, 4, 7, 29.45, 348119, 78
2855, 8, 37, 89, 4, 0, 31.33%, 18, 4, 7, 109.79, 348780, 78
2860, 8, 22, 89, 4, 0, 31.33%, 18, 4, 7, 31.63, 349273, 78
2865, 8, 38, 89, 4, 0, 31.33%, 18, 4, 7, 60.57, 349655, 78
2871, 8, 61, 89, 4, 0, 31.33%, 18, 4, 7, 98.19, 350111, 78
2876, 8, 66, 89, 4, 0, 31.33%, 18, 4, 7, 50.08, 350390, 78
2881, 8, 66, 89, 4, 0, 31.33%, 18, 4, 7, 157.66, 350792, 78
2886, 8, 66, 89, 4, 0, 31.33%, 18, 4, 7, 100.82, 351239, 78
2891, 8, 59, 89, 4, 0, 31.33%, 18, 4, 7, 107.27, 351768, 78
2896, 8, 19, 89, 4, 0, 31.33%, 18, 4, 7, 122.89, 352368, 78
2901, 8, 43, 89, 4, 0, 31.33%, 18, 4, 7, 143.98, 352992, 78
2907, 8, 77, 89, 4, 0, 31.33%, 18, 4, 7, 12.33, 353337, 78
2912, 8, 66, 89, 4, 0, 31.33%, 18, 4, 7, 113.39, 353799, 78
2917, 8, 66, 89, 4, 0, 31.33%, 18, 4, 7, 83.88, 354087, 78
2922, 8, 66, 89, 4, 0, 31.33%, 18, 4, 7, 16.13, 354415, 78
2927, 8, 66, 89, 4, 0, 31.33%, 18, 4, 7, 98.01, 354851, 78
2933, 8, 22, 89, 4, 0, 31.33%, 18, 4, 7, 106.55, 355239, 78
2938, 8, 4, 89, 4, 0, 31.33%, 18, 4, 7, 68.29, 355522, 78
2943, 8, 66, 89, 4, 0, 31.33%, 18, 4, 7, 8.04, 355709, 78
2948, 8, 66, 89, 4, 0, 31.33%, 18, 4, 7, 57.46, 355992, 78
2953, 8, 66, 89, 4, 0, 31.33%, 18, 4, 7, 111.18, 356355, 78
2958, 8, 12, 89, 4, 0, 31.33%, 18, 4, 7, 32.74, 356788, 78
2963, 8, 51, 89, 4, 0, 31.33%, 18, 4, 7, 119.14, 357201, 78
2969, 8, 66, 89, 4, 0, 31.33%, 18, 4, 7, 130.43, 357510, 78
2974, 8, 66, 89, 4, 0, 31.33%, 18, 4, 7, 195.47, 357923, 78
2979, 8, 66, 89, 4, 0, 31.33%, 18, 4, 7, 10.03, 358242, 78
2984, 8, 38, 89, 4, 0, 31.33%, 18, 4, 7, 84.36, 358577, 78
2989, 8, 22, 89, 4, 0, 31.33%, 18, 4, 7, 114.92, 358900, 78
2994, 8, 26, 89, 4, 0, 31.33%, 18, 4, 7, 82.40, 359313, 78
2999, 8, 19, 89, 4, 0, 31.33%, 18, 4, 7, 77.82, 359699, 78
3005, 8, 4, 89, 4, 0, 31.33%, 18, 4, 7, 7.53, 360126, 78
3010, 8, 22, 89, 4, 0, 31.33%, 18, 4, 7, 51.09, 360435, 78
3015, 8, 26, 89, 4, 0, 31.33%, 18, 4, 7, 64.26, 360734, 78
3020, 8, 68, 89, 4, 0, 31.33%, 18, 4, 7, 92.51, 361213, 78
3025, 8, 68, 89, 4, 0, 31.33%, 18, 4, 7, 112.32, 361719, 78
3030, 8, 22, 89, 4, 0, 31.33%, 18, 4, 7, 126.28, 362293, 78
3035, 8, 22, 89, 4, 0, 31.33%, 18, 4, 7, 86.87, 362580, 78
3040, 8, 4, 89, 4, 0, 31.33%, 18, 4, 7, 33.67, 362854, 78
3045, 8, 26, 89, 4, 0, 31.33%, 18, 4, 7, 51.28, 363177, 78
3050, 8, 19, 89, 4, 0, 31.33%, 18, 4, 7, 33.56, 363611, 78
3056, 8, 19, 90, 5, 0, 31.73%, 18, 4, 7, 30.43, 363811, 79
3061, 8, 19, 90, 5, 0, 31.73%, 18, 4, 7, 105.09, 364531, 79
3066, 8, 68, 90, 5, 0, 31.73%, 18, 4, 7, 109.73, 365002, 79
3071, 8, 68, 90, 5, 0, 31.73%, 18, 4, 7, 107.29, 365450, 79
3076, 8, 32, 90, 5, 0, 31.73%, 18, 4, 7, 14.76, 366035, 79
3081, 8, 59, 90, 5, 0, 31.73%, 18, 4, 7, 48.26, 366605, 79
3086, 8, 37, 90, 5, 0, 31.73%, 18, 4, 7, 111.79, 367218, 79
3091, 8, 22, 90, 5, 0, 31.73%, 18, 4, 7, 18.63, 367706, 79
3097, 8, 22, 90, 5, 0, 31.73%, 18, 4, 7, 33.71, 367897, 79
3102, 9, 31, 90, 5, 0, 31.73%, 18, 4, 7, 36.70, 368071, 79
3107, 9, 43, 90, 5, 0, 31.73%, 18, 4, 7, 164.25, 368509, 79
3112, 9, 22, 90, 5, 0, 31.73%, 18, 4, 7, 55.20, 368961, 79
3117, 9, 12, 90, 5, 0, 31.73%, 18, 4, 7, 64.56, 369308, 79
3122, 9, 12, 90, 5, 0, 31.73%, 18, 4, 7, 16.11, 369657, 79
3127, 9, 22, 90, 5, 0, 31.73%, 18, 4, 7, 285.00, 370122, 79
3132, 9, 38, 90, 5, 0, 31.73%, 18, 4, 7, 9.26, 370581, 79
3138, 9, 45, 90, 5, 0, 31.73%, 18, 4, 7, 14.14, 370970, 79
3143, 9, 70, 90, 5, 0, 31.73%, 18, 4, 7, 112.71, 371541, 79
3148, 9, 70, 90, 5, 0, 31.73%, 18, 4, 7, 156.62, 372078, 79
3153, 9, 38, 90, 5, 0, 31.73%, 18, 4, 7, 115.47, 372420, 79
3158, 9, 66, 90, 5, 0, 31.73%, 18, 4, 7, 10.34, 372784, 79
3163, 9, 66, 90, 5, 0, 31.73%, 18, 4, 7, 103.19, 373198, 79
3168, 9, 66, 90, 5, 0, 31.73%, 18, 4, 7, 29.85, 373764, 79
3174, 9, 38, 90, 5, 0, 31.73%, 18, 4, 7, 49.84, 374045, 79
3179, 9, 77, 90, 5, 0, 31.73%, 18, 4, 7, 73.33, 374296, 79
3184, 9, 77, 90, 5, 0, 31.73%, 18, 4, 7, 62.03, 374590, 79
3189, 9, 4, 90, 5, 0, 31.73%, 18, 4, 7, 25.45, 374839, 79
3194, 9, 85, 90, 5, 0, 31.73%, 18, 4, 7, 68.13, 375378, 79
3199, 9, 85, 90, 5, 0, 31.73%, 18, 4, 7, 15.16, 375700, 79
3204, 9, 59, 90, 5, 0, 31.73%, 18, 4, 7, 103.24, 376198, 79
3209, 9, 43, 90, 5, 0, 31.73%, 18, 4, 7, 159.42, 376674, 79
3215, 9, 52, 90, 5, 0, 31.73%, 18, 4, 7, 59.88, 377338, 79
3220, 9, 77, 90, 5, 0, 31.73%, 18, 4, 7, 70.48, 377688, 79
3225, 9, 37, 90, 5, 0, 31.73%, 18, 4, 7, 419.46, 378160, 79
3230, 9, 66, 90, 5, 0, 31.73%, 18, 4, 7, 39.32, 378501, 79
3235, 9, 66, 90, 5, 0, 31.73%, 18, 4, 7, 17.27, 378887, 79
3240, 9, 66, 90, 5, 0, 31.73%, 18, 4, 7, 27.18, 379257, 79
3245, 9, 87, 90, 5, 0, 31.73%, 18, 4, 7, 51.48, 379653, 79
3250, 9, 2, 90, 5, 0, 31.73%, 18, 4, 7, 118.40, 380076, 79
3255, 9, 22, 90, 5, 0, 31.73%, 18, 4, 7, 49.96, 380452, 79
3260, 9, 72, 90, 5, 0, 31.73%, 18, 4, 7, 64.94, 380778, 79
3265, 9, 27, 90, 5, 0, 31.73%, 18, 4, 7, 186.87, 381235, 79
3271, 9, 19, 90, 5, 0, 31.73%, 18, 4, 7, 198.98, 381810, 79
3276, 9, 7, 90, 5, 0, 31.73%, 18, 4, 7, 181.52, 382328, 79
3281, 9, 68, 90, 5, 0, 31.73%, 18, 4, 7, 46.30, 382742, 79
3286, 9, 68, 90, 5, 0, 31.73%, 18, 4, 7, 101.21, 383233, 79
3291, 9, 54, 90, 5, 0, 31.73%, 18, 4, 7, 71.19, 383627, 79
3296, 9, 4, 90, 5, 0, 31.73%, 18, 4, 7, 31.15, 383980, 79
3301, 9, 66, 90, 5, 0, 31.73%, 18, 4, 7, 116.52, 384329, 79
3306, 9, 66, 90, 5, 0, 31.73%, 18, 4, 7, 50.54, 384715, 79
3311, 9, 19, 90, 5, 0, 31.73%, 18, 4, 7, 140.83, 385321, 79
3316, 9, 19, 90, 5, 0, 31.73%, 18, 4, 7, 545.00, 385823, 79
3321, 9, 38, 90, 5, 0, 31.73%, 18, 4, 7, 38.33, 386313, 79
3326, 9, 43, 90, 5, 0, 31.73%, 18, 4, 7, 373.62, 388252, 79
3332, 9, 26, 90, 5, 0, 31.73%, 18, 4, 7, 458.80, 390646, 79
3337, 9, 68, 90, 5, 0, 31.73%, 18, 4, 7, 157.40, 392853, 79
3342, 9, 66, 90, 5, 0, 31.73%, 18, 4, 7, 350.44, 394906, 79
3347, 9, 77, 90, 5, 0, 31.73%, 18, 4, 7, 396.78, 396850, 79
3352, 9, 68, 90, 5, 0, 31.73%, 18, 4, 7, 366.49, 398812, 79
3358, 9, 68, 90, 5, 0, 31.73%, 18, 4, 7, 58.39, 400936, 79
3363, 9, 59, 90, 5, 0, 31.73%, 18, 4, 7, 36.67, 403034, 79
3368, 9, 59, 90, 5, 0, 31.73%, 18, 4, 7, 418.73, 405291, 79
3373, 9, 43, 90, 5, 0, 31.73%, 18, 4, 7, 456.99, 407613, 79
3378, 9, 66, 90, 4, 0, 31.73%, 18, 4, 7, 378.73, 409668, 79
3383, 9, 68, 90, 4, 0, 31.73%, 18, 4, 7, 212.88, 411445, 79
3388, 10, 37, 90, 4, 0, 31.73%, 18, 4, 7, 333.51, 413186, 79
3393, 10, 77, 90, 4, 0, 31.73%, 18, 4, 7, 419.05, 415436, 79
3398, 10, 68, 90, 4, 0, 31.73%, 18, 4, 7, 315.90, 416838, 79
3403, 10, 77, 90, 4, 0, 31.73%, 18, 4, 7, 397.20, 418601, 79
3409, 10, 26, 90, 4, 0, 31.73%, 18, 4, 7, 459.59, 420809, 79
3414, 10, 66, 90, 4, 0, 31.73%, 18, 4, 7, 155.52, 421954, 79
3419, 10, 59, 90, 4, 0, 31.73%, 18, 4, 7, 284.95, 423572, 79
3424, 10, 77, 90, 4, 0, 31.73%, 18, 4, 7, 325.40, 425369, 79
3429, 10, 43, 90, 4, 0, 31.73%, 18, 4, 7, 394.54, 426973, 79
3434, 10, 43, 90, 4, 0, 31.73%, 18, 4, 7, 409.85, 428747, 79
3439, 10, 72, 90, 4, 0, 31.73%, 18, 4, 7, 399.51, 430651, 79
3444, 10, 66, 90, 4, 0, 31.73%, 18, 4, 7, 316.22, 432036, 79
3449, 10, 68, 90, 4, 0, 31.73%, 18, 4, 7, 308.38, 433528, 79
3454, 10, 23, 90, 4, 0, 31.73%, 18, 4, 7, 348.12, 435226, 79
3459, 10, 43, 90, 4, 0, 31.73%, 18, 4, 7, 305.41, 436634, 79
3465, 10, 53, 90, 4, 0, 31.73%, 18, 4, 7, 304.25, 437959, 79
3470, 10, 19, 90, 4, 0, 31.73%, 18, 4, 7, 449.92, 439776, 79
3475, 10, 66, 90, 4, 0, 31.73%, 18, 4, 7, 51.95, 440945, 79
3480, 10, 77, 90, 4, 0, 31.73%, 18, 4, 7, 289.08, 442362, 79
3485, 10, 66, 90, 4, 0, 31.73%, 18, 4, 7, 220.19, 443449, 79
3490, 10, 68, 90, 4, 0, 31.73%, 18, 4, 7, 55.79, 445032, 79
3496, 10, 43, 90, 4, 0, 31.73%, 18, 4, 7, 212.49, 446179, 79
3501, 10, 22, 90, 4, 0, 31.73%, 18, 4, 7, 283.03, 447663, 79
3506, 10, 22, 90, 4, 0, 31.73%, 18, 4, 7, 257.22, 448895, 79
3511, 10, 4, 90, 4, 0, 31.73%, 18, 4, 7, 260.83, 450287, 79
3516, 10, 43, 90, 4, 0, 31.73%, 18, 4, 7, 247.28, 451561, 79
3521, 10, 22, 90, 4, 0, 31.73%, 18, 4, 7, 250.81, 452878, 79
3526, 10, 19, 90, 4, 0, 31.73%, 18, 4, 7, 347.81, 454488, 79
3531, 10, 19, 90, 4, 0, 31.73%, 18, 4, 7, 324.76, 456006, 79
3537, 11, 12, 90, 4, 0, 31.73%, 18, 4, 7, 353.57, 457275, 79
3542, 11, 66, 90, 4, 0, 31.73%, 18, 4, 7, 394.19, 459127, 79
3547, 11, 68, 90, 4, 0, 31.73%, 18, 4, 7, 312.16, 460119, 79
3552, 11, 22, 90, 4, 0, 31.73%, 18, 4, 7, 418.84, 461218, 79
3557, 11, 66, 90, 4, 0, 31.73%, 18, 4, 7, 199.86, 462377, 79
3562, 11, 12, 90, 4, 0, 31.73%, 18, 4, 7, 317.83, 464055, 79
3567, 11, 68, 90, 4, 0, 31.73%, 18, 4, 7, 221.48, 465100, 79
3573, 11, 43, 90, 4, 0, 31.73%, 18, 4, 7, 295.98, 466680, 79
3578, 11, 66, 90, 4, 0, 31.73%, 18, 4, 7, 113.64, 468108, 79
3583, 11, 9, 90, 4, 0, 31.73%, 18, 4, 7, 200.57, 469226, 79
3588, 11, 59, 90, 4, 0, 31.73%, 18, 4, 7, 247.29, 470485, 79
3593, 11, 77, 90, 4, 0, 31.73%, 18, 4, 7, 132.28, 471784, 79
3598, 11, 68, 90, 4, 0, 31.73%, 18, 4, 7, 156.85, 472569, 79
3603, 11, 66, 90, 4, 0, 31.73%, 18, 4, 7, 218.03, 473654, 79
3608, 11, 26, 90, 4, 0, 31.73%, 18, 4, 7, 222.87, 474700, 79
3614, 11, 4, 90, 4, 0, 31.73%, 18, 4, 7, 242.47, 475684, 79
3619, 11, 43, 90, 4, 0, 31.73%, 18, 4, 7, 240.59, 476773, 79
3624, 11, 66, 90, 4, 0, 31.73%, 18, 4, 7, 255.42, 477469, 79
3629, 11, 38, 90, 4, 0, 31.73%, 18, 4, 7, 235.05, 478627, 79
3634, 11, 12, 90, 4, 0, 31.73%, 18, 4, 7, 268.62, 479979, 79
3639, 11, 77, 90, 4, 0, 31.73%, 18, 4, 7, 228.41, 481118, 79
3644, 11, 37, 90, 4, 0, 31.73%, 18, 4, 7, 259.56, 482114, 79
3649, 11, 45, 90, 4, 0, 31.73%, 18, 4, 7, 211.94, 483597, 79
3654, 11, 43, 90, 4, 0, 31.73%, 18, 4, 7, 279.55, 485046, 79
3659, 11, 22, 90, 4, 0, 31.73%, 18, 5, 7, 241.82, 486068, 79
3665, 11, 37, 90, 4, 0, 31.73%, 18, 5, 7, 276.82, 487082, 79
3670, 11, 66, 90, 4, 0, 31.73%, 18, 5, 7, 286.99, 488067, 79
3675, 11, 66, 90, 4, 0, 31.73%, 18, 5, 7, 147.63, 489083, 79
3680, 11, 22, 90, 4, 0, 31.73%, 18, 5, 7, 244.67, 490602, 79
3685, 11, 37, 90, 4, 0, 31.73%, 18, 5, 7, 247.94, 491807, 79
3690, 11, 54, 90, 4, 0, 31.73%, 18, 5, 7, 277.05, 493270, 79
3695, 11, 4, 90, 4, 0, 31.73%, 18, 5, 7, 187.26, 494466, 79
3700, 11, 61, 90, 4, 0, 31.73%, 18, 5, 7, 195.88, 495603, 79
3705, 11, 23, 90, 4, 0, 31.73%, 18, 5, 7, 188.93, 496415, 79
3711, 11, 59, 90, 4, 0, 31.73%, 18, 5, 7, 204.49, 497418, 79
3716, 11, 19, 90, 4, 0, 31.73%, 18, 5, 7, 310.01, 499032, 79
3721, 11, 22, 90, 4, 0, 31.73%, 18, 5, 7, 397.62, 500680, 79
3726, 11, 66, 90, 4, 0, 31.73%, 18, 5, 7, 210.17, 502012, 79
3731, 12, 66, 90, 4, 0, 31.73%, 18, 5, 7, 282.67, 503617, 79
3736, 12, 2, 90, 4, 0, 31.73%, 18, 5, 7, 252.91, 504803, 79
3741, 12, 77, 90, 4, 0, 31.73%, 18, 5, 7, 106.21, 505890, 79
3747, 12, 59, 90, 4, 0, 31.73%, 18, 5, 7, 208.85, 507151, 79
3752, 12, 66, 90, 4, 0, 31.73%, 18, 5, 7, 56.38, 508538, 79
3757, 12, 66, 90, 4, 0, 31.73%, 18, 5, 7, 67.78, 508883, 79
3762, 12, 46, 90, 4, 0, 31.73%, 18, 5, 7, 356.20, 509883, 79
3767, 12, 66, 90, 4, 0, 31.73%, 18, 5, 7, 9.17, 510578, 79
3772, 12, 66, 90, 4, 0, 31.73%, 18, 5, 7, 65.89, 510789, 79
3778, 12, 66, 90, 4, 0, 31.73%, 18, 5, 7, 170.72, 511641, 79
3783, 12, 9, 90, 4, 0, 31.73%, 18, 5, 7, 91.42, 512536, 79
3788, 12, 68, 90, 4, 0, 31.73%, 18, 5, 7, 36.05, 513398, 79
3793, 12, 59, 90, 4, 0, 31.73%, 18, 5, 7, 53.94, 514371, 79
3798, 12, 22, 90, 4, 0, 31.73%, 18, 5, 7, 542.29, 515583, 79
3804, 12, 4, 90, 4, 0, 31.73%, 18, 5, 7, 110.75, 516395, 79
3809, 12, 77, 90, 4, 0, 31.73%, 18, 5, 7, 527.09, 517432, 79
3814, 12, 59, 90, 4, 0, 31.73%, 18, 5, 7, 6.49, 518511, 79
3819, 12, 0, 90, 4, 0, 31.73%, 18, 5, 7, 36.39, 519971, 79
3824, 12, 43, 90, 4, 0, 31.73%, 18, 5, 7, 472.46, 520387, 79
3830, 12, 66, 90, 4, 0, 31.73%, 18, 5, 7, 0.45, 521094, 79
3835, 12, 66, 90, 4, 0, 31.73%, 18, 5, 7, 17.67, 521938, 79
3841, 12, 66, 90, 4, 0, 31.73%, 18, 5, 7, 11.55, 521987, 79
3846, 12, 66, 90, 4, 0, 31.73%, 18, 5, 7, 9.14, 522029, 79
3851, 12, 66, 90, 4, 0, 31.73%, 18, 5, 7, 8.52, 522065, 79
3856, 12, 66, 90, 4, 0, 31.73%, 18, 5, 7, 7.86, 522100, 79
3861, 12, 66, 90, 4, 0, 31.73%, 18, 5, 7, 7.69, 522134, 79
3866, 12, 66, 90, 4, 0, 31.73%, 18, 5, 7, 8.69, 522171, 79
3871, 12, 20, 90, 4, 0, 31.73%, 18, 5, 7, 9.28, 522212, 79
3876, 12, 20, 90, 4, 0, 31.73%, 18, 5, 7, 10.92, 522282, 79
3881, 12, 59, 90, 4, 0, 31.73%, 18, 5, 7, 301.84, 523370, 79
3887, 12, 70, 90, 4, 0, 31.73%, 18, 5, 7, 154.51, 523851, 79
3892, 12, 68, 90, 4, 0, 31.73%, 18, 5, 7, 123.95, 524553, 79
3897, 12, 68, 90, 4, 0, 31.73%, 18, 5, 7, 137.20, 525169, 79
3902, 12, 63, 90, 4, 0, 31.73%, 18, 5, 7, 15.87, 525895, 79
3907, 12, 77, 90, 4, 0, 31.73%, 18, 5, 7, 173.42, 526824, 79
3912, 12, 58, 90, 4, 0, 31.73%, 18, 5, 7, 329.27, 527993, 79
3917, 12, 77, 90, 4, 0, 31.73%, 18, 5, 7, 26.28, 528497, 79
3922, 12, 37, 90, 4, 0, 31.73%, 18, 5, 7, 270.90, 529357, 79
3928, 12, 59, 90, 4, 0, 31.73%, 18, 5, 7, 577.23, 530336, 79
3933, 12, 19, 90, 4, 0, 31.73%, 18, 5, 7, 171.44, 530891, 79
3938, 12, 68, 90, 4, 0, 31.73%, 18, 5, 7, 239.27, 531839, 79
3943, 12, 12, 90, 4, 0, 31.73%, 18, 5, 7, 201.73, 532448, 79
3948, 12, 77, 90, 4, 0, 31.73%, 18, 5, 7, 235.74, 533322, 79
3953, 12, 66, 90, 4, 0, 31.73%, 18, 5, 7, 130.59, 533608, 79
3958, 12, 66, 90, 4, 0, 31.73%, 18, 5, 7, 307.46, 534266, 79
3963, 12, 4, 90, 4, 0, 31.73%, 18, 5, 7, 176.53, 534731, 79
3969, 12, 22, 90, 4, 0, 31.73%, 18, 5, 7, 345.32, 535419, 79
3974, 12, 22, 90, 4, 0, 31.73%, 18, 5, 7, 136.78, 535626, 79
3979, 12, 26, 90, 4, 0, 31.73%, 18, 5, 7, 173.87, 536442, 79
3984, 12, 77, 90, 4, 0, 31.73%, 18, 5, 7, 25.35, 536902, 79
3989, 12, 77, 90, 4, 0, 31.73%, 18, 5, 7, 8.92, 536984, 79
3994, 12, 26, 90, 4, 0, 31.73%, 18, 5, 7, 14.71, 537948, 79
4000, 12, 43, 90, 4, 0, 31.73%, 18, 5, 7, 17.70, 538451, 79
4005, 12, 43, 90, 4, 0, 31.73%, 18, 5, 7, 478.11, 538748, 79
4010, 12, 43, 90, 4, 0, 31.73%, 18, 5, 7, 288.88, 539250, 79
4015, 12, 19, 90, 4, 0, 31.73%, 18, 5, 7, 21.87, 539882, 79
4020, 12, 22, 90, 4, 0, 31.73%, 18, 5, 7, 20.61, 540276, 79
4025, 12, 22, 90, 4, 0, 31.73%, 18, 5, 7, 2.40, 540643, 79
4030, 12, 4, 90, 4, 0, 31.73%, 18, 5, 7, 455.60, 541130, 79
4035, 12, 71, 90, 4, 0, 31.73%, 18, 5, 7, 192.63, 541599, 79
4041, 12, 77, 90, 4, 0, 31.73%, 18, 5, 7, 15.37, 541863, 79
4046, 12, 68, 90, 4, 0, 31.73%, 18, 5, 7, 19.05, 542199, 79
4051, 12, 68, 90, 4, 0, 31.73%, 18, 5, 7, 17.56, 542421, 79
4056, 12, 68, 90, 4, 0, 31.73%, 18, 5, 7, 18.93, 542784, 79
4061, 12, 68, 90, 4, 0, 31.73%, 18, 5, 7, 19.79, 542967, 79
4066, 12, 59, 90, 4, 0, 31.73%, 18, 5, 7, 4.24, 543325, 79
4072, 12, 26, 90, 4, 0, 31.73%, 18, 5, 7, 18.27, 543755, 79
4077, 12, 19, 90, 4, 0, 31.73%, 18, 5, 7, 19.27, 544051, 79
4082, 12, 37, 90, 4, 0, 31.73%, 18, 5, 7, 20.53, 544432, 79
4087, 12, 37, 90, 4, 0, 31.73%, 18, 5, 7, 19.36, 544707, 79
4092, 12, 4, 90, 4, 0, 31.73%, 18, 5, 7, 10.52, 544987, 79
4097, 12, 77, 90, 4, 0, 31.73%, 18, 5, 7, 18.15, 545182, 79
4102, 12, 77, 90, 4, 0, 31.73%, 18, 5, 7, 11.73, 545409, 79
4107, 12, 85, 90, 4, 0, 31.73%, 18, 5, 7, 26.59, 545635, 79
4113, 12, 85, 90, 4, 0, 31.73%, 18, 5, 7, 23.86, 545826, 79
4118, 12, 85, 90, 4, 0, 31.73%, 18, 5, 7, 15.00, 546006, 79
4123, 12, 38, 90, 4, 0, 31.73%, 18, 5, 7, 9.86, 546245, 79
4128, 12, 59, 90, 4, 0, 31.73%, 18, 5, 7, 16.72, 546480, 79
4133, 12, 59, 90, 4, 0, 31.73%, 18, 5, 7, 18.66, 546739, 79
4138, 13, 37, 90, 4, 0, 31.73%, 18, 5, 7, 289.05, 547107, 79
4143, 13, 77, 90, 4, 0, 31.73%, 18, 5, 7, 361.00, 547374, 79
4149, 13, 77, 90, 4, 0, 31.73%, 18, 5, 7, 2.33, 547565, 79
4154, 13, 77, 90, 4, 0, 31.73%, 18, 5, 7, 77.88, 547765, 79
4159, 13, 43, 90, 4, 0, 31.73%, 18, 5, 7, 17.64, 548012, 79
4164, 13, 43, 90, 4, 0, 31.73%, 18, 5, 7, 23.31, 548316, 79
4170, 13, 68, 90, 4, 0, 31.73%, 18, 5, 7, 24.70, 548510, 79
4175, 13, 68, 90, 4, 0, 31.73%, 18, 5, 7, 82.26, 548664, 79
4180, 13, 68, 90, 4, 0, 31.73%, 18, 5, 7, 16.76, 548782, 79
4185, 13, 68, 90, 4, 0, 31.73%, 18, 5, 7, 41.88, 548988, 79
4190, 13, 68, 90, 4, 0, 31.73%, 18, 5, 7, 31.81, 549137, 79
4195, 13, 68, 90, 4, 0, 31.73%, 18, 5, 7, 20.14, 549333, 79
4200, 13, 12, 90, 4, 0, 31.73%, 18, 5, 7, 18.78, 549514, 79
4205, 13, 12, 90, 4, 0, 31.73%, 18, 5, 7, 18.90, 549669, 79
4211, 13, 12, 90, 4, 0, 31.73%, 18, 5, 7, 26.69, 549951, 79
4216, 13, 12, 90, 4, 0, 31.73%, 18, 5, 7, 16.00, 550093, 79
4221, 13, 4, 90, 4, 0, 31.73%, 18, 5, 7, 21.68, 550317, 79
4226, 13, 4, 90, 4, 0, 31.73%, 18, 5, 7, 14.44, 550467, 79
4231, 13, 14, 90, 4, 0, 31.73%, 18, 5, 7, 19.07, 550633, 79
4236, 13, 38, 90, 4, 0, 31.73%, 18, 5, 7, 17.88, 550815, 79
4241, 13, 38, 90, 4, 0, 31.73%, 18, 5, 7, 21.29, 550948, 79
4246, 13, 59, 90, 4, 0, 31.73%, 18, 5, 7, 18.11, 551105, 79
4251, 13, 59, 90, 4, 0, 31.73%, 18, 5, 7, 16.69, 551249, 79
4256, 13, 59, 90, 4, 0, 31.73%, 18, 5, 7, 16.84, 551394, 79
4262, 13, 59, 90, 4, 0, 31.73%, 18, 5, 7, 6.22, 551481, 79
4267, 13, 18, 90, 4, 0, 31.73%, 18, 5, 7, 22.86, 551633, 79
4272, 13, 18, 90, 4, 0, 31.73%, 18, 5, 7, 17.63, 551787, 79
4277, 13, 66, 90, 4, 0, 31.73%, 18, 5, 7, 19.70, 551918, 79
4282, 13, 66, 90, 4, 0, 31.73%, 18, 5, 7, 21.09, 552061, 79
4287, 13, 66, 90, 4, 0, 31.73%, 18, 5, 7, 17.81, 552173, 79
4292, 13, 66, 90, 4, 0, 31.73%, 18, 5, 7, 16.50, 552256, 79
4297, 13, 66, 90, 4, 0, 31.73%, 18, 5, 7, 16.04, 552359, 79
4302, 13, 66, 90, 4, 0, 31.73%, 18, 5, 7, 37.01, 552463, 79
4307, 13, 66, 90, 4, 0, 31.73%, 18, 5, 7, 25.64, 552625, 79
4313, 13, 66, 90, 4, 0, 31.73%, 18, 5, 7, 21.98, 552746, 79
4318, 13, 66, 90, 4, 0, 31.73%, 18, 5, 7, 17.99, 552890, 79
4323, 13, 66, 90, 4, 0, 31.73%, 18, 5, 7, 14.46, 553015, 79
4328, 13, 22, 90, 4, 0, 31.73%, 18, 5, 7, 15.79, 553160, 79
4333, 13, 22, 90, 4, 0, 31.73%, 18, 5, 7, 17.46, 553301, 79
4338, 13, 66, 90, 4, 0, 31.73%, 18, 5, 7, 240.34, 553511, 79
4343, 13, 66, 90, 4, 0, 31.73%, 18, 5, 7, 15.65, 553593, 79
4348, 13, 66, 90, 4, 0, 31.73%, 18, 5, 7, 16.64, 553705, 79
4354, 13, 66, 90, 4, 0, 31.73%, 18, 5, 7, 17.91, 553836, 79
4359, 13, 66, 90, 4, 0, 31.73%, 18, 5, 7, 16.55, 554003, 79
4364, 13, 66, 90, 4, 0, 31.73%, 18, 5, 7, 16.91, 554112, 79
4369, 13, 66, 90, 4, 0, 31.73%, 18, 5, 7, 19.04, 554217, 79
4374, 13, 66, 90, 4, 0, 31.73%, 18, 5, 7, 10.57, 554354, 79
4379, 13, 66, 90, 4, 0, 31.73%, 18, 5, 7, 16.16, 554517, 79
4384, 13, 29, 90, 4, 0, 31.73%, 18, 5, 7, 4.78, 554657, 79
4390, 13, 29, 90, 4, 0, 31.73%, 18, 5, 7, 20.25, 554766, 79
4395, 13, 66, 90, 4, 0, 31.73%, 18, 5, 7, 18.18, 554910, 79
4400, 13, 66, 90, 4, 0, 31.73%, 18, 5, 7, 17.55, 555071, 79
4405, 13, 66, 90, 4, 0, 31.73%, 18, 5, 7, 11.20, 555123, 79
4410, 13, 66, 90, 4, 0, 31.73%, 18, 5, 7, 11.95, 555191, 79
4415, 13, 66, 90, 4, 0, 31.73%, 18, 5, 7, 15.50, 555289, 79
4420, 13, 66, 90, 4, 0, 31.73%, 18, 5, 7, 49.65, 555510, 79
4425, 13, 66, 90, 4, 0, 31.73%, 18, 5, 7, 17.75, 555591, 79
4430, 13, 66, 90, 4, 0, 31.73%, 18, 5, 7, 22.42, 555781, 79
4436, 13, 66, 90, 4, 0, 31.73%, 18, 5, 7, 20.20, 555915, 79
4441, 13, 77, 90, 4, 0, 31.73%, 18, 5, 7, 19.73, 556054, 79
4446, 13, 77, 90, 4, 0, 31.73%, 18, 5, 7, 18.87, 556177, 79
4451, 13, 77, 90, 4, 0, 31.73%, 18, 5, 7, 10.84, 556285, 79
4456, 13, 77, 90, 4, 0, 31.73%, 18, 5, 7, 16.35, 556418, 79
4461, 13, 77, 90, 4, 0, 31.73%, 18, 5, 7, 6.26, 556533, 79
4466, 13, 43, 90, 4, 0, 31.73%, 18, 5, 7, 17.07, 556628, 79
4472, 13, 43, 90, 4, 0, 31.73%, 18, 5, 7, 19.43, 556779, 79
4477, 13, 43, 90, 4, 0, 31.73%, 18, 5, 7, 14.27, 556914, 79
4482, 13, 43, 90, 4, 0, 31.73%, 18, 5, 7, 20.74, 557061, 79
4487, 13, 37, 90, 4, 0, 31.73%, 18, 5, 7, 14.97, 557203, 79
4492, 13, 37, 90, 4, 0, 31.73%, 18, 5, 7, 19.32, 557340, 79
4497, 13, 37, 90, 4, 0, 31.73%, 18, 5, 7, 20.82, 557500, 79
4502, 13, 77, 90, 4, 0, 31.73%, 18, 5, 7, 17.91, 557656, 79
4507, 13, 77, 90, 4, 0, 31.73%, 18, 5, 7, 18.88, 557807, 79
4512, 13, 77, 90, 4, 0, 31.73%, 18, 5, 7, 21.32, 557914, 79
4517, 13, 77, 90, 4, 0, 31.73%, 18, 5, 7, 18.19, 558046, 79
4523, 13, 68, 90, 4, 0, 31.73%, 18, 5, 7, 9.31, 558229, 79
4528, 13, 68, 90, 4, 0, 31.73%, 18, 5, 7, 11.36, 558356, 79
4533, 13, 68, 90, 4, 0, 31.73%, 18, 5, 7, 104.35, 558447, 79
4538, 13, 68, 90, 4, 0, 31.73%, 18, 5, 7, 19.99, 558595, 79
4543, 13, 68, 90, 4, 0, 31.73%, 18, 5, 7, 13.77, 558729, 79
4548, 13, 68, 90, 4, 0, 31.73%, 18, 5, 7, 12.86, 558856, 79
4553, 13, 68, 90, 4, 0, 31.73%, 18, 5, 7, 9.93, 558982, 79
4558, 13, 37, 90, 4, 0, 31.73%, 18, 5, 7, 19.20, 559145, 79
4564, 13, 37, 90, 4, 0, 31.73%, 18, 5, 7, 18.66, 559311, 79
4569, 13, 19, 90, 4, 0, 31.73%, 18, 5, 7, 8.57, 559472, 79
4574, 13, 19, 90, 4, 0, 31.73%, 18, 5, 7, 20.26, 559659, 79
4579, 13, 19, 90, 4, 0, 31.73%, 18, 5, 7, 18.91, 559840, 79
4584, 13, 19, 90, 4, 0, 31.73%, 18, 5, 7, 9.73, 559971, 79
4589, 13, 12, 90, 4, 0, 31.73%, 18, 5, 7, 14.48, 560148, 79
4594, 13, 12, 90, 4, 0, 31.73%, 18, 5, 7, 17.20, 560307, 79
4600, 13, 59, 90, 4, 0, 31.73%, 18, 5, 7, 1.03, 560454, 79
4605, 13, 59, 90, 4, 0, 31.73%, 18, 5, 7, 18.95, 560646, 79
4611, 13, 59, 90, 4, 0, 31.73%, 18, 5, 7, 14.73, 560832, 79
4616, 13, 59, 90, 4, 0, 31.73%, 18, 5, 7, 15.69, 560941, 79
4621, 13, 68, 90, 4, 0, 31.73%, 18, 5, 7, 0.99, 561029, 79
4626, 13, 68, 90, 4, 0, 31.73%, 18, 5, 7, 19.84, 561183, 79
4631, 13, 68, 90, 4, 0, 31.73%, 18, 5, 7, 17.91, 561288, 79
4636, 13, 68, 90, 4, 0, 31.73%, 18, 5, 7, 7.43, 561407, 79
4641, 13, 68, 90, 4, 0, 31.73%, 18, 5, 7, 16.83, 561526, 79
4646, 13, 68, 90, 4, 0, 31.73%, 18, 5, 7, 15.27, 561624, 79
4651, 13, 68, 90, 4, 0, 31.73%, 18, 5, 7, 15.73, 561723, 79
4656, 13, 68, 90, 4, 0, 31.73%, 18, 5, 7, 14.90, 561814, 79
4662, 13, 56, 90, 4, 0, 31.73%, 18, 5, 7, 15.25, 561905, 79
4667, 13, 56, 90, 4, 0, 31.73%, 18, 5, 7, 11.35, 561991, 79
4672, 13, 70, 90, 4, 0, 31.73%, 18, 5, 7, 7.64, 562123, 79
4677, 13, 70, 90, 4, 0, 31.73%, 18, 5, 7, 31.56, 562237, 79
4682, 13, 70, 90, 4, 0, 31.73%, 18, 5, 7, 19.97, 562335, 79
4688, 13, 70, 90, 4, 0, 31.73%, 18, 5, 7, 19.23, 562448, 79
4693, 13, 70, 90, 4, 0, 31.73%, 18, 5, 7, 19.57, 562571, 79
4698, 13, 70, 90, 4, 0, 31.73%, 18, 5, 7, 13.20, 562678, 79
4703, 13, 70, 90, 4, 0, 31.73%, 18, 5, 7, 14.18, 562756, 79
4708, 13, 70, 90, 4, 0, 31.73%, 18, 5, 7, 14.02, 562839, 79
4713, 13, 70, 90, 4, 0, 31.73%, 18, 5, 7, 9.88, 562936, 79
4718, 13, 64, 90, 4, 0, 31.73%, 18, 5, 7, 15.06, 563034, 79
4723, 13, 64, 90, 4, 0, 31.73%, 18, 5, 7, 18.96, 563159, 79
4728, 13, 64, 90, 4, 0, 31.73%, 18, 5, 7, 1.74, 563244, 79
4733, 13, 64, 90, 4, 0, 31.73%, 18, 5, 7, 17.54, 563360, 79
4739, 13, 64, 90, 4, 0, 31.73%, 18, 5, 7, 8.53, 563489, 79
4744, 13, 68, 90, 4, 0, 31.73%, 18, 5, 7, 8.74, 563556, 79
4749, 13, 68, 90, 4, 0, 31.73%, 18, 5, 7, 13.93, 563642, 79
4754, 13, 68, 90, 4, 0, 31.73%, 18, 5, 7, 8.24, 563691, 79
4759, 13, 68, 90, 4, 0, 31.73%, 18, 5, 7, 19.55, 563800, 79
4764, 13, 68, 90, 4, 0, 31.73%, 18, 5, 7, 1.74, 563881, 79
4769, 13, 68, 90, 4, 0, 31.73%, 18, 5, 7, 12.60, 563968, 79
4774, 13, 68, 90, 4, 0, 31.73%, 18, 5, 7, 14.89, 564076, 79
4779, 13, 68, 90, 4, 0, 31.73%, 18, 5, 7, 11.87, 564165, 79
4784, 13, 68, 90, 4, 0, 31.73%, 18, 5, 7, 16.86, 564259, 79
4790, 13, 68, 90, 4, 0, 31.73%, 18, 5, 7, 11.45, 564355, 79
4795, 13, 34, 90, 4, 0, 31.73%, 18, 5, 7, 56.90, 564456, 79
