# relative_time, cycles_done, cur_item, corpus_count, pending_total, pending_favs, map_size, saved_crashes, saved_hangs, max_depth, execs_per_sec, total_execs, edges_found
61, 0, 0, 103, 103, 1, 22.54%, 0, 0, 2, 3.85, 4325, 176
72, 0, 0, 106, 106, 1, 23.69%, 0, 0, 2, 1.04, 4350, 185
80, 0, 0, 112, 112, 1, 24.20%, 0, 0, 2, 12.32, 4414, 189
85, 0, 0, 116, 116, 1, 24.46%, 0, 0, 2, 11.21, 4452, 191
92, 0, 0, 117, 117, 1, 24.58%, 0, 0, 2, 1.23, 4472, 192
98, 0, 0, 120, 120, 1, 24.97%, 0, 0, 2, 3.60, 4521, 195
103, 0, 0, 123, 123, 1, 25.22%, 0, 0, 2, 6.23, 4564, 197
109, 0, 0, 125, 125, 1, 25.48%, 0, 0, 2, 6.19, 4598, 199
114, 0, 0, 128, 128, 1, 25.86%, 0, 0, 2, 9.45, 4646, 202
119, 0, 0, 133, 133, 1, 26.25%, 0, 0, 2, 8.08, 4719, 205
128, 0, 0, 136, 136, 1, 26.50%, 0, 0, 2, 7.86, 4760, 207
133, 0, 0, 138, 138, 1, 26.63%, 0, 0, 2, 47.39, 4790, 208
141, 0, 0, 141, 141, 1, 27.02%, 0, 0, 2, 2.11, 4877, 211
146, 0, 0, 142, 142, 1, 27.14%, 0, 0, 2, 2.10, 4887, 212
152, 0, 0, 144, 144, 1, 27.40%, 0, 0, 2, 2.97, 4921, 214
160, 0, 0, 146, 146, 1, 27.40%, 0, 0, 2, 2.32, 4961, 214
165, 0, 0, 147, 147, 1, 27.53%, 0, 0, 2, 43.69, 5020, 215
171, 0, 0, 148, 148, 1, 27.53%, 0, 0, 2, 1.63, 5047, 215
176, 0, 0, 149, 149, 1, 27.53%, 0, 0, 2, 45.00, 5075, 215
184, 0, 0, 151, 151, 1, 27.53%, 0, 0, 2, 3.08, 5166, 215
192, 0, 0, 153, 153, 1, 27.66%, 0, 0, 2, 2.98, 5183, 216
197, 0, 0, 155, 155, 1, 27.91%, 0, 0, 2, 42.55, 5249, 218
202, 0, 0, 157, 157, 1, 28.30%, 0, 0, 2, 41.15, 5358, 221
208, 0, 0, 158, 158, 1, 28.43%, 0, 0, 2, 3.13, 5436, 222
217, 0, 0, 160, 160, 1, 28.55%, 0, 0, 2, 3.03, 5455, 223
223, 0, 0, 162, 162, 1, 28.81%, 0, 0, 2, 3.27, 5473, 225
229, 0, 0, 163, 163, 1, 28.94%, 0, 0, 2, 3.21, 5487, 226
235, 0, 0, 165, 165, 1, 29.07%, 0, 0, 2, 3.08, 5530, 227
240, 0, 0, 167, 167, 1, 29.07%, 0, 0, 2, 37.70, 5644, 227
245, 0, 0, 168, 168, 1, 29.19%, 0, 0, 2, 37.64, 5701, 228
254, 0, 0, 171, 171, 1, 29.19%, 0, 0, 2, 3.12, 5816, 228
259, 0, 0, 172, 172, 1, 29.19%, 0, 0, 2, 36.16, 5972, 228
265, 0, 0, 173, 173, 1, 29.19%, 0, 0, 2, 1.69, 6012, 228
346, 0, 0, 174, 174, 1, 29.83%, 0, 0, 2, 0.19, 6027, 233
351, 0, 0, 175, 175, 1, 29.83%, 0, 0, 2, 2.70, 6056, 233
356, 0, 0, 176, 176, 1, 29.96%, 0, 0, 2, 33.16, 6213, 234
365, 0, 0, 177, 177, 1, 30.47%, 0, 0, 2, 1.56, 6337, 238
370, 0, 0, 179, 179, 1, 30.60%, 0, 0, 2, 36.20, 6481, 239
375, 0, 0, 180, 180, 1, 30.60%, 0, 0, 2, 34.43, 6624, 239
380, 0, 0, 182, 182, 1, 30.60%, 0, 0, 2, 38.46, 6757, 239
1203, 0, 0, 185, 185, 1, 30.60%, 0, 0, 2, 0.01, 6870, 239
2377, 0, 0, 186, 186, 1, 30.73%, 0, 0, 2, 0.01, 6897, 240
2384, 0, 0, 188, 188, 1, 30.73%, 0, 0, 2, 5.62, 6936, 240
2389, 0, 0, 189, 189, 1, 30.73%, 0, 0, 2, 34.73, 7091, 240
2395, 0, 0, 190, 190, 1, 30.73%, 0, 0, 2, 30.97, 7210, 240
2400, 0, 0, 191, 191, 1, 30.73%, 0, 0, 2, 34.26, 7343, 240
2405, 0, 0, 192, 192, 1, 30.73%, 0, 0, 2, 34.24, 7491, 240
2411, 0, 0, 193, 193, 1, 30.99%, 0, 0, 2, 36.56, 7658, 242
2416, 0, 0, 193, 193, 1, 30.99%, 0, 0, 2, 38.82, 7827, 242
2423, 0, 0, 194, 194, 1, 30.99%, 0, 0, 2, 2.88, 7891, 242
2430, 0, 0, 195, 195, 1, 30.99%, 0, 0, 2, 1.84, 7921, 242
2435, 0, 0, 196, 196, 1, 31.24%, 0, 0, 2, 37.54, 8078, 244
2440, 0, 0, 198, 198, 1, 31.24%, 0, 0, 2, 38.62, 8211, 244
2445, 0, 0, 198, 198, 1, 31.24%, 0, 0, 2, 38.70, 8383, 244
2450, 0, 0, 201, 201, 1, 32.78%, 0, 0, 2, 34.41, 8522, 256
2455, 0, 0, 204, 204, 1, 34.96%, 0, 0, 2, 39.74, 8613, 273
2460, 0, 0, 204, 204, 1, 34.96%, 0, 0, 2, 39.47, 8790, 273
2466, 0, 0, 206, 206, 1, 34.96%, 0, 0, 2, 38.40, 8927, 273
2471, 0, 0, 206, 206, 1, 34.96%, 0, 0, 2, 39.39, 9103, 273
2477, 0, 0, 207, 207, 1, 35.08%, 0, 0, 2, 3.12, 9200, 274
2482, 0, 0, 207, 207, 1, 35.08%, 0, 0, 2, 36.26, 9364, 274
2492, 0, 0, 208, 208, 1, 35.08%, 0, 0, 2, 1.82, 9524, 274
2499, 0, 0, 209, 209, 1, 35.21%, 0, 0, 2, 2.09, 9575, 275
2505, 0, 0, 210, 210, 1, 35.21%, 0, 0, 2, 1.97, 9603, 275
2513, 0, 0, 211, 211, 1, 35.34%, 0, 0, 2, 2.06, 9779, 276
2518, 0, 0, 212, 212, 1, 35.47%, 0, 0, 2, 39.70, 9946, 277
2523, 0, 0, 213, 213, 1, 35.60%, 0, 0, 2, 40.09, 10101, 278
2528, 0, 0, 214, 214, 1, 35.60%, 0, 0, 2, 39.95, 10274, 278
2533, 0, 0, 214, 214, 1, 35.60%, 0, 0, 2, 41.87, 10466, 278
2538, 0, 0, 214, 214, 1, 35.60%, 0, 0, 2, 44.39, 10668, 278
2544, 0, 0, 214, 214, 1, 35.60%, 0, 0, 2, 44.80, 10876, 278
2549, 0, 0, 215, 215, 1, 35.60%, 0, 0, 2, 46.90, 11034, 278
2556, 0, 0, 215, 215, 1, 35.60%, 0, 0, 2, 3.11, 11148, 278
2561, 0, 0, 215, 215, 1, 35.60%, 0, 0, 2, 21.03, 11372, 278
2568, 0, 0, 216, 216, 1, 35.60%, 0, 0, 2, 8.03, 11618, 278
2574, 0, 0, 217, 217, 1, 35.60%, 0, 0, 2, 54.91, 11834, 278
2579, 0, 0, 217, 217, 1, 35.60%, 0, 0, 2, 53.35, 12082, 278
2584, 0, 0, 217, 217, 1, 35.60%, 0, 0, 2, 58.24, 12343, 278
2589, 0, 0, 217, 217, 1, 35.60%, 0, 0, 2, 63.19, 12618, 278
2594, 0, 0, 217, 217, 1, 35.60%, 0, 0, 2, 63.08, 12898, 278
2599, 0, 0, 217, 217, 1, 35.60%, 0, 0, 2, 67.42, 13200, 278
2604, 0, 0, 217, 217, 1, 35.60%, 0, 0, 2, 73.85, 13531, 278
2609, 0, 0, 217, 217, 1, 35.60%, 0, 0, 2, 80.45, 13884, 278
2614, 0, 0, 217, 217, 1, 35.60%, 0, 0, 2, 88.83, 14260, 278
2620, 0, 0, 217, 217, 1, 35.60%, 0, 0, 2, 91.07, 14686, 278
2625, 0, 0, 217, 217, 1, 35.60%, 0, 0, 2, 110.43, 15214, 278
2630, 0, 0, 217, 217, 1, 35.60%, 0, 0, 2, 164.84, 15921, 278
2635, 0, 200, 226, 224, 85, 35.98%, 0, 0, 3, 1065.00, 17022, 281
2678, 0, 200, 230, 228, 85, 36.88%, 0, 0, 3, 3.36, 18331, 288
2688, 0, 200, 232, 230, 85, 36.88%, 0, 0, 3, 10.46, 19179, 288
2694, 0, 200, 236, 234, 85, 37.00%, 0, 0, 3, 8.19, 21862, 289
2720, 0, 200, 239, 237, 85, 37.26%, 0, 0, 3, 3.36, 23399, 291
2725, 0, 200, 242, 240, 85, 37.39%, 0, 0, 3, 174.30, 27091, 292
2731, 0, 200, 245, 243, 85, 37.64%, 0, 0, 3, 30.23, 29266, 294
2737, 0, 200, 247, 245, 85, 37.64%, 0, 0, 3, 5.24, 29333, 294
2742, 0, 200, 251, 249, 85, 38.41%, 0, 0, 3, 112.69, 29571, 300
2747, 0, 200, 254, 252, 85, 38.41%, 0, 0, 3, 13.40, 29786, 300
2752, 0, 200, 256, 254, 85, 38.54%, 0, 0, 3, 116.90, 30120, 301
2757, 0, 200, 257, 255, 85, 38.54%, 0, 0, 3, 123.80, 30638, 301
2765, 0, 200, 258, 256, 85, 38.67%, 0, 0, 3, 1.47, 30988, 302
2780, 0, 135, 261, 255, 92, 38.67%, 0, 0, 3, 15.74, 32439, 302
2791, 0, 135, 262, 256, 92, 38.67%, 0, 0, 3, 15.32, 32534, 302
2805, 0, 135, 263, 257, 92, 38.67%, 0, 0, 3, 3.81, 32801, 302
2816, 0, 135, 264, 258, 92, 38.67%, 0, 0, 3, 3.67, 32826, 302
2827, 0, 135, 268, 262, 92, 38.67%, 0, 0, 3, 19.63, 34043, 302
2835, 0, 135, 269, 263, 92, 38.67%, 0, 0, 3, 19.16, 34915, 302
2847, 0, 135, 270, 264, 92, 38.67%, 0, 0, 3, 6.78, 35470, 302
2852, 0, 135, 271, 265, 92, 38.67%, 0, 0, 3, 1154.23, 37246, 302
2862, 0, 135, 272, 266, 92, 38.67%, 0, 0, 3, 2.35, 37520, 302
2868, 0, 135, 273, 267, 92, 38.67%, 0, 0, 3, 38.98, 37949, 302
2887, 0, 135, 275, 269, 92, 38.67%, 0, 0, 3, 11.37, 38621, 302
2896, 0, 135, 276, 270, 92, 38.67%, 0, 0, 3, 11.25, 38710, 302
2915, 0, 135, 277, 271, 92, 38.67%, 0, 0, 3, 0.87, 38931, 302
2924, 0, 135, 278, 272, 92, 38.67%, 0, 0, 3, 1.38, 40885, 302
2932, 0, 135, 279, 273, 92, 38.67%, 0, 0, 3, 11.61, 41384, 302
2951, 0, 135, 280, 274, 92, 38.67%, 0, 0, 3, 9.77, 43748, 302
2965, 0, 135, 281, 275, 92, 38.67%, 0, 0, 3, 1.05, 44378, 302
2972, 0, 135, 282, 276, 92, 38.67%, 0, 0, 3, 17.53, 45345, 302
2984, 0, 135, 283, 277, 92, 38.67%, 0, 0, 3, 0.85, 45460, 302
2989, 0, 135, 283, 277, 92, 38.67%, 0, 0, 3, 74.60, 45790, 302
2994, 0, 135, 283, 277, 92, 38.67%, 0, 0, 3, 80.89, 46154, 302
2999, 0, 135, 285, 279, 92, 38.67%, 0, 0, 3, 6.92, 46226, 302
3004, 0, 135, 285, 279, 92, 38.67%, 0, 0, 3, 84.39, 46609, 302
3010, 0, 135, 285, 279, 92, 38.67%, 0, 0, 3, 92.24, 47035, 302
3020, 0, 135, 286, 280, 92, 38.67%, 0, 0, 3, 1.58, 47346, 302
3033, 0, 135, 287, 281, 92, 38.67%, 0, 0, 3, 1.49, 47769, 302
3038, 0, 135, 287, 281, 92, 38.67%, 0, 0, 3, 119.67, 48313, 302
3043, 0, 135, 288, 282, 92, 38.67%, 0, 0, 3, 129.55, 48711, 302
3049, 0, 135, 289, 283, 92, 38.67%, 0, 0, 3, 169.67, 49171, 302
3054, 0, 203, 290, 281, 91, 38.67%, 0, 0, 3, 93.51, 50784, 302
3059, 0, 211, 295, 285, 90, 38.92%, 0, 0, 3, 128.01, 51181, 304
3133, 0, 211, 299, 289, 90, 39.05%, 0, 0, 3, 2.62, 53661, 305
3138, 0, 211, 300, 290, 90, 39.05%, 0, 0, 3, 1012.20, 57414, 305
3143, 0, 211, 302, 292, 90, 39.18%, 0, 0, 3, 159.70, 60610, 306
3150, 0, 211, 304, 294, 90, 39.44%, 0, 0, 3, 4.86, 60888, 308
3157, 0, 211, 307, 297, 90, 39.82%, 0, 0, 3, 4.98, 60930, 311
3167, 0, 211, 309, 299, 90, 39.95%, 0, 0, 3, 5.69, 60995, 312
3172, 0, 211, 310, 300, 90, 40.08%, 0, 0, 3, 115.17, 61284, 313
3178, 0, 211, 311, 301, 90, 40.20%, 0, 0, 3, 126.04, 61583, 314
3183, 0, 211, 312, 302, 90, 40.33%, 0, 0, 3, 3.62, 61603, 315
3188, 0, 211, 313, 303, 90, 40.46%, 0, 0, 3, 3.62, 61623, 316
3199, 0, 211, 314, 304, 90, 40.59%, 0, 0, 3, 4.66, 62137, 317
3208, 0, 211, 315, 305, 90, 40.59%, 0, 0, 3, 13.04, 62531, 317
3213, 0, 211, 315, 305, 90, 40.59%, 0, 0, 3, 164.55, 63292, 317
3240, 0, 305, 316, 303, 98, 40.85%, 0, 0, 4, 6.14, 64200, 319
3263, 0, 305, 317, 304, 98, 40.85%, 0, 0, 4, 3.59, 64488, 319
3285, 0, 305, 318, 305, 98, 40.85%, 0, 0, 4, 3.41, 64504, 319
3304, 0, 305, 320, 307, 98, 40.97%, 0, 0, 4, 3.99, 64557, 320
3338, 0, 305, 322, 309, 98, 41.10%, 0, 0, 4, 0.30, 64617, 321
3358, 0, 305, 323, 310, 98, 41.10%, 0, 0, 4, 1.63, 64649, 321
3405, 0, 305, 324, 311, 98, 41.10%, 0, 0, 4, 0.26, 64711, 321
3427, 0, 305, 325, 312, 98, 41.10%, 0, 0, 4, 0.54, 64788, 321
3469, 0, 305, 326, 313, 98, 41.10%, 0, 0, 4, 0.30, 64916, 321
3497, 0, 305, 327, 314, 98, 41.10%, 0, 0, 4, 0.32, 64933, 321
3531, 0, 305, 328, 315, 98, 41.10%, 0, 0, 4, 0.44, 65109, 321
3555, 0, 305, 329, 316, 98, 41.10%, 0, 0, 4, 0.97, 65166, 321
3560, 0, 305, 330, 317, 98, 41.23%, 0, 0, 4, 79.24, 65438, 322
3598, 0, 305, 331, 318, 98, 41.23%, 0, 0, 4, 0.51, 65813, 322
3603, 0, 305, 331, 318, 98, 41.23%, 0, 0, 4, 82.63, 66182, 322
3645, 0, 305, 332, 319, 98, 41.23%, 0, 0, 4, 0.41, 66554, 322
3650, 0, 305, 332, 319, 98, 41.23%, 0, 0, 4, 82.40, 66891, 322
3680, 0, 305, 333, 320, 98, 41.23%, 0, 0, 4, 0.39, 67110, 322
3685, 0, 305, 333, 320, 98, 41.23%, 0, 0, 4, 103.56, 67550, 322
3731, 0, 305, 334, 321, 98, 41.23%, 0, 0, 4, 0.69, 67848, 322
3736, 0, 305, 334, 321, 98, 41.23%, 0, 0, 4, 121.65, 68421, 322
3772, 0, 305, 335, 322, 98, 41.23%, 0, 0, 4, 0.90, 68852, 322
3777, 0, 305, 335, 322, 98, 41.23%, 0, 0, 4, 170.19, 69626, 322
3783, 0, 161, 337, 317, 91, 41.23%, 0, 0, 4, 116.64, 72546, 322
3789, 0, 161, 338, 318, 91, 41.23%, 0, 0, 4, 8.64, 72603, 322
3869, 0, 327, 339, 318, 90, 41.23%, 0, 0, 5, 1.79, 72995, 322
3875, 0, 312, 341, 318, 88, 41.23%, 0, 0, 5, 39.93, 74815, 322
3933, 0, 314, 344, 319, 86, 41.36%, 0, 0, 5, 1.46, 75734, 323
3940, 0, 314, 345, 320, 86, 41.36%, 0, 0, 5, 23.02, 75904, 323
3994, 0, 314, 346, 321, 86, 41.36%, 0, 0, 5, 0.51, 76913, 323
4020, 0, 314, 347, 322, 86, 41.49%, 0, 0, 5, 2.18, 77815, 324
4049, 0, 279, 348, 321, 86, 41.49%, 0, 0, 5, 0.88, 78061, 324
4077, 0, 279, 349, 322, 86, 41.49%, 0, 0, 5, 0.86, 78077, 324
4100, 0, 279, 350, 323, 86, 41.49%, 0, 0, 5, 2.95, 79078, 324
4115, 0, 279, 351, 324, 86, 41.49%, 0, 0, 5, 2.91, 79113, 324
4136, 0, 147, 352, 316, 77, 41.49%, 0, 0, 5, 2.53, 81979, 324
4149, 0, 147, 353, 317, 77, 41.49%, 0, 0, 5, 2.13, 82152, 324
4154, 0, 329, 353, 310, 70, 41.49%, 0, 0, 5, 643.42, 85174, 324
4159, 0, 197, 356, 311, 68, 41.49%, 0, 0, 5, 569.66, 86695, 324
4191, 0, 346, 357, 307, 63, 41.49%, 0, 0, 5, 6.40, 88024, 324
4198, 0, 346, 358, 308, 63, 41.49%, 0, 0, 5, 6.86, 88119, 324
4344, 0, 346, 359, 309, 63, 41.49%, 0, 0, 5, 0.61, 88208, 324
4353, 0, 346, 360, 310, 63, 41.49%, 0, 0, 5, 3.47, 89204, 324
4360, 0, 346, 361, 311, 63, 41.61%, 0, 0, 5, 3.40, 89221, 325
4365, 0, 346, 362, 312, 63, 41.61%, 0, 0, 5, 3.33, 89233, 325
4371, 0, 346, 363, 313, 63, 41.61%, 0, 0, 5, 3.37, 89255, 325
4377, 0, 346, 364, 314, 63, 41.61%, 0, 0, 5, 3.29, 89267, 325
4382, 0, 346, 365, 315, 63, 41.74%, 0, 0, 5, 3.27, 89283, 326
4391, 0, 346, 366, 316, 63, 41.74%, 0, 0, 5, 3.24, 89452, 326
4425, 0, 346, 367, 317, 63, 41.74%, 0, 0, 5, 1.30, 89880, 326
4456, 0, 346, 368, 318, 63, 41.74%, 0, 0, 5, 0.39, 89923, 326
4461, 0, 346, 368, 318, 63, 41.74%, 0, 0, 5, 200.00, 90590, 326
4466, 0, 192, 370, 318, 62, 41.87%, 0, 0, 5, 333.46, 92119, 327
4471, 0, 141, 372, 310, 52, 42.25%, 0, 0, 5, 876.43, 94721, 330
4504, 0, 318, 373, 308, 49, 42.25%, 0, 0, 5, 5.84, 95804, 330
4513, 0, 214, 374, 306, 46, 42.25%, 0, 0, 5, 4.10, 97565, 330
4518, 0, 320, 374, 294, 34, 42.25%, 0, 0, 5, 809.69, 101857, 330
4525, 0, 208, 375, 294, 33, 42.25%, 0, 0, 5, 7.50, 102118, 330
4536, 0, 208, 376, 295, 33, 42.25%, 0, 0, 5, 7.21, 102148, 330
4542, 0, 97, 377, 290, 27, 42.25%, 0, 1, 5, 454.03, 104373, 330
4547, 0, 27, 379, 283, 18, 42.25%, 0, 1, 5, 115.48, 107216, 330
4552, 0, 113, 381, 281, 14, 42.25%, 0, 1, 5, 222.28, 108534, 330
4565, 0, 162, 382, 280, 12, 42.25%, 0, 1, 5, 4.80, 108819, 330
4572, 0, 167, 383, 280, 11, 42.25%, 0, 1, 5, 25.75, 109586, 330
4589, 0, 160, 384, 279, 9, 42.25%, 0, 1, 5, 7.79, 110363, 330
4594, 0, 248, 384, 270, 0, 42.25%, 0, 1, 5, 1038.12, 114109, 330
4677, 0, 324, 385, 271, 0, 42.25%, 0, 1, 5, 2.55, 115439, 330
4740, 0, 324, 386, 272, 0, 42.25%, 0, 1, 5, 0.29, 115457, 330
4824, 0, 324, 387, 273, 0, 42.25%, 0, 1, 5, 1.94, 115833, 330
4829, 0, 324, 388, 274, 0, 42.38%, 0, 1, 5, 1124.00, 116374, 331
4924, 0, 324, 389, 275, 0, 42.38%, 0, 1, 5, 0.56, 116427, 331
4929, 0, 324, 389, 275, 0, 42.38%, 0, 1, 5, 1088.72, 121123, 331
4934, 0, 324, 389, 275, 0, 42.38%, 0, 1, 5, 68.53, 125021, 331
4939, 0, 324, 389, 275, 0, 42.38%, 0, 1, 5, 154.86, 125662, 331
4950, 0, 214, 390, 275, 0, 42.38%, 0, 1, 5, 29.62, 127342, 331
4956, 0, 236, 391, 275, 0, 42.64%, 0, 1, 5, 791.13, 131454, 333
4970, 0, 279, 392, 276, 0, 42.64%, 0, 1, 5, 15.82, 134039, 333
4975, 0, 279, 393, 277, 0, 42.64%, 0, 1, 5, 13.42, 134272, 333
4980, 0, 390, 394, 278, 0, 42.77%, 0, 1, 5, 551.84, 136725, 334
4985, 0, 344, 395, 278, 0, 42.77%, 0, 1, 5, 473.77, 140618, 334
4995, 0, 192, 396, 279, 0, 42.77%, 0, 1, 5, 31.63, 143883, 334
5000, 0, 344, 396, 279, 0, 42.77%, 0, 1, 5, 1112.03, 147896, 334
5018, 0, 364, 397, 280, 0, 42.77%, 0, 1, 6, 8.40, 148726, 334
5023, 0, 40, 397, 280, 0, 42.77%, 0, 1, 6, 865.81, 152813, 334
5028, 0, 327, 397, 280, 0, 42.77%, 0, 1, 6, 1118.25, 157592, 334
5033, 0, 92, 397, 280, 0, 42.77%, 0, 1, 6, 1153.48, 162492, 334
5038, 0, 75, 398, 281, 0, 42.77%, 0, 1, 6, 1060.55, 165710, 334
5045, 0, 248, 399, 282, 0, 42.77%, 0, 1, 6, 96.94, 171472, 334
5051, 0, 390, 400, 283, 0, 42.77%, 0, 1, 6, 60.74, 173553, 334
5056, 0, 318, 400, 282, 0, 42.77%, 0, 1, 6, 1158.09, 178188, 334
5062, 0, 238, 401, 283, 0, 42.77%, 0, 1, 6, 35.51, 182568, 334
5067, 0, 324, 401, 283, 0, 42.77%, 0, 1, 6, 1222.38, 187267, 334
5086, 0, 396, 402, 284, 0, 42.77%, 0, 1, 7, 2.50, 188334, 334
5099, 0, 51, 403, 284, 0, 42.77%, 0, 1, 7, 12.62, 189479, 334
5117, 0, 51, 404, 285, 0, 42.77%, 0, 1, 7, 12.04, 189540, 334
5122, 0, 344, 404, 285, 0, 42.77%, 0, 1, 7, 708.87, 192965, 334
5128, 0, 365, 404, 285, 0, 42.77%, 0, 1, 7, 1102.27, 197803, 334
5133, 0, 390, 405, 286, 0, 42.89%, 0, 1, 7, 174.27, 201514, 335
5138, 0, 75, 405, 285, 0, 42.89%, 0, 2, 7, 1150.07, 205975, 335
5143, 0, 134, 405, 285, 0, 42.89%, 0, 2, 7, 1126.94, 210699, 335
5149, 0, 404, 407, 287, 0, 42.89%, 0, 2, 7, 58.35, 214495, 335
5166, 0, 364, 408, 288, 0, 42.89%, 0, 2, 7, 2.75, 215262, 335
5183, 0, 364, 409, 289, 0, 42.89%, 0, 2, 7, 7.71, 215631, 335
5199, 0, 364, 410, 290, 0, 42.89%, 0, 2, 7, 7.36, 215667, 335
5204, 0, 344, 411, 291, 0, 42.89%, 0, 2, 7, 551.66, 218236, 335
5210, 0, 164, 412, 292, 0, 42.89%, 0, 2, 7, 24.24, 222100, 335
5215, 0, 87, 412, 292, 0, 42.89%, 0, 2, 7, 797.25, 226311, 335
5220, 0, 63, 413, 293, 0, 42.89%, 0, 2, 7, 9.40, 229306, 335
5225, 0, 51, 413, 293, 0, 42.89%, 0, 2, 7, 937.78, 232911, 335
5237, 0, 390, 415, 295, 0, 42.89%, 0, 2, 7, 20.42, 235991, 335
5242, 0, 167, 415, 295, 0, 42.89%, 0, 2, 7, 633.42, 239089, 335
5247, 0, 390, 416, 296, 0, 42.89%, 0, 2, 7, 509.98, 241777, 335
5252, 0, 325, 416, 296, 0, 42.89%, 0, 2, 7, 655.28, 245008, 335
5257, 0, 344, 417, 297, 0, 42.89%, 0, 2, 7, 427.33, 247634, 335
5263, 0, 344, 417, 297, 0, 42.89%, 0, 2, 7, 613.85, 250838, 335
5268, 0, 300, 418, 298, 0, 43.02%, 0, 2, 7, 102.94, 253623, 336
5285, 1, 78, 419, 298, 0, 43.02%, 0, 2, 7, 2.61, 255333, 336
5309, 1, 78, 420, 299, 0, 43.02%, 0, 2, 7, 2.49, 255350, 336
5315, 1, 211, 420, 299, 0, 43.02%, 0, 2, 7, 504.05, 257769, 336
5337, 1, 344, 421, 300, 0, 43.02%, 0, 2, 7, 1.92, 258122, 336
5357, 1, 344, 422, 301, 0, 43.02%, 0, 2, 7, 1.93, 258165, 336
5381, 1, 344, 423, 302, 0, 43.02%, 0, 2, 7, 1.85, 258179, 336
5405, 1, 344, 424, 303, 0, 43.02%, 0, 2, 7, 0.53, 258486, 336
5410, 1, 344, 424, 303, 0, 43.02%, 0, 2, 7, 128.37, 259077, 336
5415, 1, 40, 424, 303, 0, 43.02%, 0, 2, 7, 114.14, 260542, 336
5420, 1, 344, 424, 303, 0, 43.02%, 0, 2, 7, 75.51, 265608, 336
5425, 1, 40, 425, 304, 0, 43.02%, 0, 2, 7, 57.55, 269741, 336
5431, 1, 40, 427, 304, 0, 43.15%, 0, 2, 7, 88.74, 274564, 337
5436, 1, 295, 430, 306, 0, 43.15%, 0, 2, 7, 1170.06, 277364, 337
5441, 1, 163, 430, 306, 0, 43.15%, 0, 2, 7, 1091.18, 282157, 337
5446, 1, 390, 430, 305, 0, 43.15%, 0, 2, 7, 1076.36, 287185, 337
5452, 1, 425, 430, 304, 0, 43.15%, 0, 2, 7, 1112.17, 292091, 337
5473, 1, 321, 431, 304, 0, 43.15%, 0, 2, 7, 2.12, 294019, 337
5478, 1, 92, 431, 303, 0, 43.15%, 0, 2, 7, 850.80, 298134, 337
5507, 1, 417, 432, 304, 0, 43.15%, 0, 2, 7, 5.16, 300561, 337
5512, 1, 411, 433, 305, 0, 43.15%, 0, 2, 7, 630.00, 301445, 337
5622, 1, 325, 434, 305, 0, 43.15%, 0, 2, 7, 0.64, 301880, 337
5628, 1, 354, 434, 304, 0, 43.15%, 0, 2, 7, 1005.15, 306005, 337
5656, 1, 344, 435, 304, 0, 43.15%, 0, 2, 7, 2.49, 308868, 337
5690, 1, 344, 436, 305, 0, 43.15%, 0, 2, 7, 2.37, 308891, 337
5727, 1, 344, 437, 306, 0, 43.15%, 0, 2, 7, 2.43, 309016, 337
5764, 1, 344, 438, 307, 0, 43.15%, 0, 2, 7, 0.70, 309407, 337
5769, 1, 344, 438, 307, 0, 43.15%, 0, 2, 7, 191.27, 310134, 337
5805, 1, 344, 439, 308, 0, 43.15%, 0, 2, 7, 0.83, 310619, 337
5839, 1, 344, 440, 309, 0, 43.15%, 0, 2, 7, 0.80, 310630, 337
5874, 1, 344, 441, 310, 0, 43.15%, 0, 2, 7, 0.89, 310889, 337
5879, 1, 344, 441, 310, 0, 43.15%, 0, 2, 7, 184.06, 311598, 337
5884, 1, 390, 441, 310, 0, 43.15%, 0, 2, 7, 1084.71, 314557, 337
5918, 1, 390, 442, 311, 0, 43.15%, 0, 2, 7, 1.27, 318317, 337
5923, 1, 393, 442, 311, 0, 43.15%, 0, 2, 7, 834.53, 322142, 337
5929, 1, 332, 443, 312, 0, 43.28%, 0, 2, 7, 40.24, 324487, 338
6062, 1, 332, 444, 313, 0, 43.28%, 0, 2, 7, 0.70, 325077, 338
6099, 1, 332, 445, 314, 0, 43.28%, 0, 2, 7, 1.20, 326474, 338
6104, 1, 31, 445, 312, 0, 43.28%, 0, 2, 7, 1211.56, 330770, 338
6109, 1, 214, 446, 313, 0, 43.28%, 0, 2, 7, 58.39, 331907, 338
6115, 1, 107, 448, 315, 0, 43.28%, 0, 2, 7, 22.80, 335887, 338
6120, 1, 318, 448, 315, 0, 43.28%, 0, 2, 7, 147.76, 340874, 338
6160, 1, 390, 449, 315, 0, 43.28%, 0, 2, 7, 5.28, 344109, 338
6165, 1, 163, 449, 315, 0, 43.28%, 0, 2, 7, 173.47, 347145, 338
6170, 1, 178, 449, 315, 0, 43.28%, 0, 2, 7, 1194.63, 352229, 338
6193, 1, 157, 451, 317, 0, 43.28%, 0, 2, 7, 11.94, 355693, 338
6198, 1, 393, 451, 317, 0, 43.28%, 0, 2, 7, 804.15, 359946, 338
6218, 1, 147, 452, 318, 0, 43.28%, 0, 2, 7, 11.71, 364598, 338
6251, 1, 295, 455, 321, 0, 43.28%, 0, 2, 7, 2.40, 367665, 338
6256, 1, 59, 456, 321, 0, 43.28%, 0, 2, 7, 138.89, 370923, 338
6290, 1, 197, 457, 322, 0, 43.28%, 0, 2, 7, 1.06, 371981, 338
6295, 1, 390, 457, 322, 0, 43.28%, 0, 2, 7, 1188.12, 375673, 338
6300, 1, 212, 458, 322, 0, 43.28%, 0, 2, 7, 710.00, 379367, 338
6305, 1, 248, 459, 323, 0, 43.28%, 0, 2, 7, 303.48, 382631, 338
6310, 1, 324, 459, 321, 0, 43.28%, 0, 2, 7, 1245.00, 387850, 338
6315, 1, 382, 459, 321, 0, 43.28%, 0, 2, 7, 1193.07, 393097, 338
6482, 1, 369, 460, 320, 0, 43.28%, 0, 2, 7, 0.07, 397870, 338
6487, 1, 318, 460, 319, 0, 43.28%, 0, 2, 7, 917.83, 402792, 338
6493, 1, 310, 460, 318, 0, 43.28%, 0, 2, 7, 1228.59, 407627, 338
6521, 1, 344, 461, 318, 0, 43.28%, 0, 2, 7, 9.05, 412774, 338
6526, 1, 324, 461, 318, 0, 43.28%, 0, 2, 7, 1188.03, 416918, 338
6531, 1, 121, 461, 317, 0, 43.28%, 0, 2, 7, 1155.49, 421800, 338
6536, 1, 300, 461, 317, 0, 43.28%, 0, 2, 7, 886.81, 426657, 338
6541, 1, 87, 461, 317, 0, 43.28%, 0, 2, 7, 1154.38, 431653, 338
6546, 1, 344, 462, 318, 0, 43.28%, 0, 2, 7, 394.19, 434669, 338
6572, 1, 329, 463, 319, 0, 43.28%, 0, 2, 7, 2.11, 436592, 338
6577, 1, 364, 463, 319, 0, 43.28%, 0, 2, 7, 1066.16, 441373, 338
6582, 1, 344, 463, 319, 0, 43.28%, 0, 2, 7, 1164.95, 446526, 338
6590, 1, 236, 465, 321, 0, 43.66%, 0, 2, 7, 72.35, 448672, 341
6595, 1, 192, 466, 319, 0, 43.79%, 0, 2, 7, 1186.55, 451492, 342
6600, 2, 211, 466, 319, 0, 43.79%, 0, 2, 7, 1243.42, 456563, 342
6610, 2, 131, 467, 320, 0, 43.79%, 0, 2, 7, 10.65, 459182, 342
6615, 2, 465, 468, 320, 0, 43.79%, 0, 2, 7, 1013.00, 463893, 342
6621, 2, 344, 470, 322, 0, 43.79%, 0, 2, 7, 8.59, 465880, 342
6633, 2, 318, 471, 323, 0, 43.79%, 0, 2, 7, 10.73, 467702, 342
6642, 2, 318, 472, 324, 0, 43.79%, 0, 2, 7, 10.49, 467766, 342
6648, 2, 390, 473, 325, 0, 43.79%, 0, 2, 7, 651.02, 470310, 342
6656, 2, 109, 475, 327, 0, 43.79%, 0, 2, 7, 27.84, 472800, 342
6661, 2, 365, 475, 326, 0, 43.79%, 0, 2, 7, 1120.11, 477182, 342
6681, 2, 390, 476, 327, 0, 43.79%, 0, 2, 7, 4.68, 477984, 342
6686, 2, 163, 477, 328, 0, 43.79%, 0, 2, 7, 793.91, 481275, 342
6710, 2, 344, 478, 329, 0, 43.79%, 0, 2, 7, 12.92, 485583, 342
6723, 2, 344, 479, 330, 0, 43.79%, 0, 2, 7, 1.60, 485605, 342
6744, 2, 2, 480, 331, 0, 43.79%, 0, 2, 7, 1.69, 485821, 342
6759, 2, 2, 481, 332, 0, 43.79%, 0, 2, 7, 2.28, 486032, 342
6770, 2, 2, 482, 333, 0, 43.79%, 0, 2, 7, 3.42, 486111, 342
6775, 2, 344, 483, 334, 0, 43.79%, 0, 2, 7, 501.67, 488144, 342
6791, 2, 344, 484, 335, 0, 43.79%, 0, 2, 7, 5.60, 488234, 342
6796, 2, 138, 486, 337, 0, 43.79%, 0, 2, 7, 984.04, 490902, 342
6801, 2, 344, 487, 337, 0, 43.79%, 0, 2, 7, 1249.43, 494808, 342
6818, 2, 390, 488, 338, 0, 43.79%, 0, 2, 7, 11.07, 495515, 342
6823, 2, 164, 489, 339, 0, 43.92%, 0, 2, 7, 45.31, 499681, 343
6840, 2, 481, 490, 339, 0, 43.92%, 0, 2, 7, 10.39, 503034, 343
6850, 2, 481, 491, 340, 0, 43.92%, 0, 2, 7, 10.99, 503228, 343
6868, 2, 481, 492, 341, 0, 43.92%, 0, 2, 7, 2.23, 503651, 343
6896, 2, 481, 493, 342, 0, 43.92%, 0, 2, 7, 2.13, 503670, 343
6914, 2, 481, 494, 343, 0, 43.92%, 0, 2, 7, 2.51, 503863, 343
6919, 2, 5, 494, 342, 0, 43.92%, 0, 2, 7, 325.94, 505181, 343
6924, 2, 327, 494, 341, 0, 43.92%, 0, 2, 7, 832.68, 509700, 343
6929, 2, 325, 494, 341, 0, 43.92%, 0, 2, 7, 982.08, 514064, 343
6934, 2, 327, 494, 341, 0, 43.92%, 0, 2, 7, 946.06, 518224, 343
6939, 2, 425, 495, 342, 0, 44.43%, 0, 2, 7, 931.65, 522399, 347
6963, 2, 167, 496, 342, 0, 44.43%, 0, 2, 7, 4.95, 524418, 347
7003, 2, 390, 497, 343, 0, 44.43%, 0, 2, 7, 1.21, 526388, 347
7009, 2, 88, 498, 344, 0, 44.43%, 0, 2, 7, 44.67, 527799, 347
7020, 2, 88, 499, 345, 0, 44.43%, 0, 2, 7, 1.24, 527812, 347
7030, 2, 88, 500, 346, 0, 44.43%, 0, 2, 7, 4.58, 527906, 347
7044, 2, 88, 501, 347, 0, 44.43%, 0, 2, 7, 6.25, 528483, 347
7091, 2, 440, 502, 348, 0, 44.43%, 0, 2, 7, 0.38, 530537, 347
7097, 2, 128, 502, 347, 0, 44.43%, 0, 2, 7, 1141.25, 533260, 347
7129, 2, 78, 503, 348, 0, 44.43%, 0, 2, 7, 5.30, 533432, 347
7156, 2, 78, 504, 349, 0, 44.43%, 0, 2, 7, 1.90, 533513, 347
7162, 2, 75, 504, 349, 0, 44.43%, 0, 2, 7, 728.09, 534807, 347
7173, 2, 344, 505, 349, 0, 44.43%, 0, 2, 7, 21.55, 538106, 347
7187, 2, 283, 506, 350, 0, 44.43%, 0, 2, 7, 1.04, 539021, 347
7192, 2, 248, 506, 349, 0, 44.43%, 0, 2, 7, 1220.00, 543642, 347
7197, 2, 344, 506, 349, 0, 44.43%, 0, 2, 7, 1232.67, 548945, 347
7202, 2, 10, 506, 349, 0, 44.43%, 0, 2, 7, 1233.83, 554079, 347
7208, 2, 344, 506, 347, 0, 44.43%, 0, 2, 7, 1265.00, 559243, 347
7213, 2, 97, 508, 348, 0, 44.56%, 0, 2, 7, 493.28, 562706, 348
7234, 2, 221, 509, 349, 0, 44.56%, 0, 2, 7, 4.22, 563383, 348
7260, 2, 404, 510, 350, 0, 44.56%, 0, 2, 7, 2.50, 563978, 348
7286, 2, 404, 511, 351, 0, 44.56%, 0, 2, 7, 0.72, 564106, 348
7295, 2, 344, 512, 352, 0, 44.56%, 0, 2, 7, 109.39, 566424, 348
7300, 2, 344, 513, 353, 0, 44.56%, 0, 2, 7, 12.56, 566493, 348
7306, 2, 344, 514, 354, 0, 44.56%, 0, 2, 7, 5.47, 566655, 348
7312, 2, 344, 515, 355, 0, 44.56%, 0, 2, 7, 1.46, 566790, 348
7317, 2, 344, 516, 356, 0, 44.56%, 0, 2, 7, 7.99, 566900, 348
7323, 2, 344, 516, 356, 0, 44.56%, 0, 2, 7, 198.97, 567749, 348
7328, 2, 344, 517, 357, 0, 44.56%, 0, 2, 7, 1165.11, 571384, 348
7364, 2, 344, 518, 356, 0, 44.56%, 0, 2, 7, 4.86, 575016, 348
7369, 2, 344, 518, 356, 0, 44.56%, 0, 2, 7, 1046.06, 577606, 348
7393, 2, 344, 519, 357, 0, 44.56%, 0, 2, 7, 10.76, 580703, 348
7403, 2, 208, 520, 358, 0, 44.56%, 0, 2, 7, 37.35, 584067, 348
7408, 2, 344, 520, 357, 0, 44.56%, 0, 2, 7, 692.81, 587613, 348
7413, 2, 295, 520, 356, 0, 44.56%, 0, 2, 7, 1050.00, 592287, 348
7418, 2, 324, 521, 357, 0, 44.56%, 0, 2, 7, 400.00, 593415, 348
7424, 2, 59, 521, 356, 0, 44.56%, 0, 2, 7, 1085.00, 598250, 348
7429, 2, 324, 521, 355, 0, 44.56%, 0, 2, 7, 1055.00, 602910, 348
7435, 2, 465, 522, 355, 0, 44.81%, 0, 2, 7, 53.31, 607422, 350
7440, 2, 344, 522, 354, 0, 44.81%, 0, 2, 7, 1016.06, 611885, 350
7445, 2, 226, 522, 353, 0, 44.81%, 0, 2, 7, 1024.58, 616518, 350
7502, 2, 324, 523, 354, 0, 44.81%, 0, 2, 7, 3.85, 621144, 350
7507, 2, 325, 523, 354, 0, 44.81%, 0, 2, 7, 612.76, 624291, 350
7512, 2, 167, 523, 352, 0, 44.81%, 0, 2, 7, 865.89, 628612, 350
7561, 2, 167, 524, 353, 0, 44.81%, 0, 2, 7, 0.67, 628645, 350
7566, 2, 295, 524, 352, 0, 44.81%, 0, 2, 7, 545.26, 630943, 350
7571, 2, 344, 524, 352, 0, 44.81%, 0, 2, 7, 900.85, 635480, 350
7576, 2, 117, 524, 352, 0, 44.81%, 0, 2, 7, 1074.95, 640198, 350
7581, 2, 87, 524, 352, 0, 44.81%, 0, 2, 7, 1041.03, 644796, 350
7586, 2, 521, 525, 353, 0, 45.20%, 0, 2, 7, 103.08, 647663, 353
7595, 2, 475, 526, 353, 0, 45.20%, 0, 2, 7, 27.59, 649667, 353
7600, 2, 344, 526, 352, 0, 45.20%, 0, 2, 7, 979.36, 653700, 353
7605, 2, 197, 526, 352, 0, 45.20%, 0, 2, 7, 1076.14, 658387, 353
7610, 2, 119, 526, 352, 0, 45.20%, 0, 2, 7, 1047.40, 663081, 353
7615, 2, 300, 526, 352, 0, 45.20%, 0, 2, 7, 1075.90, 667825, 353
7622, 2, 463, 527, 353, 0, 45.33%, 0, 2, 7, 20.64, 671853, 354
7627, 3, 295, 527, 352, 0, 45.33%, 0, 2, 7, 1028.82, 676379, 354
7632, 3, 344, 527, 350, 0, 45.33%, 0, 2, 7, 1095.65, 681173, 354
7637, 3, 318, 527, 350, 0, 45.33%, 0, 2, 7, 1089.21, 685923, 354
7642, 3, 197, 527, 350, 0, 45.33%, 0, 2, 7, 1074.90, 690737, 354
7654, 3, 364, 529, 352, 0, 45.33%, 0, 2, 7, 13.64, 692310, 354
7659, 3, 390, 529, 350, 0, 45.33%, 0, 2, 7, 988.29, 696455, 354
7665, 3, 344, 530, 350, 0, 45.33%, 0, 2, 7, 76.31, 700556, 354
7670, 3, 327, 530, 348, 0, 45.33%, 0, 2, 7, 1046.08, 704993, 354
7675, 3, 393, 530, 347, 0, 45.33%, 0, 2, 7, 1027.19, 709419, 354
7680, 3, 88, 530, 346, 0, 45.33%, 0, 2, 7, 910.47, 713932, 354
7685, 3, 306, 530, 345, 0, 45.33%, 0, 2, 7, 973.08, 718461, 354
7690, 3, 390, 530, 344, 0, 45.33%, 0, 2, 7, 1102.23, 722991, 354
7696, 3, 226, 530, 343, 0, 45.33%, 0, 2, 7, 1008.18, 727469, 354
7701, 3, 320, 530, 342, 0, 45.33%, 0, 2, 7, 1090.47, 732056, 354
7706, 3, 524, 530, 342, 0, 45.33%, 0, 2, 7, 1099.08, 736847, 354
7711, 3, 324, 530, 341, 0, 45.33%, 0, 2, 7, 1063.23, 741453, 354
7716, 3, 344, 530, 340, 0, 45.33%, 0, 2, 7, 1151.98, 746271, 354
7733, 3, 344, 531, 341, 0, 45.33%, 0, 2, 7, 1.27, 750586, 354
7770, 3, 5, 532, 342, 0, 45.33%, 0, 2, 7, 2.17, 752469, 354
7775, 3, 390, 532, 342, 0, 45.33%, 0, 2, 7, 1101.04, 755800, 354
7791, 3, 390, 533, 343, 0, 45.33%, 0, 2, 7, 0.50, 755808, 354
7796, 3, 488, 534, 343, 0, 45.33%, 0, 2, 7, 119.05, 758659, 354
7819, 3, 342, 535, 344, 0, 45.33%, 0, 2, 7, 10.64, 762461, 354
7824, 3, 369, 535, 344, 0, 45.33%, 0, 2, 7, 1049.05, 766403, 354
7832, 3, 506, 536, 345, 0, 45.45%, 0, 2, 7, 31.88, 768070, 355
7837, 3, 78, 536, 344, 0, 45.45%, 0, 2, 7, 947.28, 772248, 355
7846, 3, 535, 537, 345, 0, 45.45%, 0, 2, 7, 29.42, 774923, 355
7851, 3, 535, 537, 345, 0, 45.45%, 0, 2, 7, 815.89, 778647, 355
7856, 3, 324, 537, 345, 0, 45.45%, 0, 2, 7, 49.81, 783523, 355
7861, 3, 147, 537, 343, 0, 45.45%, 0, 2, 7, 47.49, 788275, 355
7866, 3, 516, 537, 342, 0, 45.45%, 0, 2, 7, 27.88, 793135, 355
7871, 3, 303, 537, 340, 0, 45.45%, 0, 2, 7, 1035.01, 797886, 355
7882, 3, 393, 538, 340, 0, 45.45%, 0, 2, 7, 11.88, 802485, 355
7887, 3, 535, 538, 339, 0, 45.45%, 0, 2, 7, 731.12, 805995, 355
7892, 3, 404, 538, 339, 0, 45.45%, 0, 2, 7, 1094.19, 810824, 355
7898, 3, 535, 539, 339, 0, 45.58%, 0, 2, 7, 1073.92, 814478, 356
7923, 3, 5, 540, 339, 0, 45.58%, 0, 2, 7, 6.02, 818227, 356
7928, 3, 464, 540, 339, 0, 45.58%, 0, 2, 7, 1080.81, 821869, 356
7943, 3, 192, 541, 340, 0, 45.58%, 0, 2, 7, 14.15, 822083, 356
7948, 3, 516, 541, 340, 0, 45.58%, 0, 2, 7, 1085.00, 825912, 356
7954, 3, 516, 542, 341, 0, 45.71%, 0, 2, 7, 247.52, 826587, 357
7959, 3, 442, 542, 340, 0, 45.71%, 0, 2, 7, 1075.00, 830945, 357
8367, 3, 40, 543, 341, 0, 45.71%, 0, 2, 7, 0.39, 833323, 357
8372, 3, 417, 543, 341, 0, 45.71%, 0, 2, 7, 938.32, 836698, 357
8377, 3, 538, 544, 342, 0, 45.71%, 0, 2, 7, 1082.28, 840340, 357
8382, 3, 248, 544, 341, 0, 45.71%, 0, 2, 7, 1142.73, 845211, 357
8447, 3, 208, 545, 341, 0, 45.71%, 0, 2, 7, 3.36, 848603, 357
8512, 3, 208, 546, 342, 0, 45.71%, 0, 2, 7, 0.36, 848651, 357
8517, 3, 208, 546, 342, 0, 45.71%, 0, 2, 7, 2.30, 849267, 357
8522, 3, 535, 546, 342, 0, 45.71%, 0, 2, 7, 416.78, 851191, 357
8527, 3, 325, 546, 342, 0, 45.71%, 0, 2, 7, 139.77, 855687, 357
8532, 3, 329, 546, 341, 0, 45.71%, 0, 2, 7, 102.15, 860165, 357
8602, 3, 208, 547, 341, 0, 45.71%, 0, 2, 7, 1.55, 864082, 357
8682, 3, 208, 548, 342, 0, 45.71%, 0, 2, 7, 0.45, 864193, 357
8687, 3, 208, 548, 342, 0, 45.71%, 0, 2, 7, 144.11, 864818, 357
8697, 3, 541, 549, 343, 0, 45.84%, 0, 2, 7, 32.26, 866511, 358
8711, 3, 541, 550, 344, 0, 46.22%, 0, 2, 7, 30.68, 866608, 361
8723, 3, 541, 551, 345, 0, 46.22%, 0, 2, 7, 3.27, 866856, 361
8732, 3, 541, 552, 346, 0, 46.22%, 0, 2, 7, 5.73, 867187, 361
8739, 3, 548, 553, 346, 1, 46.35%, 0, 2, 7, 32.33, 868170, 362
8744, 3, 425, 553, 344, 0, 46.35%, 0, 2, 7, 772.34, 872797, 362
8749, 3, 238, 553, 343, 0, 46.35%, 0, 2, 7, 981.00, 877370, 362
8754, 3, 196, 553, 343, 0, 46.35%, 0, 3, 7, 39.59, 881124, 362
8759, 3, 192, 553, 342, 0, 46.35%, 0, 3, 7, 1083.88, 885848, 362
8764, 3, 463, 554, 342, 0, 46.61%, 0, 3, 7, 1125.00, 888734, 364
8770, 3, 535, 554, 340, 0, 46.61%, 0, 3, 7, 814.95, 893133, 364
8775, 3, 211, 554, 340, 0, 46.61%, 0, 3, 7, 994.32, 897722, 364
8780, 3, 465, 554, 340, 0, 46.61%, 0, 3, 7, 1085.13, 902502, 364
8785, 3, 198, 554, 340, 0, 46.61%, 0, 3, 7, 1078.74, 907226, 364
8790, 4, 516, 554, 339, 0, 46.61%, 0, 3, 7, 1076.31, 912015, 364
8795, 4, 535, 554, 337, 0, 46.61%, 0, 3, 7, 1065.90, 916714, 364
8800, 4, 515, 554, 337, 0, 46.61%, 0, 3, 7, 1046.91, 921305, 364
8805, 4, 31, 554, 336, 0, 46.61%, 0, 3, 7, 1030.53, 925809, 364
8816, 4, 393, 555, 337, 0, 46.61%, 0, 3, 7, 3.96, 927120, 364
8821, 4, 324, 555, 337, 0, 46.61%, 0, 3, 7, 933.32, 930313, 364
8826, 4, 344, 555, 335, 0, 46.61%, 0, 3, 7, 993.27, 934969, 364
8831, 4, 516, 556, 336, 0, 46.61%, 0, 3, 7, 974.74, 938312, 364
8836, 4, 465, 556, 336, 0, 46.61%, 0, 3, 7, 1011.12, 942843, 364
8841, 4, 318, 556, 336, 0, 46.61%, 0, 3, 7, 1021.19, 947428, 364
8855, 4, 551, 557, 335, 0, 46.61%, 0, 3, 7, 17.36, 951657, 364
8868, 4, 551, 558, 336, 0, 46.61%, 0, 3, 7, 16.74, 951753, 364
8873, 4, 40, 558, 336, 0, 46.61%, 0, 3, 7, 376.74, 954171, 364
8978, 4, 526, 559, 337, 0, 46.73%, 0, 3, 7, 0.54, 955064, 365
8983, 4, 526, 559, 336, 0, 46.73%, 0, 3, 7, 1061.42, 959466, 365
8988, 4, 329, 559, 336, 0, 46.73%, 0, 3, 7, 1077.40, 964210, 365
8993, 4, 325, 559, 336, 0, 46.73%, 0, 3, 7, 1049.90, 968922, 365
9032, 4, 162, 560, 337, 0, 46.73%, 0, 3, 7, 4.02, 970428, 365
9037, 4, 115, 560, 336, 0, 46.73%, 0, 3, 7, 1054.67, 973555, 365
9043, 4, 211, 560, 334, 0, 46.73%, 0, 3, 7, 1034.45, 978167, 365
9068, 4, 324, 561, 335, 0, 46.86%, 0, 3, 7, 9.54, 979723, 366
9073, 4, 27, 562, 335, 0, 46.86%, 0, 3, 7, 113.34, 983738, 366
9078, 4, 40, 562, 334, 0, 46.86%, 0, 3, 7, 30.30, 988157, 366
9083, 4, 257, 562, 334, 0, 46.86%, 0, 3, 7, 48.06, 992784, 366
9094, 4, 136, 563, 335, 0, 46.86%, 0, 3, 7, 16.35, 993835, 366
9099, 4, 223, 563, 334, 0, 46.86%, 0, 3, 7, 675.74, 997128, 366
9162, 4, 544, 564, 335, 0, 46.86%, 0, 3, 7, 3.20, 998407, 366
9227, 4, 544, 565, 336, 0, 46.86%, 0, 3, 7, 0.52, 998809, 366
9232, 4, 544, 565, 336, 0, 46.86%, 0, 3, 7, 172.75, 999506, 366
9237, 4, 393, 565, 334, 0, 46.86%, 0, 3, 7, 624.39, 1002509, 366
9251, 4, 390, 566, 335, 0, 46.86%, 0, 3, 7, 3.10, 1004050, 366
9264, 4, 390, 567, 336, 0, 46.86%, 0, 3, 7, 3.12, 1004095, 366
9269, 4, 365, 567, 336, 0, 46.86%, 0, 3, 7, 524.78, 1006245, 366
9274, 4, 387, 567, 336, 0, 46.86%, 0, 3, 7, 1034.15, 1010976, 366
9279, 4, 248, 568, 336, 0, 47.12%, 0, 3, 7, 992.81, 1013678, 368
9285, 4, 567, 568, 336, 0, 47.12%, 0, 3, 7, 1075.33, 1018379, 368
9290, 4, 535, 568, 335, 0, 47.12%, 0, 3, 7, 1085.73, 1023195, 368
9395, 4, 324, 569, 334, 0, 47.12%, 0, 3, 7, 1.29, 1026297, 368
9400, 4, 524, 569, 334, 0, 47.12%, 0, 3, 7, 1075.00, 1029715, 368
9406, 4, 70, 569, 333, 0, 47.12%, 0, 3, 7, 1090.00, 1034527, 368
9904, 4, 208, 570, 334, 0, 47.50%, 0, 3, 7, 0.33, 1037822, 371
10206, 4, 208, 571, 335, 0, 47.50%, 0, 3, 7, 0.31, 1037846, 371
10305, 4, 208, 572, 336, 0, 47.50%, 0, 3, 7, 1.30, 1038700, 371
10310, 4, 318, 572, 335, 0, 47.50%, 0, 3, 7, 461.83, 1040540, 371
10315, 4, 567, 572, 335, 0, 47.50%, 0, 3, 7, 949.65, 1045536, 371
10320, 4, 27, 572, 335, 0, 47.50%, 0, 3, 7, 1139.67, 1050538, 371
10326, 4, 535, 572, 335, 0, 47.50%, 0, 3, 7, 1075.79, 1055338, 371
10331, 4, 138, 572, 335, 0, 47.50%, 0, 3, 7, 1115.15, 1060252, 371
10433, 4, 547, 573, 336, 0, 47.50%, 0, 3, 7, 1.25, 1063254, 371
10438, 4, 40, 573, 335, 0, 47.50%, 0, 3, 7, 319.85, 1064601, 371
11075, 4, 569, 574, 336, 0, 47.50%, 0, 3, 7, 0.31, 1067143, 371
11545, 4, 569, 575, 337, 0, 47.50%, 0, 3, 7, 0.30, 1067190, 371
12012, 4, 569, 576, 338, 0, 47.50%, 0, 3, 7, 0.05, 1067215, 371
12484, 4, 569, 577, 339, 0, 47.50%, 0, 3, 7, 0.05, 1067228, 371
13123, 4, 569, 578, 340, 0, 47.50%, 0, 3, 7, 0.25, 1067933, 371
13568, 4, 569, 579, 341, 0, 47.50%, 0, 3, 7, 0.10, 1069858, 371
13573, 4, 569, 579, 341, 0, 47.50%, 0, 3, 7, 951.92, 1074716, 371
13578, 4, 569, 579, 341, 0, 47.50%, 0, 3, 7, 133.15, 1076971, 371
14031, 4, 569, 580, 342, 0, 47.50%, 0, 3, 7, 0.06, 1077032, 371
14036, 4, 569, 580, 342, 0, 47.50%, 0, 3, 7, 88.05, 1077381, 371
14041, 4, 569, 580, 342, 0, 47.50%, 0, 3, 7, 108.77, 1077952, 371
14047, 4, 569, 580, 342, 0, 47.50%, 0, 3, 7, 134.57, 1078562, 371
14052, 4, 569, 580, 342, 0, 47.50%, 0, 3, 7, 241.52, 1079649, 371
14057, 4, 324, 580, 341, 0, 47.50%, 0, 3, 7, 884.93, 1084553, 371
14075, 4, 535, 581, 342, 0, 47.50%, 0, 3, 7, 6.21, 1087045, 371
14080, 4, 387, 581, 342, 0, 47.50%, 0, 3, 7, 802.23, 1090951, 371
14085, 4, 154, 581, 341, 0, 47.50%, 0, 3, 7, 1175.97, 1096120, 371
14090, 4, 516, 581, 340, 0, 47.50%, 0, 3, 7, 632.98, 1101037, 371
14096, 4, 344, 581, 340, 0, 47.50%, 0, 3, 7, 1144.63, 1105999, 371
14101, 4, 387, 581, 340, 0, 47.50%, 0, 3, 7, 1153.65, 1111044, 371
14106, 4, 320, 581, 339, 0, 47.50%, 0, 3, 7, 1139.40, 1116040, 371
14111, 4, 344, 581, 338, 0, 47.50%, 0, 3, 7, 1132.09, 1121071, 371
14116, 4, 208, 581, 338, 0, 47.50%, 0, 3, 7, 1211.43, 1126259, 371
14121, 4, 463, 582, 339, 0, 47.50%, 0, 3, 7, 1161.88, 1130120, 371
14126, 4, 318, 582, 339, 0, 47.50%, 0, 3, 7, 1166.99, 1135256, 371
14132, 4, 390, 582, 339, 0, 47.50%, 0, 3, 7, 1140.87, 1140295, 371
14166, 4, 558, 583, 340, 0, 47.63%, 0, 3, 7, 7.21, 1140790, 372
14171, 4, 582, 583, 339, 0, 47.63%, 0, 3, 7, 1200.00, 1145434, 372
14176, 4, 42, 583, 339, 0, 47.63%, 0, 3, 7, 1174.13, 1150459, 372
14181, 4, 516, 583, 338, 0, 47.63%, 0, 3, 7, 1100.06, 1155442, 372
14186, 4, 257, 583, 338, 0, 47.63%, 0, 3, 7, 274.13, 1160295, 372
14191, 4, 494, 584, 339, 0, 47.63%, 0, 3, 7, 904.92, 1163966, 372
14196, 4, 31, 584, 337, 0, 47.63%, 0, 3, 7, 87.00, 1168817, 372
14201, 4, 327, 584, 337, 0, 47.63%, 0, 3, 7, 179.06, 1173788, 372
14206, 4, 567, 584, 337, 0, 47.63%, 0, 3, 7, 196.81, 1178761, 372
14212, 4, 324, 584, 337, 0, 47.63%, 0, 3, 7, 1088.59, 1183758, 372
14217, 5, 43, 584, 337, 0, 47.63%, 0, 3, 7, 1104.75, 1188891, 372
14222, 5, 179, 584, 337, 0, 47.63%, 0, 3, 7, 213.40, 1194052, 372
14227, 5, 5, 584, 337, 0, 47.63%, 0, 3, 7, 206.47, 1199240, 372
14232, 5, 344, 584, 336, 0, 47.63%, 0, 3, 7, 16.27, 1204378, 372
14237, 5, 197, 584, 335, 0, 47.63%, 0, 3, 7, 184.35, 1209543, 372
14242, 5, 521, 584, 335, 0, 47.63%, 0, 3, 7, 193.90, 1214538, 372
14255, 5, 390, 585, 336, 0, 47.63%, 0, 3, 7, 14.42, 1216892, 372
14260, 5, 442, 585, 336, 0, 47.63%, 0, 3, 7, 1161.70, 1221059, 372
14265, 5, 208, 585, 336, 0, 47.63%, 0, 3, 7, 1181.36, 1226236, 372
14311, 5, 535, 586, 337, 0, 47.63%, 0, 3, 7, 5.52, 1228445, 372
14316, 5, 506, 586, 337, 0, 47.63%, 0, 3, 7, 1071.69, 1231873, 372
14321, 5, 274, 586, 337, 0, 47.63%, 0, 3, 7, 1165.26, 1237438, 372
14326, 5, 516, 586, 336, 0, 47.63%, 0, 3, 7, 1234.78, 1242422, 372
14331, 5, 541, 586, 336, 0, 47.63%, 0, 3, 7, 1238.71, 1247732, 372
14337, 5, 390, 586, 336, 0, 47.63%, 0, 3, 7, 1226.68, 1253009, 372
14342, 5, 327, 586, 336, 0, 47.63%, 0, 3, 7, 1188.32, 1258175, 372
14347, 5, 192, 586, 336, 0, 47.63%, 0, 3, 7, 1163.19, 1263270, 372
14352, 5, 208, 586, 334, 0, 47.63%, 0, 3, 7, 1161.70, 1268401, 372
14357, 5, 40, 586, 334, 0, 47.63%, 0, 3, 7, 1222.00, 1273666, 372
14362, 5, 535, 586, 333, 0, 47.63%, 0, 3, 7, 1229.03, 1278831, 372
14367, 5, 40, 586, 333, 0, 47.63%, 0, 3, 7, 1219.87, 1284053, 372
14384, 5, 59, 587, 334, 0, 47.63%, 0, 3, 7, 17.70, 1289325, 372
14397, 5, 59, 588, 335, 0, 47.63%, 0, 3, 7, 1.21, 1289340, 372
14402, 5, 248, 588, 335, 0, 47.63%, 0, 3, 7, 1171.39, 1291587, 372
16981, 5, 535, 589, 335, 0, 47.63%, 0, 3, 7, 0.02, 1296348, 372
16986, 5, 526, 589, 335, 0, 47.63%, 0, 3, 7, 350.88, 1297918, 372
16991, 5, 535, 589, 335, 0, 47.63%, 0, 3, 7, 557.57, 1301004, 372
17011, 5, 390, 590, 336, 0, 47.63%, 0, 3, 7, 5.39, 1302195, 372
17115, 5, 390, 591, 337, 0, 47.63%, 0, 3, 7, 0.94, 1302875, 372
17120, 5, 390, 591, 337, 0, 47.63%, 0, 3, 7, 135.87, 1303501, 372
17125, 5, 538, 591, 337, 0, 47.63%, 0, 3, 7, 448.44, 1305852, 372
17130, 5, 14, 591, 337, 0, 47.63%, 0, 3, 7, 638.54, 1309283, 372
17135, 5, 295, 591, 337, 0, 47.63%, 0, 3, 7, 732.75, 1313092, 372
17180, 5, 390, 592, 336, 0, 47.63%, 0, 3, 7, 3.59, 1316591, 372
17186, 5, 325, 592, 336, 0, 47.63%, 0, 3, 7, 668.82, 1317687, 372
17191, 5, 535, 592, 336, 0, 47.63%, 0, 3, 7, 669.59, 1321056, 372
17196, 5, 535, 592, 336, 0, 47.63%, 0, 3, 7, 637.12, 1324211, 372
17222, 5, 131, 593, 337, 0, 47.63%, 0, 3, 7, 2.89, 1327606, 372
17228, 5, 516, 593, 337, 0, 47.63%, 0, 3, 7, 380.18, 1329417, 372
17244, 5, 584, 594, 338, 0, 47.63%, 0, 3, 7, 2.13, 1330113, 372
17297, 5, 584, 595, 339, 0, 47.63%, 0, 3, 7, 1.74, 1331027, 372
17302, 5, 584, 595, 339, 0, 47.63%, 0, 3, 7, 128.09, 1331669, 372
17307, 5, 138, 595, 338, 0, 47.63%, 0, 3, 7, 512.78, 1334755, 372
17312, 5, 579, 595, 338, 0, 47.63%, 0, 3, 7, 591.24, 1337842, 372
17317, 5, 579, 595, 337, 0, 47.63%, 0, 3, 7, 609.86, 1340966, 372
17322, 5, 70, 595, 337, 0, 47.63%, 0, 3, 7, 634.27, 1344164, 372
17328, 5, 465, 595, 336, 0, 47.63%, 0, 3, 7, 648.20, 1347475, 372
17333, 5, 409, 595, 336, 0, 47.63%, 0, 3, 7, 675.03, 1350952, 372
17338, 5, 212, 595, 335, 0, 47.63%, 0, 3, 7, 629.63, 1354106, 372
17343, 5, 342, 595, 335, 0, 47.63%, 0, 3, 7, 632.92, 1357303, 372
17348, 5, 221, 595, 335, 0, 47.63%, 0, 3, 7, 637.34, 1360527, 372
17353, 5, 75, 595, 335, 0, 47.63%, 0, 3, 7, 659.65, 1363886, 372
17358, 5, 535, 595, 335, 0, 47.63%, 0, 3, 7, 641.64, 1367112, 372
17363, 5, 365, 595, 335, 0, 47.63%, 0, 3, 7, 665.76, 1370493, 372
17368, 5, 211, 595, 335, 0, 47.63%, 0, 3, 7, 667.93, 1373858, 372
17373, 5, 582, 595, 335, 0, 47.63%, 0, 3, 7, 666.44, 1377288, 372
17378, 5, 344, 595, 335, 0, 47.63%, 0, 3, 7, 678.37, 1380736, 372
17384, 5, 535, 595, 334, 0, 47.63%, 0, 3, 7, 658.13, 1384131, 372
17389, 5, 404, 595, 334, 0, 47.63%, 0, 3, 7, 705.17, 1387697, 372
17394, 5, 329, 595, 334, 0, 47.63%, 0, 3, 7, 749.81, 1391591, 372
17399, 5, 51, 595, 334, 0, 47.63%, 0, 3, 7, 767.07, 1395486, 372
17404, 5, 404, 595, 334, 0, 47.63%, 0, 3, 7, 766.09, 1399401, 372
17409, 5, 152, 595, 334, 0, 47.63%, 0, 3, 7, 465.00, 1403332, 372
17414, 5, 535, 595, 334, 0, 47.63%, 0, 3, 7, 750.09, 1407531, 372
17419, 5, 118, 595, 334, 0, 47.63%, 0, 3, 7, 828.83, 1411931, 372
17424, 5, 212, 595, 334, 0, 47.63%, 0, 3, 7, 832.52, 1416127, 372
17429, 5, 329, 595, 333, 0, 47.63%, 0, 3, 7, 837.72, 1420325, 372
17434, 5, 516, 595, 333, 0, 47.63%, 0, 3, 7, 863.05, 1424736, 372
17440, 5, 50, 595, 332, 0, 47.63%, 0, 3, 7, 859.80, 1429128, 372
17445, 5, 526, 597, 334, 0, 48.02%, 0, 3, 7, 326.73, 1429976, 375
17450, 5, 541, 597, 332, 0, 48.02%, 0, 3, 7, 811.66, 1434410, 375
17455, 5, 179, 597, 330, 0, 48.02%, 0, 3, 7, 903.68, 1439246, 375
17460, 5, 235, 597, 330, 0, 48.02%, 0, 3, 7, 898.90, 1443791, 375
17465, 5, 344, 597, 328, 0, 48.02%, 0, 3, 7, 893.25, 1448262, 375
17470, 6, 344, 597, 328, 0, 48.02%, 0, 3, 7, 901.32, 1452925, 375
17475, 6, 535, 597, 328, 0, 48.02%, 0, 3, 7, 917.28, 1457569, 375
17480, 6, 147, 597, 328, 0, 48.02%, 0, 3, 7, 925.64, 1462247, 375
17485, 6, 244, 597, 328, 0, 48.02%, 0, 3, 7, 954.35, 1467144, 375
17490, 6, 535, 597, 327, 0, 48.02%, 0, 3, 7, 948.10, 1471962, 375
17495, 6, 524, 597, 325, 0, 48.02%, 0, 3, 7, 931.32, 1476638, 375
17500, 6, 318, 597, 324, 0, 48.02%, 0, 3, 7, 935.58, 1481343, 375
17505, 6, 211, 597, 324, 0, 48.02%, 0, 3, 7, 952.30, 1486288, 375
17511, 6, 390, 597, 324, 0, 48.02%, 0, 3, 7, 960.59, 1491183, 375
17516, 6, 579, 597, 324, 0, 48.02%, 0, 3, 7, 971.91, 1496221, 375
17521, 6, 390, 597, 324, 0, 48.02%, 0, 3, 7, 935.82, 1500654, 375
17526, 6, 465, 597, 324, 0, 48.02%, 0, 3, 7, 965.81, 1505469, 375
17531, 6, 567, 598, 324, 0, 48.14%, 0, 3, 8, 949.62, 1508994, 376
17536, 6, 535, 598, 324, 0, 48.14%, 0, 3, 8, 968.77, 1513907, 376
17541, 6, 88, 598, 324, 0, 48.14%, 0, 3, 8, 962.01, 1518928, 376
17546, 6, 404, 598, 324, 0, 48.14%, 0, 3, 8, 953.51, 1523875, 376
17552, 6, 419, 598, 323, 0, 48.14%, 0, 3, 8, 950.31, 1528736, 376
17557, 6, 211, 598, 322, 0, 48.14%, 0, 3, 8, 961.08, 1533650, 376
17562, 6, 535, 598, 321, 0, 48.14%, 0, 3, 8, 974.12, 1538792, 376
17567, 6, 459, 598, 321, 0, 48.14%, 0, 3, 8, 989.31, 1543804, 376
17572, 6, 192, 598, 320, 0, 48.14%, 0, 3, 8, 985.06, 1548826, 376
17577, 6, 329, 598, 320, 0, 48.14%, 0, 3, 8, 970.31, 1553770, 376
17582, 6, 40, 598, 318, 0, 48.14%, 0, 3, 8, 982.35, 1558827, 376
17587, 6, 567, 598, 317, 0, 48.14%, 0, 3, 8, 983.33, 1563786, 376
17592, 6, 212, 598, 317, 0, 48.14%, 0, 3, 8, 985.25, 1568771, 376
17597, 6, 236, 598, 316, 0, 48.14%, 0, 3, 8, 1007.81, 1573910, 376
21109, 6, 162, 599, 317, 0, 48.14%, 0, 3, 8, 0.01, 1577575, 376
21114, 6, 88, 599, 317, 0, 48.14%, 0, 3, 8, 646.58, 1580610, 376
21119, 6, 535, 599, 316, 0, 48.14%, 0, 3, 8, 1156.17, 1585381, 376
21124, 6, 579, 599, 316, 0, 48.14%, 0, 3, 8, 1115.67, 1590274, 376
21129, 6, 93, 599, 316, 0, 48.14%, 0, 3, 8, 1125.81, 1594893, 376
21134, 6, 390, 599, 316, 0, 48.14%, 0, 3, 8, 440.41, 1598975, 376
21139, 6, 131, 599, 316, 0, 48.14%, 0, 3, 8, 1076.57, 1602817, 376
21144, 6, 567, 599, 316, 0, 48.14%, 0, 3, 8, 879.64, 1606787, 376
21150, 6, 463, 599, 315, 0, 48.14%, 0, 3, 8, 1004.04, 1611207, 376
21155, 6, 179, 599, 315, 0, 48.14%, 0, 3, 8, 887.39, 1615625, 376
21161, 6, 597, 600, 316, 0, 48.27%, 0, 3, 9, 61.86, 1619519, 377
21166, 6, 404, 600, 314, 0, 48.27%, 0, 3, 9, 929.65, 1623495, 377
21171, 6, 516, 600, 313, 0, 48.27%, 0, 3, 9, 822.68, 1627376, 377
21176, 6, 324, 600, 313, 0, 48.27%, 0, 3, 9, 941.16, 1631595, 377
21181, 6, 40, 600, 313, 0, 48.27%, 0, 3, 9, 978.15, 1635768, 377
21186, 6, 538, 600, 313, 0, 48.27%, 0, 3, 9, 888.29, 1640025, 377
21191, 6, 344, 600, 313, 0, 48.27%, 0, 3, 9, 971.90, 1644179, 377
21197, 6, 551, 600, 313, 0, 48.27%, 0, 3, 9, 965.04, 1648361, 377
21202, 6, 325, 600, 312, 0, 48.27%, 0, 3, 9, 959.94, 1652430, 377
21207, 6, 313, 600, 312, 0, 48.27%, 0, 3, 9, 931.02, 1656432, 377
21222, 6, 535, 601, 313, 0, 48.27%, 0, 3, 9, 15.28, 1657834, 377
21227, 6, 206, 601, 313, 0, 48.27%, 0, 3, 9, 633.34, 1660681, 377
27955, 6, 535, 602, 314, 0, 48.27%, 0, 3, 9, 0.02, 1661720, 377
31841, 6, 535, 603, 315, 0, 48.27%, 0, 3, 9, 0.01, 1662198, 377
31846, 6, 390, 603, 315, 0, 48.27%, 0, 3, 9, 854.85, 1663394, 377
31851, 6, 580, 603, 315, 0, 48.27%, 0, 3, 9, 928.28, 1667215, 377
31869, 6, 580, 604, 316, 0, 48.27%, 0, 3, 9, 9.85, 1668104, 377
31875, 6, 580, 605, 317, 0, 48.40%, 0, 3, 9, 8.65, 1668506, 378
31880, 6, 535, 605, 315, 0, 48.40%, 0, 3, 9, 969.41, 1670389, 378
31885, 6, 582, 605, 315, 0, 48.40%, 0, 3, 9, 1052.98, 1674448, 378
31891, 6, 548, 605, 315, 0, 48.40%, 0, 3, 9, 873.87, 1678174, 378
31896, 6, 463, 605, 315, 0, 48.40%, 0, 3, 9, 785.48, 1681843, 378
31901, 6, 303, 605, 315, 0, 48.40%, 0, 3, 9, 896.23, 1685718, 378
31906, 6, 98, 605, 314, 0, 48.40%, 0, 3, 9, 435.34, 1689491, 378
31911, 6, 390, 605, 313, 0, 48.40%, 0, 3, 9, 74.63, 1692606, 378
31916, 6, 344, 605, 313, 0, 48.40%, 0, 3, 9, 1008.70, 1695985, 378
31921, 6, 535, 605, 313, 0, 48.40%, 0, 3, 9, 102.60, 1698608, 378
31926, 6, 325, 605, 313, 0, 48.40%, 0, 3, 9, 148.15, 1702337, 378
31932, 6, 318, 605, 313, 0, 48.40%, 0, 3, 9, 937.48, 1705988, 378
31937, 6, 325, 605, 313, 0, 48.40%, 0, 3, 9, 833.04, 1708792, 378
31942, 6, 248, 605, 313, 0, 48.40%, 0, 3, 9, 970.10, 1712437, 378
31947, 6, 516, 605, 313, 0, 48.40%, 0, 3, 9, 945.86, 1714665, 378
31952, 7, 524, 605, 313, 0, 48.40%, 0, 3, 9, 183.78, 1717240, 378
31957, 7, 344, 605, 313, 0, 48.40%, 0, 3, 9, 165.90, 1720283, 378
31962, 7, 131, 605, 313, 0, 48.40%, 0, 3, 9, 102.56, 1722895, 378
31967, 7, 567, 605, 313, 0, 48.40%, 0, 3, 9, 586.05, 1726101, 378
31976, 7, 344, 606, 314, 0, 48.40%, 0, 3, 9, 30.02, 1727627, 378
31981, 7, 325, 606, 313, 0, 48.40%, 0, 3, 9, 617.52, 1730729, 378
31986, 7, 327, 606, 313, 0, 48.40%, 0, 3, 9, 132.60, 1734376, 378
32008, 7, 314, 607, 314, 0, 48.40%, 0, 3, 9, 7.40, 1736427, 378
32013, 7, 390, 607, 313, 0, 48.40%, 0, 3, 9, 945.49, 1738812, 378
32018, 7, 248, 607, 313, 0, 48.40%, 0, 3, 9, 92.51, 1741813, 378
32023, 7, 324, 607, 313, 0, 48.40%, 0, 3, 9, 763.54, 1744545, 378
32028, 7, 159, 607, 313, 0, 48.40%, 0, 3, 9, 86.02, 1747692, 378
32033, 7, 179, 607, 313, 0, 48.40%, 0, 3, 9, 963.16, 1750815, 378
32038, 7, 197, 607, 313, 0, 48.40%, 0, 3, 9, 804.20, 1754423, 378
32043, 7, 597, 607, 313, 0, 48.40%, 0, 3, 9, 885.92, 1758391, 378
32048, 7, 197, 607, 313, 0, 48.40%, 0, 3, 9, 890.51, 1762261, 378
32053, 7, 597, 607, 313, 0, 48.40%, 0, 3, 9, 903.88, 1766121, 378
32059, 7, 131, 607, 313, 0, 48.40%, 0, 3, 9, 568.10, 1769645, 378
32064, 7, 81, 607, 313, 0, 48.40%, 0, 3, 9, 768.52, 1773450, 378
32069, 7, 177, 607, 312, 0, 48.40%, 0, 3, 9, 797.10, 1777154, 378
32074, 7, 119, 607, 312, 0, 48.40%, 0, 3, 9, 833.89, 1781086, 378
32079, 7, 327, 607, 312, 0, 48.40%, 0, 3, 9, 856.58, 1785032, 378
32084, 7, 535, 607, 312, 0, 48.40%, 0, 3, 9, 859.79, 1789018, 378
32089, 7, 535, 607, 312, 0, 48.40%, 0, 3, 9, 805.48, 1792804, 378
32094, 7, 161, 607, 312, 0, 48.40%, 0, 3, 9, 609.39, 1796758, 378
32100, 7, 579, 607, 312, 0, 48.40%, 0, 3, 9, 913.82, 1800834, 378
32105, 7, 521, 607, 310, 0, 48.40%, 0, 3, 9, 818.67, 1804296, 378
32110, 7, 597, 607, 309, 0, 48.40%, 0, 3, 9, 836.92, 1808055, 378
32115, 7, 318, 607, 309, 0, 48.40%, 0, 3, 9, 844.26, 1811531, 378
47489, 7, 516, 608, 309, 0, 48.40%, 0, 3, 9, 0.01, 1815081, 378
55153, 7, 516, 609, 310, 0, 48.40%, 0, 3, 9, 0.00, 1815192, 378
55158, 7, 516, 609, 310, 0, 48.40%, 0, 3, 9, 138.53, 1815786, 378
55163, 7, 208, 609, 310, 0, 48.40%, 0, 3, 9, 1105.31, 1818409, 378
55168, 7, 390, 609, 309, 0, 48.40%, 0, 3, 9, 1168.46, 1823202, 378
55173, 7, 197, 609, 309, 0, 48.40%, 0, 3, 9, 1087.97, 1827864, 378
55178, 7, 390, 609, 309, 0, 48.40%, 0, 3, 9, 1085.68, 1832615, 378
55183, 7, 320, 609, 309, 0, 48.40%, 0, 3, 9, 1059.68, 1837298, 378
55189, 7, 549, 609, 308, 0, 48.40%, 0, 3, 9, 1088.21, 1841968, 378
55194, 7, 329, 609, 307, 0, 48.40%, 0, 3, 9, 1140.81, 1846780, 378
55199, 7, 133, 609, 306, 0, 48.40%, 0, 3, 9, 1166.46, 1851706, 378
55204, 7, 364, 609, 306, 0, 48.40%, 0, 3, 9, 1183.72, 1856820, 378
55209, 7, 537, 609, 306, 0, 48.40%, 0, 3, 9, 1193.83, 1861786, 378
55214, 7, 175, 609, 305, 0, 48.40%, 0, 3, 9, 1176.09, 1866829, 378
55219, 7, 535, 609, 305, 0, 48.40%, 0, 3, 9, 1195.70, 1871925, 378
55255, 7, 516, 610, 306, 0, 48.40%, 0, 3, 9, 4.07, 1873798, 378
55260, 7, 344, 610, 306, 0, 48.40%, 0, 3, 9, 563.90, 1875942, 378
55296, 7, 558, 611, 307, 0, 48.78%, 0, 3, 9, 3.61, 1877435, 381
55301, 7, 535, 611, 306, 0, 48.78%, 0, 3, 9, 1213.76, 1882143, 381
55306, 7, 248, 611, 306, 0, 48.78%, 0, 3, 9, 1203.73, 1887226, 381
55311, 7, 88, 611, 306, 0, 48.78%, 0, 3, 9, 1184.10, 1892185, 381
55317, 7, 535, 611, 306, 0, 48.78%, 0, 3, 9, 1167.60, 1897199, 381
55322, 7, 535, 611, 306, 0, 48.78%, 0, 3, 9, 1175.53, 1902201, 381
55327, 7, 147, 611, 306, 0, 48.78%, 0, 3, 9, 1173.60, 1907267, 381
55332, 7, 211, 611, 306, 0, 48.78%, 0, 3, 9, 1145.35, 1912240, 381
55337, 7, 535, 611, 306, 0, 48.78%, 0, 3, 9, 1142.54, 1917195, 381
55342, 7, 506, 611, 305, 0, 48.78%, 0, 3, 9, 1142.87, 1922040, 381
55347, 7, 524, 611, 304, 0, 48.78%, 0, 3, 9, 1152.28, 1926963, 381
55352, 7, 241, 611, 304, 0, 48.78%, 0, 3, 9, 1178.18, 1931662, 381
55357, 7, 70, 611, 304, 0, 48.78%, 0, 3, 9, 1127.33, 1936574, 381
55363, 7, 558, 611, 304, 0, 48.78%, 0, 3, 9, 1165.65, 1941423, 381
55368, 7, 365, 611, 304, 0, 48.78%, 0, 3, 9, 1119.40, 1946238, 381
55373, 7, 211, 611, 304, 0, 48.78%, 0, 3, 9, 1159.91, 1951149, 381
55378, 7, 465, 611, 304, 0, 48.78%, 0, 3, 9, 1143.55, 1955870, 381
55383, 7, 119, 611, 303, 0, 48.78%, 0, 3, 9, 1108.16, 1960747, 381
55388, 7, 324, 611, 303, 0, 48.78%, 0, 3, 9, 1133.73, 1965556, 381
55393, 7, 211, 611, 302, 0, 48.78%, 0, 3, 9, 1166.11, 1970643, 381
55398, 8, 610, 611, 302, 0, 48.78%, 0, 3, 9, 1165.56, 1975592, 381
55404, 8, 329, 611, 302, 0, 48.78%, 0, 3, 9, 1166.71, 1980624, 381
55409, 8, 390, 611, 302, 0, 48.78%, 0, 3, 9, 1155.74, 1985509, 381
55414, 8, 425, 611, 302, 0, 48.78%, 0, 3, 9, 1137.05, 1990361, 381
55419, 8, 6, 612, 303, 0, 48.91%, 0, 3, 9, 1060.50, 1995146, 382
55424, 8, 117, 612, 302, 0, 48.91%, 0, 3, 9, 1168.11, 2000002, 382
55429, 8, 318, 612, 302, 0, 48.91%, 0, 3, 9, 1195.83, 2005026, 382
55434, 8, 494, 612, 302, 0, 48.91%, 0, 3, 9, 1198.13, 2010106, 382
55439, 8, 611, 612, 302, 0, 48.91%, 0, 3, 9, 1198.82, 2015122, 382
55445, 8, 344, 612, 302, 0, 48.91%, 0, 3, 9, 1140.50, 2020088, 382
55450, 8, 535, 612, 302, 0, 48.91%, 0, 3, 9, 1201.35, 2025111, 382
55455, 8, 535, 612, 300, 0, 48.91%, 0, 3, 9, 1089.43, 2029963, 382
55460, 8, 75, 612, 300, 0, 48.91%, 0, 3, 9, 1094.35, 2034887, 382
55465, 8, 90, 612, 299, 0, 48.91%, 0, 3, 9, 1101.66, 2039666, 382
55470, 8, 325, 612, 299, 0, 48.91%, 0, 3, 9, 1136.76, 2044515, 382
55475, 8, 107, 612, 299, 0, 48.91%, 0, 3, 9, 1102.87, 2049436, 382
55480, 8, 535, 612, 299, 0, 48.91%, 0, 3, 9, 1173.94, 2054376, 382
55508, 8, 506, 613, 299, 0, 48.91%, 0, 3, 9, 4.02, 2058875, 382
55513, 8, 40, 613, 299, 0, 48.91%, 0, 3, 9, 730.24, 2062140, 382
55518, 8, 329, 613, 298, 0, 48.91%, 0, 3, 9, 1130.78, 2066944, 382
55524, 8, 543, 614, 298, 0, 48.91%, 0, 3, 9, 206.90, 2071681, 382
55529, 8, 159, 614, 297, 0, 48.91%, 0, 3, 9, 1181.80, 2076444, 382
55560, 8, 535, 615, 298, 0, 48.91%, 0, 3, 9, 3.76, 2080711, 382
55565, 8, 535, 615, 298, 0, 48.91%, 0, 3, 9, 1162.32, 2084524, 382
55570, 8, 535, 615, 297, 0, 48.91%, 0, 3, 9, 1112.50, 2089213, 382
55575, 8, 411, 615, 297, 0, 48.91%, 0, 3, 9, 1199.34, 2094317, 382
55580, 8, 535, 615, 296, 0, 48.91%, 0, 3, 9, 1219.04, 2099377, 382
55585, 8, 42, 615, 296, 0, 48.91%, 0, 3, 9, 1143.53, 2104235, 382
55590, 8, 535, 615, 295, 0, 48.91%, 0, 3, 9, 1153.64, 2109144, 382
55595, 8, 40, 615, 294, 0, 48.91%, 0, 3, 9, 1123.40, 2113942, 382
55601, 8, 344, 615, 293, 0, 48.91%, 0, 3, 9, 1163.44, 2118872, 382
55606, 8, 463, 615, 293, 0, 48.91%, 0, 3, 9, 1130.85, 2123791, 382
55611, 8, 327, 615, 293, 0, 48.91%, 0, 3, 9, 1150.06, 2128497, 382
55616, 8, 521, 615, 293, 0, 48.91%, 0, 3, 9, 1128.69, 2133335, 382
55621, 8, 131, 615, 293, 0, 48.91%, 0, 3, 9, 1154.91, 2138223, 382
55628, 8, 555, 616, 293, 0, 48.91%, 0, 3, 9, 76.55, 2142645, 382
55633, 8, 329, 616, 291, 0, 48.91%, 0, 3, 9, 883.10, 2147352, 382
55687, 8, 262, 617, 292, 0, 48.91%, 0, 3, 9, 3.74, 2152142, 382
55692, 8, 198, 617, 291, 0, 48.91%, 0, 3, 9, 677.04, 2155131, 382
55697, 8, 161, 617, 291, 0, 48.91%, 0, 3, 9, 1161.84, 2160031, 382
55702, 8, 604, 617, 291, 0, 48.91%, 0, 3, 9, 1199.52, 2165101, 382
55707, 8, 463, 617, 291, 0, 48.91%, 0, 3, 9, 1178.54, 2170207, 382
55712, 8, 597, 617, 291, 0, 48.91%, 0, 3, 9, 1120.53, 2175067, 382
55718, 8, 318, 617, 290, 0, 48.91%, 0, 3, 9, 1135.00, 2179866, 382
55723, 8, 573, 617, 290, 0, 48.91%, 0, 3, 9, 1150.93, 2184731, 382
55728, 8, 175, 617, 289, 0, 48.91%, 0, 3, 9, 1124.94, 2189478, 382
55733, 8, 535, 617, 289, 0, 48.91%, 0, 3, 9, 1103.99, 2194380, 382
55738, 8, 344, 617, 289, 0, 48.91%, 0, 3, 9, 1122.46, 2199230, 382
55743, 8, 535, 617, 288, 0, 48.91%, 0, 3, 9, 1034.05, 2203766, 382
55748, 8, 40, 617, 288, 0, 48.91%, 0, 3, 9, 1171.66, 2208583, 382
55753, 8, 390, 617, 288, 0, 48.91%, 0, 3, 9, 1189.68, 2213544, 382
55759, 8, 567, 617, 288, 0, 48.91%, 0, 3, 9, 1181.16, 2218610, 382
85854, 8, 208, 619, 289, 0, 49.04%, 0, 3, 9, 0.01, 2220120, 383
85860, 8, 208, 619, 289, 0, 49.04%, 0, 3, 9, 108.75, 2220643, 383
85865, 8, 567, 619, 289, 0, 49.04%, 0, 3, 9, 1054.01, 2224036, 383
85870, 8, 516, 619, 289, 0, 49.04%, 0, 3, 9, 1040.39, 2228214, 383
85875, 8, 344, 619, 289, 0, 49.04%, 0, 3, 9, 1029.35, 2232390, 383
85880, 8, 208, 619, 288, 0, 49.04%, 0, 3, 9, 1007.07, 2236710, 383
85885, 8, 92, 619, 288, 0, 49.04%, 0, 3, 9, 909.14, 2240810, 383
85919, 8, 516, 620, 289, 0, 49.04%, 0, 3, 9, 0.76, 2244824, 383
85924, 8, 458, 620, 289, 0, 49.04%, 0, 3, 9, 59.10, 2247014, 383
85929, 8, 404, 620, 289, 0, 49.04%, 0, 3, 9, 118.17, 2250911, 383
85934, 9, 43, 620, 289, 0, 49.04%, 0, 3, 9, 192.04, 2255005, 383
85939, 9, 535, 620, 289, 0, 49.04%, 0, 3, 9, 149.86, 2259671, 383
85944, 9, 535, 620, 288, 0, 49.04%, 0, 3, 9, 59.73, 2263932, 383
85950, 9, 535, 620, 288, 0, 49.04%, 0, 3, 9, 132.59, 2268202, 383
85955, 9, 535, 621, 289, 0, 49.04%, 0, 3, 9, 7.46, 2271601, 383
85960, 9, 506, 621, 289, 0, 49.04%, 0, 3, 9, 138.05, 2275990, 383
85965, 9, 548, 621, 289, 0, 49.04%, 0, 3, 9, 990.00, 2280332, 383
85970, 9, 78, 621, 289, 0, 49.04%, 0, 3, 9, 1009.95, 2284528, 383
85975, 9, 42, 621, 288, 0, 49.04%, 0, 3, 9, 935.00, 2288347, 383
85980, 9, 123, 621, 288, 0, 49.04%, 0, 3, 9, 765.00, 2292056, 383
85985, 9, 597, 621, 288, 0, 49.04%, 0, 3, 9, 818.10, 2295874, 383
85991, 9, 458, 621, 288, 0, 49.04%, 0, 3, 9, 1019.90, 2299987, 383
85996, 9, 535, 621, 288, 0, 49.04%, 0, 3, 9, 995.12, 2303510, 383
86001, 9, 558, 621, 288, 0, 49.04%, 0, 3, 9, 577.11, 2307225, 383
86006, 9, 175, 621, 288, 0, 49.04%, 0, 3, 9, 930.00, 2310828, 383
86011, 9, 118, 621, 288, 0, 49.04%, 0, 3, 9, 898.61, 2314805, 383
86016, 9, 535, 621, 288, 0, 49.04%, 0, 3, 9, 132.37, 2319190, 383
86039, 9, 540, 622, 289, 0, 49.04%, 0, 3, 9, 9.59, 2323585, 383
86044, 9, 535, 622, 288, 0, 49.04%, 0, 3, 9, 906.18, 2326330, 383
86049, 9, 535, 622, 287, 0, 49.04%, 0, 3, 9, 972.43, 2330511, 383
86054, 9, 364, 622, 287, 0, 49.04%, 0, 3, 9, 955.57, 2334661, 383
86059, 9, 192, 622, 287, 0, 49.04%, 0, 3, 9, 911.38, 2338572, 383
86064, 9, 535, 622, 287, 0, 49.04%, 0, 3, 9, 987.18, 2342890, 383
86069, 9, 582, 622, 287, 0, 49.04%, 0, 3, 9, 1086.69, 2347511, 383
86075, 9, 516, 623, 287, 0, 49.17%, 0, 3, 9, 1044.69, 2350632, 384
86080, 9, 40, 623, 287, 0, 49.17%, 0, 3, 9, 774.45, 2354742, 384
86085, 9, 535, 623, 287, 0, 49.17%, 0, 3, 9, 962.48, 2358775, 384
86090, 9, 526, 623, 286, 0, 49.17%, 0, 3, 9, 889.41, 2362543, 384
86095, 9, 535, 623, 286, 0, 49.17%, 0, 3, 9, 834.70, 2365985, 384
86100, 9, 567, 623, 286, 0, 49.17%, 0, 3, 9, 822.21, 2369337, 384
86105, 9, 123, 623, 286, 0, 49.17%, 0, 3, 9, 769.88, 2372706, 384
86110, 9, 411, 623, 286, 0, 49.17%, 0, 3, 9, 907.97, 2376762, 384
86115, 9, 329, 623, 285, 0, 49.17%, 0, 3, 9, 837.68, 2380368, 384
86121, 9, 212, 623, 285, 0, 49.17%, 0, 3, 9, 757.34, 2384353, 384
86126, 9, 516, 623, 284, 0, 49.17%, 0, 3, 9, 1013.80, 2388390, 384
86131, 9, 128, 623, 284, 0, 49.17%, 0, 3, 9, 1003.65, 2392301, 384
86136, 9, 458, 623, 284, 0, 49.17%, 0, 3, 9, 850.78, 2395997, 384
86141, 9, 325, 623, 284, 0, 49.17%, 0, 3, 9, 985.65, 2399810, 384
86146, 9, 535, 623, 284, 0, 49.17%, 0, 3, 9, 1029.08, 2403824, 384
86151, 9, 604, 623, 284, 0, 49.17%, 0, 3, 9, 702.18, 2407744, 384
86156, 9, 604, 623, 284, 0, 49.17%, 0, 3, 9, 893.28, 2411800, 384
86161, 9, 393, 623, 284, 0, 49.17%, 0, 3, 9, 872.91, 2415642, 384
86166, 9, 535, 623, 284, 0, 49.17%, 0, 3, 9, 886.70, 2419745, 384
86171, 9, 40, 623, 284, 0, 49.17%, 0, 3, 9, 908.19, 2423689, 384
86177, 9, 464, 623, 284, 0, 49.17%, 0, 3, 9, 868.01, 2427569, 384
86182, 9, 131, 623, 284, 0, 49.17%, 0, 3, 9, 937.37, 2431408, 384
86187, 9, 314, 623, 282, 0, 49.17%, 0, 3, 9, 906.25, 2435174, 384
86192, 9, 226, 623, 281, 0, 49.17%, 0, 3, 9, 984.03, 2439007, 384
86197, 9, 516, 623, 280, 0, 49.17%, 0, 3, 9, 1031.63, 2443037, 384
86202, 9, 390, 623, 280, 0, 49.17%, 0, 3, 9, 932.02, 2446928, 384
86207, 9, 325, 623, 279, 0, 49.17%, 0, 3, 9, 788.43, 2450412, 384
86212, 9, 211, 623, 279, 0, 49.17%, 0, 3, 9, 948.48, 2454280, 384
86217, 9, 142, 623, 279, 0, 49.17%, 0, 3, 9, 644.77, 2457826, 384
86222, 9, 390, 623, 279, 0, 49.17%, 0, 3, 9, 841.30, 2462027, 384
86227, 9, 582, 623, 278, 0, 49.17%, 0, 3, 9, 995.29, 2465809, 384
86233, 9, 516, 623, 278, 0, 49.17%, 0, 3, 9, 913.39, 2469931, 384
86238, 9, 516, 623, 278, 0, 49.17%, 0, 3, 9, 924.89, 2473735, 384
86243, 9, 604, 623, 278, 0, 49.17%, 0, 3, 9, 359.64, 2477008, 384
86248, 9, 535, 623, 278, 0, 49.17%, 0, 3, 9, 789.15, 2481267, 384
86274, 9, 526, 624, 279, 0, 49.17%, 0, 3, 9, 5.55, 2482151, 384
86279, 9, 208, 624, 279, 0, 49.17%, 0, 3, 9, 390.53, 2483996, 384
86284, 9, 516, 624, 279, 0, 49.17%, 0, 3, 9, 760.37, 2487300, 384
86289, 9, 521, 624, 279, 0, 49.17%, 0, 3, 9, 779.66, 2490748, 384
86294, 9, 516, 624, 279, 0, 49.17%, 0, 3, 9, 862.61, 2494301, 384
86299, 9, 579, 624, 278, 0, 49.17%, 0, 3, 9, 1130.51, 2498670, 384
86304, 9, 109, 624, 278, 0, 49.17%, 0, 3, 9, 856.31, 2502556, 384
86309, 9, 390, 624, 278, 0, 49.17%, 0, 3, 9, 947.53, 2506215, 384
86314, 9, 211, 624, 278, 0, 49.17%, 0, 3, 9, 989.00, 2510087, 384
86319, 9, 40, 624, 278, 0, 49.17%, 0, 3, 9, 795.80, 2513783, 384
86325, 9, 458, 624, 278, 0, 49.17%, 0, 3, 9, 811.38, 2517564, 384
86330, 10, 552, 624, 277, 0, 49.17%, 0, 3, 9, 943.10, 2521706, 384
86335, 10, 552, 625, 278, 0, 49.30%, 0, 3, 9, 960.00, 2521907, 385
86340, 10, 324, 625, 277, 0, 49.30%, 0, 3, 9, 1082.05, 2525271, 385
86345, 10, 521, 625, 277, 0, 49.30%, 0, 3, 9, 951.92, 2529156, 385
86350, 10, 2, 625, 277, 0, 49.30%, 0, 3, 9, 1089.55, 2533031, 385
86355, 10, 597, 625, 276, 0, 49.30%, 0, 3, 9, 1090.00, 2537366, 385
86360, 10, 387, 625, 275, 0, 49.30%, 0, 3, 9, 756.22, 2541486, 385
86365, 10, 160, 625, 274, 0, 49.30%, 0, 3, 9, 838.15, 2545501, 385
86371, 10, 343, 625, 273, 0, 49.30%, 0, 3, 9, 1080.00, 2549763, 385
86376, 10, 617, 625, 272, 0, 49.30%, 0, 3, 9, 915.00, 2554047, 385
86381, 10, 108, 625, 272, 0, 49.30%, 0, 3, 9, 870.00, 2558516, 385
86386, 10, 617, 625, 271, 0, 49.30%, 0, 3, 9, 1004.95, 2562787, 385
86391, 10, 390, 625, 271, 0, 49.30%, 0, 3, 9, 935.00, 2567053, 385
86396, 10, 211, 625, 271, 0, 49.30%, 0, 3, 9, 1010.00, 2571212, 385
86399, 10, 324, 625, 271, 0, 49.30%, 0, 3, 9, 868.14, 2573641, 385
