# relative_time, cycles_done, cur_item, corpus_count, pending_total, pending_favs, map_size, saved_crashes, saved_hangs, max_depth, execs_per_sec, total_execs, edges_found
60, 0, 0, 15, 15, 1, 4.25%, 0, 4, 2, 0.97, 168, 84
70, 0, 0, 15, 15, 1, 4.25%, 0, 4, 2, 0.94, 172, 84
81, 0, 0, 15, 15, 1, 4.25%, 0, 4, 2, 0.93, 180, 84
91, 0, 0, 15, 15, 1, 4.25%, 0, 4, 2, 0.88, 182, 84
101, 0, 0, 15, 15, 1, 4.25%, 0, 4, 2, 0.85, 185, 84
111, 0, 0, 15, 15, 1, 4.25%, 0, 5, 2, 0.82, 190, 84
121, 0, 0, 15, 15, 1, 4.25%, 0, 5, 2, 0.10, 191, 84
131, 0, 0, 15, 15, 1, 4.25%, 0, 5, 2, 0.10, 192, 84
141, 0, 0, 15, 15, 1, 4.25%, 0, 6, 2, 0.10, 193, 84
151, 0, 0, 15, 15, 1, 4.25%, 0, 6, 2, 0.10, 194, 84
161, 0, 0, 16, 16, 1, 4.25%, 0, 6, 2, 1.88, 213, 84
171, 0, 0, 17, 17, 1, 4.25%, 0, 7, 2, 0.40, 226, 84
181, 0, 0, 17, 17, 1, 4.25%, 0, 7, 2, 0.41, 232, 84
191, 0, 0, 19, 19, 1, 4.25%, 0, 7, 2, 0.49, 249, 84
201, 0, 0, 19, 19, 1, 4.25%, 0, 7, 2, 0.47, 250, 84
211, 0, 0, 19, 19, 1, 4.25%, 0, 7, 2, 0.44, 251, 84
221, 0, 0, 19, 19, 1, 4.25%, 0, 7, 2, 0.49, 263, 84
231, 0, 0, 19, 19, 1, 4.25%, 0, 7, 2, 0.50, 269, 84
241, 0, 0, 19, 19, 1, 4.25%, 0, 7, 2, 0.50, 275, 84
251, 0, 0, 20, 20, 1, 4.25%, 0, 7, 2, 0.53, 285, 84
261, 0, 0, 20, 20, 1, 4.25%, 0, 7, 2, 0.51, 287, 84
272, 0, 0, 21, 21, 1, 4.30%, 0, 7, 2, 0.57, 302, 85
282, 0, 0, 21, 21, 1, 4.30%, 0, 7, 2, 0.55, 304, 85
292, 0, 0, 22, 22, 1, 4.35%, 0, 7, 2, 0.63, 322, 86
302, 0, 0, 23, 23, 1, 7.79%, 0, 7, 2, 0.65, 332, 154
312, 0, 0, 23, 23, 1, 7.79%, 0, 7, 2, 0.65, 338, 154
322, 0, 0, 24, 24, 1, 7.84%, 0, 7, 2, 0.71, 355, 155
332, 0, 0, 24, 24, 1, 7.84%, 0, 7, 2, 0.76, 370, 155
342, 0, 0, 24, 24, 1, 7.84%, 0, 8, 2, 0.75, 376, 155
352, 0, 0, 24, 24, 1, 7.84%, 0, 9, 2, 0.75, 384, 155
362, 0, 0, 24, 24, 1, 7.84%, 0, 9, 2, 0.76, 393, 155
372, 0, 0, 24, 24, 1, 7.84%, 0, 9, 2, 0.73, 396, 155
382, 0, 0, 24, 24, 1, 7.84%, 0, 9, 2, 0.71, 399, 155
392, 0, 0, 24, 24, 1, 7.84%, 0, 9, 2, 0.10, 400, 155
402, 0, 0, 24, 24, 1, 7.84%, 0, 9, 2, 0.11, 403, 155
412, 0, 0, 25, 25, 1, 7.84%, 0, 9, 2, 2.26, 426, 155
423, 0, 0, 27, 27, 1, 7.84%, 0, 10, 2, 0.40, 471, 155
433, 0, 0, 27, 27, 1, 7.84%, 0, 10, 2, 0.41, 477, 155
443, 0, 0, 29, 29, 1, 7.89%, 0, 10, 2, 0.49, 494, 156
453, 0, 0, 29, 29, 1, 7.89%, 0, 10, 2, 0.47, 496, 156
463, 0, 0, 29, 29, 1, 7.89%, 0, 10, 2, 0.46, 499, 156
474, 0, 0, 29, 29, 1, 7.89%, 0, 11, 2, 0.52, 514, 156
484, 0, 0, 30, 30, 1, 7.89%, 0, 11, 2, 0.57, 526, 156
494, 0, 0, 30, 30, 1, 7.89%, 0, 11, 2, 0.55, 530, 156
504, 0, 0, 30, 30, 1, 7.89%, 0, 11, 2, 0.10, 531, 156
515, 0, 0, 30, 30, 1, 7.89%, 0, 11, 2, 0.59, 537, 156
525, 0, 0, 30, 30, 1, 7.89%, 0, 11, 2, 0.10, 538, 156
535, 0, 0, 30, 30, 1, 7.89%, 0, 11, 2, 0.29, 544, 156
545, 0, 0, 30, 30, 1, 7.89%, 0, 11, 2, 0.32, 552, 156
555, 0, 0, 34, 34, 1, 7.94%, 0, 11, 2, 0.40, 594, 157
565, 0, 0, 34, 34, 1, 7.94%, 0, 11, 2, 0.38, 595, 157
576, 0, 0, 35, 35, 1, 7.94%, 0, 11, 2, 0.39, 607, 157
586, 0, 0, 35, 35, 1, 7.94%, 0, 11, 2, 0.38, 609, 157
596, 0, 0, 35, 35, 1, 7.94%, 0, 11, 2, 0.39, 614, 157
607, 0, 0, 35, 35, 1, 7.94%, 0, 11, 2, 0.38, 617, 157
617, 0, 0, 37, 37, 1, 7.94%, 0, 11, 2, 1.95, 637, 157
627, 0, 0, 37, 37, 1, 7.94%, 0, 11, 2, 1.88, 645, 157
637, 0, 0, 37, 37, 1, 7.94%, 0, 11, 2, 0.10, 646, 157
647, 0, 0, 37, 37, 1, 7.94%, 0, 11, 2, 0.11, 648, 157
657, 0, 0, 39, 39, 1, 7.99%, 0, 11, 2, 1.88, 667, 158
667, 0, 0, 39, 39, 1, 7.99%, 0, 11, 2, 0.10, 668, 158
677, 0, 0, 39, 39, 1, 7.99%, 0, 11, 2, 0.11, 670, 158
687, 0, 0, 39, 39, 1, 7.99%, 0, 12, 2, 0.12, 673, 158
697, 0, 0, 39, 39, 1, 7.99%, 0, 12, 2, 0.12, 674, 158
707, 0, 0, 39, 39, 1, 7.99%, 0, 12, 2, 0.12, 675, 158
717, 0, 0, 39, 39, 1, 7.99%, 0, 13, 2, 0.89, 684, 158
727, 0, 0, 39, 39, 1, 7.99%, 0, 13, 2, 0.89, 693, 158
737, 0, 0, 40, 40, 1, 7.99%, 0, 13, 2, 0.92, 707, 158
747, 0, 0, 40, 40, 1, 7.99%, 0, 13, 2, 0.88, 709, 158
758, 0, 0, 41, 41, 1, 7.99%, 0, 13, 2, 0.90, 722, 158
768, 0, 0, 42, 42, 1, 8.04%, 0, 13, 2, 0.94, 737, 159
778, 0, 0, 43, 43, 1, 8.04%, 0, 13, 2, 1.04, 763, 159
788, 0, 0, 43, 43, 1, 8.04%, 0, 13, 2, 0.99, 766, 159
799, 0, 0, 43, 43, 1, 8.04%, 0, 13, 2, 1.00, 778, 159
809, 0, 0, 43, 43, 1, 8.04%, 0, 13, 2, 0.20, 780, 159
819, 0, 0, 43, 43, 1, 8.04%, 0, 13, 2, 0.20, 782, 159
829, 0, 0, 44, 44, 1, 8.04%, 0, 13, 2, 3.60, 796, 159
839, 0, 0, 44, 44, 1, 8.04%, 0, 13, 2, 0.20, 798, 159
849, 0, 0, 44, 44, 1, 8.04%, 0, 13, 2, 0.21, 801, 159
860, 0, 0, 44, 44, 1, 8.04%, 0, 13, 2, 0.20, 802, 159
870, 0, 0, 44, 44, 1, 8.04%, 0, 13, 2, 0.22, 808, 159
880, 0, 0, 44, 44, 1, 8.04%, 0, 13, 2, 0.25, 814, 159
890, 0, 0, 44, 44, 1, 8.04%, 0, 13, 2, 0.26, 819, 159
900, 0, 0, 44, 44, 1, 8.04%, 0, 13, 2, 0.33, 832, 159
910, 0, 0, 44, 44, 1, 8.04%, 0, 13, 2, 0.34, 837, 159
920, 0, 0, 44, 44, 1, 8.04%, 0, 13, 2, 0.32, 838, 159
930, 0, 0, 44, 44, 1, 8.04%, 0, 13, 2, 0.31, 839, 159
940, 0, 0, 44, 44, 1, 8.04%, 0, 13, 2, 0.20, 842, 159
951, 0, 0, 44, 44, 1, 8.04%, 0, 13, 2, 0.21, 847, 159
961, 0, 0, 44, 44, 1, 8.04%, 0, 13, 2, 0.22, 850, 159
971, 0, 0, 44, 44, 1, 8.04%, 0, 13, 2, 0.27, 860, 159
981, 0, 0, 44, 44, 1, 8.04%, 0, 13, 2, 0.31, 869, 159
991, 0, 0, 44, 44, 1, 8.04%, 0, 13, 2, 0.31, 873, 159
1001, 0, 0, 44, 44, 1, 8.04%, 0, 13, 2, 0.31, 875, 159
1011, 0, 0, 44, 44, 1, 8.04%, 0, 14, 2, 0.36, 887, 159
1021, 0, 0, 44, 44, 1, 8.04%, 0, 14, 2, 0.34, 888, 159
1031, 0, 0, 44, 44, 1, 8.04%, 0, 14, 2, 0.33, 889, 159
1041, 0, 0, 44, 44, 1, 8.04%, 0, 14, 2, 0.32, 890, 159
1051, 0, 0, 44, 44, 1, 8.04%, 0, 14, 2, 0.31, 893, 159
1061, 0, 0, 44, 44, 1, 8.04%, 0, 14, 2, 0.33, 899, 159
1071, 0, 0, 44, 44, 1, 8.04%, 0, 14, 2, 0.33, 902, 159
1081, 0, 0, 44, 44, 1, 8.04%, 0, 14, 2, 0.38, 913, 159
1091, 0, 0, 44, 44, 1, 8.04%, 0, 14, 2, 0.39, 919, 159
1101, 0, 0, 45, 45, 1, 8.04%, 0, 14, 2, 2.08, 940, 159
1111, 0, 0, 45, 45, 1, 8.04%, 0, 14, 2, 2.01, 950, 159
1121, 0, 0, 45, 45, 1, 8.04%, 0, 15, 2, 1.91, 955, 159
1131, 0, 0, 45, 45, 1, 8.04%, 0, 15, 2, 0.20, 957, 159
1142, 0, 0, 46, 46, 1, 8.09%, 0, 15, 2, 1.37, 971, 160
1152, 0, 0, 46, 46, 1, 8.09%, 0, 15, 2, 0.10, 972, 160
1162, 0, 0, 46, 46, 1, 8.09%, 0, 15, 2, 0.78, 981, 160
1172, 0, 0, 46, 46, 1, 8.09%, 0, 15, 2, 0.80, 992, 160
1182, 0, 0, 46, 46, 1, 8.09%, 0, 15, 2, 0.77, 996, 160
1193, 0, 0, 47, 47, 1, 8.09%, 0, 15, 2, 4.72, 1013, 160
1203, 0, 0, 47, 47, 1, 8.09%, 0, 15, 2, 0.69, 1027, 160
1213, 0, 0, 47, 47, 1, 8.09%, 0, 15, 2, 0.66, 1029, 160
1224, 0, 0, 47, 47, 1, 8.09%, 0, 15, 2, 0.63, 1032, 160
1234, 0, 0, 47, 47, 1, 8.09%, 0, 15, 2, 0.66, 1042, 160
1244, 0, 0, 47, 47, 1, 8.09%, 0, 15, 2, 0.10, 1043, 160
1254, 0, 0, 47, 47, 1, 8.09%, 0, 15, 2, 0.78, 1052, 160
1265, 0, 0, 47, 47, 1, 8.09%, 0, 15, 2, 0.79, 1062, 160
1275, 0, 0, 47, 47, 1, 8.09%, 0, 15, 2, 0.76, 1065, 160
1285, 0, 0, 47, 47, 1, 8.09%, 0, 15, 2, 0.40, 1070, 160
1295, 0, 0, 48, 48, 1, 8.14%, 0, 15, 2, 0.49, 1083, 161
1306, 0, 0, 48, 48, 1, 8.14%, 0, 15, 2, 0.48, 1086, 161
1316, 0, 0, 49, 49, 1, 8.19%, 0, 15, 2, 0.57, 1106, 162
1326, 0, 0, 49, 49, 1, 8.19%, 0, 15, 2, 0.60, 1117, 162
1336, 0, 0, 50, 50, 1, 8.19%, 0, 15, 2, 0.70, 1139, 162
1346, 0, 0, 50, 50, 1, 8.19%, 0, 15, 2, 0.69, 1163, 162
1357, 0, 0, 50, 50, 1, 8.19%, 0, 15, 2, 0.69, 1170, 162
1367, 0, 0, 50, 50, 1, 8.19%, 0, 15, 2, 0.69, 1176, 162
1377, 0, 0, 50, 50, 1, 8.19%, 0, 16, 2, 0.10, 1177, 162
1387, 0, 0, 50, 50, 1, 8.19%, 0, 16, 2, 0.12, 1181, 162
1397, 0, 0, 50, 50, 1, 8.19%, 0, 16, 2, 2.56, 1207, 162
1407, 0, 0, 50, 50, 1, 8.19%, 0, 16, 2, 0.30, 1210, 162
1417, 0, 0, 50, 50, 1, 8.19%, 0, 16, 2, 0.32, 1216, 162
1427, 0, 0, 50, 50, 1, 8.19%, 0, 16, 2, 0.36, 1226, 162
1437, 0, 0, 51, 51, 1, 8.19%, 0, 16, 2, 0.45, 1244, 162
1447, 0, 0, 51, 51, 1, 8.19%, 0, 16, 2, 0.45, 1248, 162
1457, 0, 0, 51, 51, 1, 8.19%, 0, 16, 2, 0.55, 1270, 162
1467, 0, 0, 51, 51, 1, 8.19%, 0, 16, 2, 0.54, 1274, 162
1478, 0, 0, 51, 51, 1, 8.19%, 0, 16, 2, 0.55, 1281, 162
1488, 0, 0, 51, 51, 1, 8.19%, 0, 16, 2, 0.56, 1287, 162
1498, 0, 0, 51, 51, 1, 8.19%, 0, 16, 2, 0.53, 1289, 162
1508, 0, 0, 51, 51, 1, 8.19%, 0, 16, 2, 0.62, 1308, 162
1518, 0, 0, 51, 51, 1, 8.19%, 0, 16, 2, 0.59, 1310, 162
1528, 0, 0, 52, 52, 1, 8.19%, 0, 16, 2, 0.62, 1320, 162
1538, 0, 0, 52, 52, 1, 8.19%, 0, 16, 2, 0.61, 1325, 162
1548, 0, 0, 52, 52, 1, 8.19%, 0, 16, 2, 0.61, 1331, 162
1558, 0, 0, 52, 52, 1, 8.19%, 0, 16, 2, 0.58, 1333, 162
1568, 0, 0, 52, 52, 1, 8.19%, 0, 16, 2, 0.56, 1336, 162
1578, 0, 0, 52, 52, 1, 8.19%, 0, 16, 2, 0.57, 1343, 162
1588, 0, 0, 52, 52, 1, 8.19%, 0, 16, 2, 0.55, 1345, 162
1598, 0, 0, 52, 52, 1, 8.19%, 0, 16, 2, 0.53, 1348, 162
1611, 0, 0, 53, 53, 1, 8.75%, 0, 16, 2, 0.55, 1357, 173
1621, 0, 0, 53, 53, 1, 8.75%, 0, 16, 2, 0.54, 1362, 173
1631, 0, 0, 53, 53, 1, 8.75%, 0, 16, 2, 0.10, 1363, 173
1641, 0, 0, 53, 53, 1, 8.75%, 0, 16, 2, 0.12, 1367, 173
1651, 0, 0, 53, 53, 1, 8.75%, 0, 16, 2, 0.12, 1368, 173
1661, 0, 0, 53, 53, 1, 8.75%, 0, 16, 2, 0.12, 1369, 173
1671, 0, 0, 53, 53, 1, 8.75%, 0, 16, 2, 0.12, 1371, 173
1681, 0, 0, 54, 54, 1, 8.80%, 0, 16, 2, 2.07, 1392, 174
1691, 0, 0, 54, 54, 1, 8.80%, 0, 16, 2, 0.10, 1393, 174
1701, 0, 0, 54, 54, 1, 8.80%, 0, 16, 2, 0.10, 1394, 174
1711, 0, 0, 54, 54, 1, 8.80%, 0, 16, 2, 0.79, 1402, 174
1721, 0, 0, 54, 54, 1, 8.80%, 0, 16, 2, 0.10, 1403, 174
1732, 0, 0, 55, 55, 1, 8.80%, 0, 16, 2, 2.45, 1439, 174
1742, 0, 0, 55, 55, 1, 8.80%, 0, 16, 2, 0.30, 1442, 174
1752, 0, 0, 55, 55, 1, 8.80%, 0, 16, 2, 0.30, 1445, 174
1762, 0, 0, 55, 55, 1, 8.80%, 0, 16, 2, 0.31, 1449, 174
1772, 0, 0, 55, 55, 1, 8.80%, 0, 16, 2, 0.29, 1450, 174
1782, 0, 0, 55, 55, 1, 8.80%, 0, 16, 2, 0.29, 1453, 174
1792, 0, 0, 55, 55, 1, 8.80%, 0, 16, 2, 0.32, 1460, 174
1802, 0, 0, 55, 55, 1, 8.80%, 0, 16, 2, 0.31, 1462, 174
1812, 0, 0, 55, 55, 1, 8.80%, 0, 16, 2, 0.30, 1463, 174
1822, 0, 0, 55, 55, 1, 8.80%, 0, 16, 2, 0.29, 1464, 174
1832, 0, 0, 55, 55, 1, 8.80%, 0, 16, 2, 0.34, 1475, 174
1842, 0, 0, 55, 55, 1, 8.80%, 0, 16, 2, 1.87, 1494, 174
1852, 0, 0, 55, 55, 1, 8.80%, 0, 16, 2, 1.84, 1508, 174
1862, 0, 0, 55, 55, 1, 8.80%, 0, 16, 2, 1.81, 1521, 174
1872, 0, 0, 55, 55, 1, 8.80%, 0, 16, 2, 1.74, 1529, 174
1883, 0, 0, 55, 55, 1, 8.80%, 0, 16, 2, 1.71, 1541, 174
1893, 0, 0, 55, 55, 1, 8.80%, 0, 16, 2, 0.10, 1542, 174
1903, 0, 0, 55, 55, 1, 8.80%, 0, 16, 2, 0.89, 1551, 174
1913, 0, 0, 55, 55, 1, 8.80%, 0, 16, 2, 0.10, 1552, 174
1923, 0, 0, 55, 55, 1, 8.80%, 0, 16, 2, 1.38, 1566, 174
1933, 0, 0, 55, 55, 1, 8.80%, 0, 16, 2, 1.32, 1570, 174
1943, 0, 0, 55, 55, 1, 8.80%, 0, 16, 2, 1.31, 1581, 174
1953, 0, 0, 55, 55, 1, 8.80%, 0, 16, 2, 1.24, 1584, 174
1963, 0, 0, 55, 55, 1, 8.80%, 0, 16, 2, 1.23, 1595, 174
1973, 0, 0, 55, 55, 1, 8.80%, 0, 16, 2, 0.10, 1596, 174
1983, 0, 0, 55, 55, 1, 8.80%, 0, 16, 2, 0.10, 1597, 174
1993, 0, 0, 55, 55, 1, 8.80%, 0, 16, 2, 0.89, 1606, 174
2003, 0, 0, 55, 55, 1, 8.80%, 0, 16, 2, 0.86, 1609, 174
2013, 0, 0, 55, 55, 1, 8.80%, 0, 16, 2, 0.86, 1619, 174
2023, 0, 0, 55, 55, 1, 8.80%, 0, 16, 2, 0.10, 1620, 174
2033, 0, 0, 55, 55, 1, 8.80%, 0, 16, 2, 0.79, 1628, 174
2044, 0, 0, 55, 55, 1, 8.80%, 0, 16, 2, 0.76, 1631, 174
2054, 0, 0, 55, 55, 1, 8.80%, 0, 16, 2, 0.74, 1635, 174
2064, 0, 0, 55, 55, 1, 8.80%, 0, 16, 2, 0.72, 1639, 174
2074, 0, 0, 55, 55, 1, 8.80%, 0, 16, 2, 0.77, 1655, 174
2084, 0, 0, 55, 55, 1, 8.80%, 0, 16, 2, 0.74, 1657, 174
2094, 0, 0, 55, 55, 1, 8.80%, 0, 16, 2, 0.73, 1664, 174
2104, 0, 0, 55, 55, 1, 8.80%, 0, 16, 2, 0.70, 1666, 174
2114, 0, 0, 55, 55, 1, 8.80%, 0, 16, 2, 0.70, 1673, 174
2124, 0, 0, 55, 55, 1, 8.80%, 0, 16, 2, 0.10, 1674, 174
2134, 0, 0, 55, 55, 1, 8.80%, 0, 16, 2, 0.11, 1676, 174
2144, 0, 0, 55, 55, 1, 8.80%, 0, 16, 2, 0.12, 1680, 174
2154, 0, 0, 55, 55, 1, 8.80%, 0, 16, 2, 0.70, 1687, 174
2164, 0, 0, 55, 55, 1, 8.80%, 0, 16, 2, 0.68, 1691, 174
2175, 0, 0, 55, 55, 1, 8.80%, 0, 16, 2, 0.68, 1699, 174
2185, 0, 0, 55, 55, 1, 8.80%, 0, 16, 2, 0.67, 1704, 174
2195, 0, 0, 55, 55, 1, 8.80%, 0, 16, 2, 0.70, 1715, 174
2205, 0, 0, 55, 55, 1, 8.80%, 0, 16, 2, 0.71, 1724, 174
2215, 0, 0, 55, 55, 1, 8.80%, 0, 16, 2, 0.10, 1725, 174
2225, 0, 0, 55, 55, 1, 8.80%, 0, 16, 2, 1.09, 1736, 174
2235, 0, 0, 55, 55, 1, 8.80%, 0, 16, 2, 1.04, 1739, 174
2245, 0, 0, 55, 55, 1, 8.80%, 0, 16, 2, 1.04, 1750, 174
2255, 0, 0, 55, 55, 1, 8.80%, 0, 16, 2, 0.20, 1752, 174
2265, 0, 0, 55, 55, 1, 8.80%, 0, 16, 2, 0.19, 1753, 174
2275, 0, 0, 55, 55, 1, 8.80%, 0, 16, 2, 0.19, 1754, 174
2285, 0, 0, 55, 55, 1, 8.80%, 0, 16, 2, 0.21, 1760, 174
2295, 0, 0, 55, 55, 1, 8.80%, 0, 16, 2, 0.26, 1769, 174
2305, 0, 0, 55, 55, 1, 8.80%, 0, 16, 2, 0.28, 1776, 174
2315, 0, 0, 55, 55, 1, 8.80%, 0, 16, 2, 0.32, 1785, 174
2325, 0, 0, 55, 55, 1, 8.80%, 0, 16, 2, 0.31, 1787, 174
2335, 0, 0, 55, 55, 1, 8.80%, 0, 16, 2, 0.30, 1788, 174
2345, 0, 0, 55, 55, 1, 8.80%, 0, 16, 2, 0.30, 1791, 174
2355, 0, 0, 55, 55, 1, 8.80%, 0, 16, 2, 0.29, 1793, 174
2365, 0, 0, 55, 55, 1, 8.80%, 0, 16, 2, 0.28, 1794, 174
2375, 0, 0, 55, 55, 1, 8.80%, 0, 17, 2, 0.29, 1798, 174
2385, 0, 0, 55, 55, 1, 8.80%, 0, 17, 2, 0.28, 1799, 174
2395, 0, 0, 55, 55, 1, 8.80%, 0, 17, 2, 0.27, 1800, 174
2405, 0, 0, 55, 55, 1, 8.80%, 0, 17, 2, 0.26, 1801, 174
2415, 0, 0, 55, 55, 1, 8.80%, 0, 17, 2, 0.26, 1804, 174
2426, 0, 0, 55, 55, 1, 8.80%, 0, 17, 2, 0.29, 1812, 174
2436, 0, 0, 55, 55, 1, 8.80%, 0, 17, 2, 0.30, 1817, 174
2446, 0, 0, 55, 55, 1, 8.80%, 0, 17, 2, 0.32, 1822, 174
2456, 0, 0, 55, 55, 1, 8.80%, 0, 17, 2, 0.32, 1826, 174
2466, 0, 0, 55, 55, 1, 8.80%, 0, 17, 2, 0.34, 1832, 174
2476, 0, 0, 55, 55, 1, 8.80%, 0, 17, 2, 0.32, 1833, 174
2486, 0, 0, 55, 55, 1, 8.80%, 0, 17, 2, 0.37, 1843, 174
2496, 0, 0, 55, 55, 1, 8.80%, 0, 17, 2, 0.45, 1860, 174
2506, 0, 0, 55, 55, 1, 8.80%, 0, 17, 2, 0.54, 1879, 174
2516, 0, 0, 55, 55, 1, 8.80%, 0, 17, 2, 0.10, 1880, 174
2526, 0, 0, 55, 55, 1, 8.80%, 0, 17, 2, 0.70, 1887, 174
2536, 0, 0, 55, 55, 1, 8.80%, 0, 17, 2, 0.67, 1889, 174
2546, 0, 0, 55, 55, 1, 8.80%, 0, 17, 2, 0.10, 1890, 174
2556, 0, 0, 55, 55, 1, 8.80%, 0, 17, 2, 0.70, 1897, 174
2566, 0, 0, 55, 55, 1, 8.80%, 0, 17, 2, 0.71, 1907, 174
2576, 0, 0, 55, 55, 1, 8.80%, 0, 18, 2, 0.76, 1922, 174
2586, 0, 0, 55, 55, 1, 8.80%, 0, 18, 2, 0.75, 1927, 174
2597, 0, 0, 55, 55, 1, 8.80%, 0, 18, 2, 0.72, 1930, 174
2607, 0, 0, 55, 55, 1, 8.80%, 0, 18, 2, 0.10, 1931, 174
2617, 0, 0, 55, 55, 1, 8.80%, 0, 18, 2, 0.10, 1932, 174
2627, 0, 0, 55, 55, 1, 8.80%, 0, 18, 2, 0.10, 1933, 174
2637, 0, 0, 55, 55, 1, 8.80%, 0, 18, 2, 0.10, 1934, 174
2647, 0, 0, 55, 55, 1, 8.80%, 0, 18, 2, 1.19, 1946, 174
2657, 0, 0, 55, 55, 1, 8.80%, 0, 18, 2, 1.16, 1954, 174
2667, 0, 0, 55, 55, 1, 8.80%, 0, 18, 2, 0.20, 1956, 174
2677, 0, 0, 55, 55, 1, 8.80%, 0, 18, 2, 0.19, 1957, 174
2687, 0, 0, 55, 55, 1, 8.80%, 0, 18, 2, 0.21, 1962, 174
2697, 0, 0, 55, 55, 1, 8.80%, 0, 18, 2, 0.24, 1969, 174
2707, 0, 0, 55, 55, 1, 8.80%, 0, 18, 2, 0.23, 1970, 174
2717, 0, 0, 55, 55, 1, 8.80%, 0, 18, 2, 0.24, 1973, 174
2727, 0, 0, 55, 55, 1, 8.80%, 0, 18, 2, 0.40, 1981, 174
2737, 0, 0, 55, 55, 1, 8.80%, 0, 18, 2, 0.38, 1982, 174
2748, 0, 0, 55, 55, 1, 8.80%, 0, 18, 2, 0.38, 1986, 174
2758, 0, 0, 55, 55, 1, 8.80%, 0, 18, 2, 0.41, 1995, 174
2768, 0, 0, 55, 55, 1, 8.80%, 0, 18, 2, 0.41, 1998, 174
2778, 0, 0, 55, 55, 1, 8.80%, 0, 18, 2, 0.42, 2004, 174
2788, 0, 0, 55, 55, 1, 8.80%, 0, 18, 2, 0.43, 2010, 174
2798, 0, 0, 55, 55, 1, 8.80%, 0, 18, 2, 0.41, 2012, 174
2808, 0, 0, 55, 55, 1, 8.80%, 0, 18, 2, 0.39, 2013, 174
2818, 0, 0, 55, 55, 1, 8.80%, 0, 18, 2, 0.39, 2016, 174
2828, 0, 0, 55, 55, 1, 8.80%, 0, 18, 2, 0.38, 2018, 174
2838, 0, 0, 55, 55, 1, 8.80%, 0, 18, 2, 0.36, 2019, 174
2848, 0, 0, 55, 55, 1, 8.80%, 0, 18, 2, 0.39, 2027, 174
2859, 0, 0, 55, 55, 1, 8.80%, 0, 18, 2, 0.39, 2032, 174
2869, 0, 0, 55, 55, 1, 8.80%, 0, 18, 2, 0.39, 2035, 174
2879, 0, 0, 55, 55, 1, 8.80%, 0, 18, 2, 0.38, 2038, 174
2889, 0, 0, 55, 55, 1, 8.80%, 0, 18, 2, 0.39, 2043, 174
2899, 0, 0, 55, 55, 1, 8.80%, 0, 18, 2, 0.38, 2045, 174
2909, 0, 0, 55, 55, 1, 8.80%, 0, 18, 2, 0.36, 2046, 174
2919, 0, 0, 55, 55, 1, 8.80%, 0, 18, 2, 0.36, 2049, 174
2929, 0, 0, 55, 55, 1, 8.80%, 0, 18, 2, 0.34, 2050, 174
2939, 0, 0, 55, 55, 1, 8.80%, 0, 18, 2, 0.36, 2057, 174
2949, 0, 0, 55, 55, 1, 8.80%, 0, 18, 2, 0.36, 2060, 174
2959, 0, 0, 55, 55, 1, 8.80%, 0, 18, 2, 0.35, 2063, 174
2969, 0, 0, 56, 56, 1, 8.80%, 0, 18, 2, 0.39, 2073, 174
2979, 0, 0, 56, 56, 1, 8.80%, 0, 18, 2, 0.38, 2075, 174
2989, 0, 0, 56, 56, 1, 8.80%, 0, 18, 2, 0.37, 2077, 174
2999, 0, 0, 56, 56, 1, 8.80%, 0, 18, 2, 0.38, 2083, 174
3009, 0, 0, 56, 56, 1, 8.80%, 0, 18, 2, 0.38, 2086, 174
3019, 0, 0, 56, 56, 1, 8.80%, 0, 18, 2, 0.37, 2088, 174
3029, 0, 0, 56, 56, 1, 8.80%, 0, 18, 2, 0.40, 2097, 174
3039, 0, 0, 56, 56, 1, 8.80%, 0, 18, 2, 0.38, 2098, 174
3050, 0, 0, 56, 56, 1, 8.80%, 0, 18, 2, 0.40, 2105, 174
3060, 0, 0, 56, 56, 1, 8.80%, 0, 18, 2, 0.38, 2106, 174
3070, 0, 0, 56, 56, 1, 8.80%, 0, 18, 2, 0.38, 2110, 174
3080, 0, 0, 56, 56, 1, 8.80%, 0, 18, 2, 0.38, 2114, 174
3090, 0, 0, 56, 56, 1, 8.80%, 0, 18, 2, 0.41, 2122, 174
3100, 0, 0, 56, 56, 1, 8.80%, 0, 18, 2, 0.40, 2125, 174
3110, 0, 0, 56, 56, 1, 8.80%, 0, 18, 2, 0.40, 2129, 174
3120, 0, 0, 56, 56, 1, 8.80%, 0, 18, 2, 0.42, 2135, 174
3130, 0, 0, 56, 56, 1, 8.80%, 0, 18, 2, 0.40, 2137, 174
3140, 0, 0, 56, 56, 1, 8.80%, 0, 18, 2, 0.44, 2147, 174
3150, 0, 0, 56, 56, 1, 8.80%, 0, 18, 2, 0.42, 2148, 174
3160, 0, 0, 57, 57, 1, 8.80%, 0, 18, 2, 0.45, 2158, 174
3170, 0, 0, 57, 57, 1, 8.80%, 0, 18, 2, 0.47, 2166, 174
3180, 0, 0, 57, 57, 1, 8.80%, 0, 18, 2, 0.53, 2180, 174
3191, 0, 0, 58, 58, 1, 8.85%, 0, 18, 2, 0.10, 2189, 175
3201, 0, 0, 59, 59, 1, 8.90%, 0, 18, 2, 2.07, 2210, 176
3211, 0, 0, 59, 59, 1, 8.90%, 0, 18, 2, 0.40, 2214, 176
3221, 0, 0, 59, 59, 1, 8.90%, 0, 18, 2, 0.50, 2234, 176
3231, 0, 0, 59, 59, 1, 8.90%, 0, 18, 2, 0.52, 2243, 176
3241, 0, 0, 59, 59, 1, 8.90%, 0, 18, 2, 0.51, 2246, 176
3251, 0, 0, 59, 59, 1, 8.90%, 0, 18, 2, 0.52, 2253, 176
3261, 0, 0, 59, 59, 1, 8.90%, 0, 18, 2, 0.52, 2259, 176
3271, 0, 0, 59, 59, 1, 8.90%, 0, 18, 2, 0.51, 2262, 176
3281, 0, 0, 59, 59, 1, 8.90%, 0, 18, 2, 0.54, 2272, 176
3291, 0, 0, 59, 59, 1, 8.90%, 0, 18, 2, 0.55, 2279, 176
3301, 0, 0, 59, 59, 1, 8.90%, 0, 18, 2, 0.53, 2281, 176
3312, 0, 0, 59, 59, 1, 8.90%, 0, 18, 2, 0.53, 2287, 176
3322, 0, 0, 59, 59, 1, 8.90%, 0, 18, 2, 0.58, 2300, 176
3332, 0, 0, 59, 59, 1, 8.90%, 0, 18, 2, 0.10, 2301, 176
3342, 0, 0, 59, 59, 1, 8.90%, 0, 18, 2, 0.11, 2304, 176
3352, 0, 0, 59, 59, 1, 8.90%, 0, 18, 2, 0.12, 2307, 176
3362, 0, 0, 59, 59, 1, 8.90%, 0, 18, 2, 0.15, 2313, 176
3372, 0, 0, 59, 59, 1, 8.90%, 0, 18, 2, 0.15, 2314, 176
3382, 0, 0, 59, 59, 1, 8.90%, 0, 18, 2, 0.17, 2318, 176
3392, 0, 0, 59, 59, 1, 8.90%, 0, 18, 2, 0.20, 2325, 176
3402, 0, 0, 59, 59, 1, 8.90%, 0, 18, 2, 0.22, 2330, 176
3412, 0, 0, 59, 59, 1, 8.90%, 0, 18, 2, 0.22, 2333, 176
3422, 0, 0, 59, 59, 1, 8.90%, 0, 18, 2, 0.23, 2337, 176
3432, 0, 0, 59, 59, 1, 8.90%, 0, 18, 2, 0.23, 2338, 176
3442, 0, 0, 59, 59, 1, 8.90%, 0, 18, 2, 0.24, 2343, 176
3452, 0, 0, 59, 59, 1, 8.90%, 0, 18, 2, 0.27, 2350, 176
3462, 0, 0, 59, 59, 1, 8.90%, 0, 18, 2, 0.27, 2352, 176
3472, 0, 0, 59, 59, 1, 8.90%, 0, 18, 2, 0.27, 2356, 176
3482, 0, 0, 59, 59, 1, 8.90%, 0, 18, 2, 0.27, 2358, 176
3492, 0, 0, 60, 60, 1, 9.00%, 0, 18, 2, 0.33, 2370, 178
3502, 0, 0, 60, 60, 1, 9.00%, 0, 18, 2, 0.31, 2371, 178
3512, 0, 0, 60, 60, 1, 9.00%, 0, 18, 2, 0.34, 2379, 178
3523, 0, 0, 60, 60, 1, 9.00%, 0, 18, 2, 0.35, 2383, 178
3533, 0, 0, 60, 60, 1, 9.00%, 0, 18, 2, 0.36, 2388, 178
3543, 0, 0, 60, 60, 1, 9.00%, 0, 18, 2, 0.34, 2389, 178
3553, 0, 0, 60, 60, 1, 9.00%, 0, 18, 2, 0.37, 2397, 178
3563, 0, 0, 60, 60, 1, 9.00%, 0, 18, 2, 0.36, 2400, 178
3573, 0, 0, 60, 60, 1, 9.00%, 0, 18, 2, 0.38, 2406, 178
3583, 0, 0, 60, 60, 1, 9.00%, 0, 18, 2, 0.39, 2411, 178
3593, 0, 0, 60, 60, 1, 9.00%, 0, 18, 2, 0.37, 2413, 178
3603, 0, 0, 60, 60, 1, 9.00%, 0, 18, 2, 0.36, 2415, 178
3613, 0, 0, 60, 60, 1, 9.00%, 0, 18, 2, 0.35, 2416, 178
3623, 0, 0, 60, 60, 1, 9.00%, 0, 18, 2, 0.34, 2418, 178
3633, 0, 0, 62, 62, 1, 9.00%, 0, 18, 2, 0.40, 2455, 178
3643, 0, 0, 62, 62, 1, 9.00%, 0, 18, 2, 0.50, 2475, 178
3653, 0, 0, 62, 62, 1, 9.00%, 0, 18, 2, 0.50, 2480, 178
3663, 0, 0, 62, 62, 1, 9.00%, 0, 18, 2, 0.48, 2483, 178
3673, 0, 0, 62, 62, 1, 9.00%, 0, 18, 2, 0.53, 2495, 178
3683, 0, 0, 62, 62, 1, 9.00%, 0, 18, 2, 0.55, 2504, 178
3694, 0, 0, 62, 62, 1, 9.00%, 0, 18, 2, 0.59, 2516, 178
3704, 0, 0, 62, 62, 1, 9.00%, 0, 18, 2, 0.10, 2517, 178
3714, 0, 0, 62, 62, 1, 9.00%, 0, 18, 2, 1.38, 2531, 178
3724, 0, 0, 62, 62, 1, 9.00%, 0, 18, 2, 1.32, 2534, 178
3734, 0, 0, 62, 62, 1, 9.00%, 0, 18, 2, 0.50, 2562, 178
3744, 0, 0, 62, 62, 1, 9.00%, 0, 18, 2, 0.53, 2572, 178
3754, 0, 0, 62, 62, 1, 9.00%, 0, 18, 2, 0.63, 2594, 178
3764, 0, 27, 62, 60, 19, 9.00%, 0, 18, 2, 0.71, 2613, 178
3774, 0, 27, 62, 60, 19, 9.00%, 0, 18, 2, 0.68, 2615, 178
3784, 0, 27, 62, 60, 19, 9.00%, 0, 18, 2, 0.10, 2616, 178
3794, 0, 27, 62, 60, 19, 9.00%, 0, 18, 2, 0.60, 2622, 178
3805, 0, 27, 62, 60, 19, 9.00%, 0, 18, 2, 0.60, 2628, 178
3815, 0, 27, 62, 60, 19, 9.00%, 0, 18, 2, 0.59, 2633, 178
3825, 0, 27, 62, 60, 19, 9.00%, 0, 18, 2, 0.10, 2634, 178
3835, 0, 27, 62, 60, 19, 9.00%, 0, 18, 2, 1.09, 2645, 178
3845, 0, 27, 62, 60, 19, 9.00%, 0, 18, 2, 0.20, 2647, 178
3855, 0, 27, 62, 60, 19, 9.00%, 0, 18, 2, 0.19, 2648, 178
3865, 0, 27, 62, 60, 19, 9.00%, 0, 18, 2, 0.20, 2651, 178
3875, 0, 27, 62, 60, 19, 9.00%, 0, 18, 2, 0.20, 2653, 178
3885, 0, 27, 62, 60, 19, 9.00%, 0, 18, 2, 0.21, 2657, 178
3895, 0, 27, 62, 60, 19, 9.00%, 0, 19, 2, 2.56, 2683, 178
3905, 0, 27, 62, 60, 19, 9.00%, 0, 19, 2, 0.20, 2685, 178
3915, 0, 27, 63, 61, 19, 9.00%, 0, 19, 3, 0.25, 2695, 178
3925, 0, 27, 63, 61, 19, 9.00%, 0, 19, 3, 0.24, 2696, 178
3935, 0, 27, 63, 61, 19, 9.00%, 0, 19, 3, 0.23, 2697, 178
3945, 0, 27, 63, 61, 19, 9.00%, 0, 19, 3, 0.22, 2698, 178
3955, 0, 27, 63, 61, 19, 9.00%, 0, 19, 3, 0.22, 2700, 178
3965, 0, 27, 63, 61, 19, 9.00%, 0, 19, 3, 0.23, 2704, 178
3975, 0, 27, 63, 61, 19, 9.00%, 0, 19, 3, 0.23, 2706, 178
3985, 0, 27, 63, 61, 19, 9.00%, 0, 19, 3, 0.23, 2708, 178
3995, 0, 27, 63, 61, 19, 9.00%, 0, 19, 3, 0.23, 2711, 178
4005, 0, 27, 63, 61, 19, 9.00%, 0, 19, 3, 1.38, 2725, 178
4016, 0, 27, 64, 62, 19, 9.05%, 0, 19, 3, 0.20, 2786, 179
4026, 0, 27, 64, 62, 19, 9.05%, 0, 19, 3, 2.36, 2810, 179
4036, 0, 27, 66, 64, 19, 9.15%, 0, 19, 3, 2.39, 2838, 181
4046, 0, 27, 66, 64, 19, 9.15%, 0, 19, 3, 0.39, 2842, 181
4056, 0, 27, 66, 64, 19, 9.15%, 0, 19, 3, 0.38, 2844, 181
4066, 0, 27, 67, 65, 19, 9.15%, 0, 19, 3, 0.47, 2862, 181
4076, 0, 27, 67, 65, 19, 9.15%, 0, 19, 3, 0.51, 2874, 181
4087, 0, 27, 67, 65, 19, 9.15%, 0, 19, 3, 0.10, 2875, 181
4097, 0, 27, 67, 65, 19, 9.15%, 0, 19, 3, 2.55, 2901, 181
4107, 0, 27, 67, 65, 19, 9.15%, 0, 19, 3, 2.44, 2909, 181
4117, 0, 27, 67, 65, 19, 9.15%, 0, 19, 3, 2.32, 2914, 181
4127, 0, 27, 67, 65, 19, 9.15%, 0, 19, 3, 2.23, 2923, 181
4137, 0, 27, 67, 65, 19, 9.15%, 0, 19, 3, 2.12, 2928, 181
4147, 0, 27, 67, 65, 19, 9.15%, 0, 19, 3, 1.48, 2971, 181
4157, 0, 27, 67, 65, 19, 9.15%, 0, 19, 3, 1.42, 2977, 181
4167, 0, 22, 67, 64, 21, 9.15%, 0, 19, 3, 1.40, 2987, 181
4178, 0, 22, 67, 64, 21, 9.15%, 0, 19, 3, 0.10, 2988, 181
4188, 0, 22, 67, 64, 21, 9.15%, 0, 19, 3, 0.10, 2989, 181
4198, 0, 22, 67, 64, 21, 9.15%, 0, 19, 3, 0.11, 2991, 181
4208, 0, 22, 67, 64, 21, 9.15%, 0, 19, 3, 0.11, 2992, 181
4218, 0, 22, 67, 64, 21, 9.15%, 0, 19, 3, 0.11, 2993, 181
4228, 0, 22, 67, 64, 21, 9.15%, 0, 19, 3, 0.10, 2994, 181
4238, 0, 22, 67, 64, 21, 9.15%, 0, 19, 3, 0.10, 2995, 181
4248, 0, 22, 67, 64, 21, 9.15%, 0, 19, 3, 0.60, 3001, 181
4258, 0, 22, 67, 64, 21, 9.15%, 0, 19, 3, 0.58, 3004, 181
4268, 0, 22, 67, 64, 21, 9.15%, 0, 19, 3, 0.57, 3009, 181
4278, 0, 22, 67, 64, 21, 9.15%, 0, 19, 3, 0.10, 3010, 181
4288, 0, 22, 67, 64, 21, 9.15%, 0, 19, 3, 0.10, 3011, 181
4298, 0, 22, 67, 64, 21, 9.15%, 0, 19, 3, 0.11, 3013, 181
4308, 0, 22, 67, 64, 21, 9.15%, 0, 19, 3, 0.12, 3016, 181
4318, 0, 22, 67, 64, 21, 9.15%, 0, 19, 3, 0.12, 3018, 181
4328, 0, 22, 67, 64, 21, 9.15%, 0, 19, 3, 0.12, 3019, 181
4338, 0, 22, 67, 64, 21, 9.15%, 0, 19, 3, 0.13, 3021, 181
4348, 0, 22, 67, 64, 21, 9.15%, 0, 19, 3, 0.12, 3022, 181
4358, 0, 22, 67, 64, 21, 9.15%, 0, 19, 3, 0.13, 3024, 181
4368, 0, 22, 67, 64, 21, 9.15%, 0, 19, 3, 0.13, 3025, 181
4378, 0, 22, 67, 64, 21, 9.15%, 0, 19, 3, 0.13, 3027, 181
4388, 0, 22, 67, 64, 21, 9.15%, 0, 19, 3, 0.13, 3028, 181
4398, 0, 22, 67, 64, 21, 9.15%, 0, 19, 3, 0.14, 3031, 181
4408, 0, 22, 67, 64, 21, 9.15%, 0, 19, 3, 0.14, 3032, 181
4418, 0, 22, 67, 64, 21, 9.15%, 0, 19, 3, 0.14, 3034, 181
4428, 0, 22, 67, 64, 21, 9.15%, 0, 19, 3, 0.14, 3035, 181
4438, 0, 22, 67, 64, 21, 9.15%, 0, 19, 3, 0.14, 3036, 181
4448, 0, 22, 67, 64, 21, 9.15%, 0, 19, 3, 0.15, 3039, 181
4458, 0, 22, 67, 64, 21, 9.15%, 0, 19, 3, 0.15, 3041, 181
4468, 0, 22, 67, 64, 21, 9.15%, 0, 19, 3, 0.15, 3043, 181
4478, 0, 22, 67, 64, 21, 9.15%, 0, 19, 3, 0.16, 3045, 181
4488, 0, 22, 67, 64, 21, 9.15%, 0, 19, 3, 0.18, 3050, 181
4498, 0, 22, 67, 64, 21, 9.15%, 0, 19, 3, 0.18, 3052, 181
4508, 0, 22, 67, 64, 21, 9.15%, 0, 19, 3, 0.18, 3054, 181
4518, 0, 22, 67, 64, 21, 9.15%, 0, 19, 3, 0.19, 3058, 181
4528, 0, 22, 67, 64, 21, 9.15%, 0, 19, 3, 0.19, 3059, 181
4538, 0, 22, 67, 64, 21, 9.15%, 0, 19, 3, 0.18, 3060, 181
4548, 0, 22, 67, 64, 21, 9.15%, 0, 19, 3, 0.18, 3061, 181
4558, 0, 22, 67, 64, 21, 9.15%, 0, 19, 3, 0.17, 3062, 181
4568, 0, 22, 67, 64, 21, 9.15%, 0, 19, 3, 0.17, 3063, 181
4578, 0, 22, 67, 64, 21, 9.15%, 0, 19, 3, 0.20, 3070, 181
4588, 0, 22, 67, 64, 21, 9.15%, 0, 19, 3, 0.19, 3071, 181
4598, 0, 22, 67, 64, 21, 9.15%, 0, 19, 3, 0.19, 3072, 181
4609, 0, 22, 67, 64, 21, 9.15%, 0, 19, 3, 0.19, 3074, 181
4619, 0, 22, 67, 64, 21, 9.15%, 0, 19, 3, 0.18, 3075, 181
4629, 0, 22, 67, 64, 21, 9.15%, 0, 19, 3, 0.18, 3076, 181
4639, 0, 22, 67, 64, 21, 9.15%, 0, 19, 3, 0.17, 3077, 181
4649, 0, 22, 67, 64, 21, 9.15%, 0, 19, 3, 0.21, 3084, 181
4659, 0, 22, 67, 64, 21, 9.15%, 0, 19, 3, 0.21, 3087, 181
4669, 0, 22, 67, 64, 21, 9.15%, 0, 19, 3, 0.22, 3091, 181
4679, 0, 22, 67, 64, 21, 9.15%, 0, 19, 3, 0.22, 3092, 181
4689, 0, 22, 67, 64, 21, 9.15%, 0, 19, 3, 0.21, 3093, 181
4699, 0, 22, 67, 64, 21, 9.15%, 0, 19, 3, 0.20, 3094, 181
4709, 0, 22, 67, 64, 21, 9.15%, 0, 19, 3, 0.20, 3095, 181
4719, 0, 22, 67, 64, 21, 9.15%, 0, 19, 3, 1.09, 3106, 181
4729, 0, 22, 67, 64, 21, 9.15%, 0, 19, 3, 0.10, 3107, 181
4739, 0, 22, 67, 64, 21, 9.15%, 0, 19, 3, 0.12, 3111, 181
4749, 0, 22, 67, 64, 21, 9.15%, 0, 19, 3, 0.12, 3112, 181
4759, 0, 22, 67, 64, 21, 9.15%, 0, 19, 3, 0.12, 3114, 181
4769, 0, 22, 67, 64, 21, 9.15%, 0, 19, 3, 0.13, 3116, 181
4779, 0, 22, 67, 64, 21, 9.15%, 0, 19, 3, 0.14, 3119, 181
4789, 0, 22, 67, 64, 21, 9.15%, 0, 19, 3, 0.15, 3122, 181
4799, 0, 22, 67, 64, 21, 9.15%, 0, 19, 3, 0.15, 3124, 181
4809, 0, 22, 67, 64, 21, 9.15%, 0, 19, 3, 0.15, 3125, 181
4819, 0, 22, 67, 64, 21, 9.15%, 0, 19, 3, 0.15, 3127, 181
4829, 0, 22, 67, 64, 21, 9.15%, 0, 19, 3, 0.15, 3128, 181
4839, 0, 22, 67, 64, 21, 9.15%, 0, 19, 3, 0.15, 3130, 181
4849, 0, 22, 67, 64, 21, 9.15%, 0, 19, 3, 0.15, 3131, 181
4859, 0, 22, 67, 64, 21, 9.15%, 0, 19, 3, 0.15, 3132, 181
4869, 0, 22, 67, 64, 21, 9.15%, 0, 19, 3, 0.15, 3134, 181
4879, 0, 22, 67, 64, 21, 9.15%, 0, 19, 3, 0.15, 3136, 181
4889, 0, 22, 67, 64, 21, 9.15%, 0, 19, 3, 0.19, 3143, 181
4899, 0, 22, 67, 64, 21, 9.15%, 0, 19, 3, 0.18, 3144, 181
4909, 0, 22, 67, 64, 21, 9.15%, 0, 19, 3, 0.22, 3152, 181
4919, 0, 22, 67, 64, 21, 9.15%, 0, 19, 3, 0.27, 3162, 181
4930, 0, 22, 67, 64, 21, 9.15%, 0, 19, 3, 1.19, 3189, 181
4940, 0, 22, 67, 64, 21, 9.15%, 0, 19, 3, 0.10, 3190, 181
4950, 0, 22, 67, 64, 21, 9.15%, 0, 19, 3, 0.12, 3195, 181
4960, 0, 22, 67, 64, 21, 9.15%, 0, 19, 3, 1.48, 3210, 181
4970, 0, 22, 67, 64, 21, 9.15%, 0, 19, 3, 1.43, 3216, 181
4980, 0, 22, 67, 64, 21, 9.15%, 0, 19, 3, 1.36, 3220, 181
4990, 0, 22, 67, 64, 21, 9.15%, 0, 19, 3, 1.31, 3225, 181
5000, 0, 22, 67, 64, 21, 9.15%, 0, 19, 3, 0.20, 3227, 181
5010, 0, 22, 67, 64, 21, 9.15%, 0, 19, 3, 0.20, 3229, 181
5020, 0, 22, 67, 64, 21, 9.15%, 0, 19, 3, 0.19, 3230, 181
5030, 0, 22, 67, 64, 21, 9.15%, 0, 19, 3, 0.19, 3231, 181
5040, 0, 22, 67, 64, 21, 9.15%, 0, 19, 3, 0.22, 3239, 181
5051, 0, 22, 67, 64, 21, 9.15%, 0, 19, 3, 1.58, 3277, 181
5061, 0, 22, 67, 64, 21, 9.15%, 0, 19, 3, 0.40, 3355, 181
5072, 0, 22, 67, 64, 21, 9.15%, 0, 19, 3, 0.45, 3367, 181
5082, 0, 22, 67, 64, 21, 9.15%, 0, 20, 3, 1.29, 3398, 181
5092, 0, 22, 67, 64, 21, 9.15%, 0, 20, 3, 0.20, 3400, 181
5102, 0, 12, 67, 63, 20, 9.15%, 0, 20, 3, 0.24, 3409, 181
5112, 0, 12, 67, 63, 20, 9.15%, 0, 20, 3, 0.25, 3412, 181
5122, 0, 12, 67, 63, 20, 9.15%, 0, 20, 3, 0.24, 3414, 181
5132, 0, 12, 67, 63, 20, 9.15%, 0, 20, 3, 0.24, 3416, 181
5142, 0, 12, 67, 63, 20, 9.15%, 0, 20, 3, 0.23, 3417, 181
5152, 0, 12, 67, 63, 20, 9.15%, 0, 20, 3, 0.22, 3418, 181
5162, 0, 12, 67, 63, 20, 9.15%, 0, 20, 3, 0.22, 3419, 181
5172, 0, 12, 67, 63, 20, 9.15%, 0, 20, 3, 0.21, 3420, 181
5182, 0, 12, 67, 63, 20, 9.15%, 0, 20, 3, 0.20, 3421, 181
5192, 0, 12, 67, 63, 20, 9.15%, 0, 20, 3, 0.21, 3424, 181
5202, 0, 12, 67, 63, 20, 9.15%, 0, 20, 3, 0.20, 3425, 181
5212, 0, 12, 67, 63, 20, 9.15%, 0, 20, 3, 0.20, 3427, 181
5222, 0, 12, 67, 63, 20, 9.15%, 0, 20, 3, 0.19, 3428, 181
5232, 0, 12, 67, 63, 20, 9.15%, 0, 20, 3, 0.19, 3429, 181
5242, 0, 12, 67, 63, 20, 9.15%, 0, 20, 3, 0.19, 3431, 181
5252, 0, 12, 67, 63, 20, 9.15%, 0, 20, 3, 0.18, 3432, 181
5262, 0, 12, 67, 63, 20, 9.15%, 0, 20, 3, 0.18, 3433, 181
5272, 0, 12, 67, 63, 20, 9.15%, 0, 20, 3, 0.17, 3434, 181
5282, 0, 12, 67, 63, 20, 9.15%, 0, 20, 3, 0.17, 3435, 181
5292, 0, 12, 67, 63, 20, 9.15%, 0, 20, 3, 0.16, 3436, 181
5302, 0, 12, 67, 63, 20, 9.15%, 0, 20, 3, 0.16, 3437, 181
5312, 0, 12, 67, 63, 20, 9.15%, 0, 20, 3, 0.17, 3440, 181
5322, 0, 12, 67, 63, 20, 9.15%, 0, 20, 3, 0.17, 3442, 181
5332, 0, 12, 67, 63, 20, 9.15%, 0, 20, 3, 0.17, 3444, 181
5342, 0, 12, 67, 63, 20, 9.15%, 0, 20, 3, 0.18, 3447, 181
5352, 0, 12, 67, 63, 20, 9.15%, 0, 20, 3, 0.18, 3448, 181
5362, 0, 12, 67, 63, 20, 9.15%, 0, 20, 3, 0.17, 3449, 181
5372, 0, 12, 67, 63, 20, 9.15%, 0, 20, 3, 0.17, 3450, 181
5382, 0, 12, 67, 63, 20, 9.15%, 0, 20, 3, 0.16, 3451, 181
5392, 0, 12, 67, 63, 20, 9.15%, 0, 20, 3, 0.16, 3452, 181
5403, 0, 12, 67, 63, 20, 9.15%, 0, 20, 3, 0.16, 3454, 181
5413, 0, 12, 67, 63, 20, 9.15%, 0, 20, 3, 0.16, 3456, 181
5423, 0, 12, 67, 63, 20, 9.15%, 0, 20, 3, 0.20, 3463, 181
5433, 0, 12, 67, 63, 20, 9.15%, 0, 20, 3, 0.20, 3465, 181
5443, 0, 12, 67, 63, 20, 9.15%, 0, 20, 3, 0.19, 3466, 181
5453, 0, 12, 67, 63, 20, 9.15%, 0, 20, 3, 0.19, 3467, 181
5463, 0, 12, 67, 63, 20, 9.15%, 0, 20, 3, 0.18, 3468, 181
5473, 0, 12, 67, 63, 20, 9.15%, 0, 20, 3, 0.18, 3470, 181
5483, 0, 12, 67, 63, 20, 9.15%, 0, 20, 3, 0.19, 3473, 181
5493, 0, 12, 67, 63, 20, 9.15%, 0, 20, 3, 0.19, 3475, 181
5503, 0, 12, 67, 63, 20, 9.15%, 0, 20, 3, 0.18, 3476, 181
5513, 0, 12, 67, 63, 20, 9.15%, 0, 20, 3, 0.20, 3480, 181
5523, 0, 12, 67, 63, 20, 9.15%, 0, 20, 3, 0.20, 3482, 181
5533, 0, 12, 67, 63, 20, 9.15%, 0, 20, 3, 0.19, 3483, 181
5543, 0, 12, 67, 63, 20, 9.15%, 0, 20, 3, 0.19, 3485, 181
5553, 0, 12, 67, 63, 20, 9.15%, 0, 20, 3, 0.19, 3487, 181
5563, 0, 12, 67, 63, 20, 9.15%, 0, 20, 3, 0.19, 3488, 181
5573, 0, 12, 67, 63, 20, 9.15%, 0, 20, 3, 0.18, 3489, 181
5583, 0, 12, 67, 63, 20, 9.15%, 0, 20, 3, 0.18, 3490, 181
5593, 0, 12, 67, 63, 20, 9.15%, 0, 20, 3, 0.18, 3492, 181
5603, 0, 12, 67, 63, 20, 9.15%, 0, 20, 3, 0.17, 3493, 181
5613, 0, 12, 67, 63, 20, 9.15%, 0, 20, 3, 0.18, 3496, 181
5623, 0, 12, 67, 63, 20, 9.15%, 0, 20, 3, 0.20, 3501, 181
5633, 0, 12, 67, 63, 20, 9.15%, 0, 20, 3, 0.21, 3504, 181
5643, 0, 12, 67, 63, 20, 9.15%, 0, 20, 3, 0.20, 3505, 181
5653, 0, 12, 67, 63, 20, 9.15%, 0, 20, 3, 0.20, 3507, 181
5663, 0, 12, 67, 63, 20, 9.15%, 0, 20, 3, 0.21, 3511, 181
5673, 0, 12, 68, 64, 20, 9.15%, 0, 20, 3, 1.38, 3525, 181
5683, 0, 12, 68, 64, 20, 9.15%, 0, 20, 3, 0.10, 3526, 181
5693, 0, 12, 68, 64, 20, 9.15%, 0, 20, 3, 0.12, 3531, 181
5703, 0, 12, 68, 64, 20, 9.15%, 0, 20, 3, 0.12, 3532, 181
5714, 0, 12, 69, 65, 20, 9.15%, 0, 20, 3, 0.60, 3564, 181
5724, 0, 12, 69, 65, 20, 9.15%, 0, 20, 3, 0.63, 3576, 181
5734, 0, 12, 69, 65, 20, 9.15%, 0, 20, 3, 0.71, 3594, 181
5744, 0, 12, 69, 65, 20, 9.15%, 0, 20, 3, 0.10, 3595, 181
5754, 0, 12, 69, 65, 20, 9.15%, 0, 20, 3, 0.12, 3600, 181
5764, 0, 12, 69, 65, 20, 9.15%, 0, 20, 3, 0.14, 3603, 181
5774, 0, 12, 69, 65, 20, 9.15%, 0, 20, 3, 0.16, 3609, 181
5784, 0, 12, 69, 65, 20, 9.15%, 0, 20, 3, 0.18, 3613, 181
5794, 0, 12, 69, 65, 20, 9.15%, 0, 20, 3, 0.20, 3618, 181
5804, 0, 12, 69, 65, 20, 9.15%, 0, 20, 3, 0.20, 3620, 181
5814, 0, 12, 69, 65, 20, 9.15%, 0, 20, 3, 0.24, 3629, 181
5825, 0, 12, 71, 67, 20, 9.20%, 0, 20, 3, 0.90, 3686, 182
5835, 0, 12, 71, 67, 20, 9.20%, 0, 20, 3, 0.10, 3687, 182
5845, 0, 12, 72, 68, 20, 9.20%, 0, 20, 3, 1.48, 3702, 182
5855, 0, 12, 72, 68, 20, 9.20%, 0, 20, 3, 1.42, 3707, 182
5865, 0, 12, 72, 68, 20, 9.20%, 0, 20, 3, 1.38, 3715, 182
5875, 0, 12, 72, 68, 20, 9.20%, 0, 20, 3, 0.20, 3717, 182
5885, 0, 12, 72, 68, 20, 9.20%, 0, 21, 3, 0.20, 3719, 182
5895, 0, 12, 72, 68, 20, 9.20%, 0, 21, 3, 0.19, 3720, 182
5905, 0, 12, 72, 68, 20, 9.20%, 0, 21, 3, 0.80, 3757, 182
5916, 0, 12, 74, 70, 20, 9.20%, 0, 21, 3, 2.46, 3815, 182
5926, 0, 12, 74, 70, 20, 9.20%, 0, 21, 3, 2.35, 3822, 182
5936, 0, 12, 74, 70, 20, 9.20%, 0, 21, 3, 2.28, 3835, 182
5946, 0, 12, 74, 70, 20, 9.20%, 0, 21, 3, 2.20, 3845, 182
5956, 0, 12, 74, 70, 20, 9.20%, 0, 21, 3, 2.14, 3858, 182
5966, 0, 12, 74, 70, 20, 9.20%, 0, 21, 3, 2.04, 3863, 182
5976, 0, 12, 74, 70, 20, 9.20%, 0, 21, 3, 0.10, 3864, 182
5986, 0, 12, 74, 70, 20, 9.20%, 0, 21, 3, 0.11, 3866, 182
5996, 0, 12, 74, 70, 20, 9.20%, 0, 21, 3, 0.12, 3869, 182
6006, 0, 12, 74, 70, 20, 9.20%, 0, 21, 3, 0.14, 3874, 182
6017, 0, 7, 74, 69, 20, 9.20%, 0, 21, 3, 0.80, 3933, 182
6027, 0, 7, 74, 69, 20, 9.20%, 0, 21, 3, 0.95, 3967, 182
6037, 0, 7, 74, 69, 20, 9.20%, 0, 21, 3, 1.05, 3993, 182
6047, 0, 7, 74, 69, 20, 9.20%, 0, 21, 3, 0.10, 3994, 182
6057, 0, 7, 74, 69, 20, 9.20%, 0, 21, 3, 0.60, 4000, 182
6067, 0, 7, 74, 69, 20, 9.20%, 0, 21, 3, 0.57, 4002, 182
6077, 0, 7, 76, 71, 20, 9.35%, 0, 21, 3, 0.67, 4023, 185
6088, 0, 7, 79, 74, 20, 9.40%, 0, 21, 3, 0.83, 4056, 186
6098, 0, 7, 79, 74, 20, 9.40%, 0, 21, 3, 0.85, 4068, 186
6108, 0, 7, 79, 74, 20, 9.40%, 0, 21, 3, 0.84, 4075, 186
6118, 0, 7, 79, 74, 20, 9.40%, 0, 21, 3, 0.80, 4077, 186
6128, 0, 7, 79, 74, 20, 9.40%, 0, 21, 3, 0.77, 4080, 186
6138, 0, 7, 79, 74, 20, 9.40%, 0, 21, 3, 0.76, 4087, 186
6148, 0, 7, 79, 74, 20, 9.40%, 0, 21, 3, 0.10, 4088, 186
6158, 0, 7, 79, 74, 20, 9.40%, 0, 21, 3, 0.70, 4095, 186
6168, 0, 7, 79, 74, 20, 9.40%, 0, 21, 3, 0.69, 4101, 186
6178, 0, 7, 79, 74, 20, 9.40%, 0, 21, 3, 0.70, 4110, 186
6188, 0, 7, 79, 74, 20, 9.40%, 0, 21, 3, 2.07, 4143, 186
6198, 0, 7, 79, 74, 20, 9.40%, 0, 21, 3, 0.30, 4146, 186
6209, 0, 7, 81, 76, 20, 9.40%, 0, 21, 3, 2.16, 4168, 186
6219, 0, 7, 83, 78, 20, 9.45%, 0, 21, 3, 1.29, 4219, 187
6229, 0, 7, 83, 78, 20, 9.45%, 0, 21, 3, 1.28, 4231, 187
6239, 0, 7, 83, 78, 20, 9.45%, 0, 21, 3, 1.32, 4249, 187
6249, 0, 7, 84, 79, 20, 9.45%, 0, 21, 3, 0.20, 4281, 187
6259, 0, 7, 84, 79, 20, 9.45%, 0, 21, 3, 0.19, 4282, 187
6269, 0, 7, 84, 79, 20, 9.45%, 0, 21, 3, 1.19, 4294, 187
6280, 0, 7, 84, 79, 20, 9.45%, 0, 21, 3, 1.18, 4304, 187
6290, 0, 7, 84, 79, 20, 9.45%, 0, 21, 3, 0.10, 4305, 187
6300, 0, 7, 84, 79, 20, 9.45%, 0, 21, 3, 0.79, 4341, 187
6310, 0, 7, 84, 79, 20, 9.45%, 0, 21, 3, 0.76, 4343, 187
6320, 0, 7, 84, 79, 20, 9.45%, 0, 21, 3, 0.78, 4354, 187
6330, 0, 7, 84, 79, 20, 9.45%, 0, 21, 3, 0.75, 4357, 187
6340, 0, 7, 84, 79, 20, 9.45%, 0, 21, 3, 0.50, 4389, 187
6350, 0, 7, 84, 79, 20, 9.45%, 0, 21, 3, 0.53, 4399, 187
6360, 0, 7, 84, 79, 20, 9.45%, 0, 21, 3, 0.51, 4402, 187
6370, 0, 7, 84, 79, 20, 9.45%, 0, 21, 3, 0.10, 4403, 187
6380, 0, 7, 84, 79, 20, 9.45%, 0, 21, 3, 0.89, 4412, 187
6391, 0, 7, 84, 79, 20, 9.45%, 0, 21, 3, 1.19, 4460, 187
6401, 0, 7, 84, 79, 20, 9.45%, 0, 21, 3, 1.22, 4477, 187
6411, 0, 7, 84, 79, 20, 9.45%, 0, 21, 3, 1.27, 4497, 187
6421, 0, 7, 84, 79, 20, 9.45%, 0, 22, 3, 1.22, 4503, 187
6432, 0, 7, 84, 79, 20, 9.45%, 0, 22, 3, 2.36, 4589, 187
6442, 0, 7, 84, 79, 20, 9.45%, 0, 22, 3, 2.32, 4607, 187
6452, 0, 7, 84, 79, 20, 9.45%, 0, 22, 3, 2.24, 4617, 187
6462, 0, 7, 84, 79, 20, 9.45%, 0, 22, 3, 2.18, 4630, 187
6472, 0, 7, 84, 79, 20, 9.45%, 0, 22, 3, 2.14, 4645, 187
6482, 0, 7, 84, 79, 20, 9.45%, 0, 22, 3, 2.55, 4699, 187
6493, 0, 7, 85, 80, 20, 9.45%, 0, 22, 3, 0.30, 4764, 187
6503, 0, 7, 86, 81, 20, 9.45%, 0, 22, 3, 1.59, 4780, 187
6513, 0, 7, 86, 81, 20, 9.45%, 0, 22, 3, 1.54, 4789, 187
6523, 0, 7, 86, 81, 20, 9.45%, 0, 22, 3, 1.47, 4793, 187
6534, 0, 7, 87, 82, 20, 9.45%, 0, 22, 3, 1.88, 4834, 187
6544, 0, 7, 87, 82, 20, 9.45%, 0, 22, 3, 1.82, 4844, 187
6554, 0, 7, 87, 82, 20, 9.45%, 0, 22, 3, 1.76, 4852, 187
6564, 0, 7, 87, 82, 20, 9.45%, 0, 22, 3, 1.74, 4867, 187
6574, 0, 7, 87, 82, 20, 9.45%, 0, 22, 3, 1.85, 4902, 187
6584, 0, 7, 87, 82, 20, 9.45%, 0, 22, 3, 1.78, 4910, 187
6594, 0, 7, 87, 82, 20, 9.45%, 0, 22, 3, 1.74, 4921, 187
6604, 0, 7, 87, 82, 20, 9.45%, 0, 22, 3, 1.80, 4949, 187
6614, 0, 7, 87, 82, 20, 9.45%, 0, 22, 3, 1.75, 4959, 187
6624, 0, 7, 87, 82, 20, 9.45%, 0, 22, 3, 1.75, 4977, 187
6635, 0, 7, 87, 82, 20, 9.45%, 0, 22, 3, 1.79, 5001, 187
6645, 0, 7, 88, 83, 20, 9.45%, 0, 22, 3, 1.84, 5027, 187
6655, 0, 7, 88, 83, 20, 9.45%, 0, 23, 3, 0.30, 5030, 187
6665, 0, 7, 88, 83, 20, 9.45%, 0, 23, 3, 0.31, 5034, 187
6675, 0, 7, 88, 83, 20, 9.45%, 0, 23, 3, 1.58, 5050, 187
6685, 0, 7, 89, 84, 20, 9.45%, 0, 23, 3, 1.67, 5080, 187
6695, 0, 7, 89, 84, 20, 9.45%, 0, 23, 3, 1.60, 5086, 187
6705, 0, 7, 89, 84, 20, 9.45%, 0, 23, 3, 1.55, 5093, 187
6715, 0, 7, 89, 84, 20, 9.45%, 0, 23, 3, 1.58, 5115, 187
6725, 0, 7, 89, 84, 20, 9.45%, 0, 23, 3, 0.10, 5116, 187
6736, 0, 7, 89, 84, 20, 9.45%, 0, 23, 3, 3.14, 5148, 187
6746, 0, 7, 91, 86, 20, 9.45%, 0, 23, 3, 1.67, 5190, 187
6756, 0, 7, 91, 86, 20, 9.45%, 0, 23, 3, 1.68, 5207, 187
6766, 0, 7, 91, 86, 20, 9.45%, 0, 23, 3, 1.60, 5212, 187
6776, 0, 7, 91, 86, 20, 9.45%, 0, 23, 3, 1.56, 5222, 187
6786, 0, 7, 91, 86, 20, 9.45%, 0, 23, 3, 1.88, 5282, 187
6797, 0, 7, 91, 86, 20, 9.45%, 0, 23, 3, 1.82, 5292, 187
6807, 0, 7, 92, 87, 20, 9.45%, 0, 23, 3, 1.59, 5341, 187
6817, 0, 7, 92, 87, 20, 9.45%, 0, 23, 3, 1.57, 5355, 187
6828, 0, 7, 92, 87, 20, 9.45%, 0, 23, 3, 1.77, 5443, 187
6838, 0, 7, 92, 87, 20, 9.45%, 0, 23, 3, 0.10, 5444, 187
6848, 0, 7, 92, 87, 20, 9.45%, 0, 23, 3, 1.58, 5485, 187
6858, 0, 7, 92, 87, 20, 9.45%, 0, 23, 3, 1.86, 5527, 187
6868, 0, 7, 92, 87, 20, 9.45%, 0, 23, 3, 0.20, 5529, 187
6878, 0, 7, 92, 87, 20, 9.45%, 0, 23, 3, 0.21, 5533, 187
6889, 0, 7, 92, 87, 20, 9.45%, 0, 23, 3, 1.87, 5552, 187
6899, 0, 7, 92, 87, 20, 9.45%, 0, 23, 3, 1.87, 5571, 187
6909, 0, 7, 92, 87, 20, 9.45%, 0, 23, 3, 1.95, 5603, 187
6919, 0, 7, 92, 87, 20, 9.45%, 0, 23, 3, 0.10, 5604, 187
6930, 0, 7, 92, 87, 20, 9.45%, 0, 23, 3, 0.70, 5678, 187
6940, 0, 7, 92, 87, 20, 9.45%, 0, 23, 3, 0.10, 5679, 187
6950, 0, 7, 92, 87, 20, 9.45%, 0, 23, 3, 0.10, 5680, 187
6960, 0, 7, 92, 87, 20, 9.45%, 0, 23, 3, 0.11, 5682, 187
6970, 0, 7, 92, 87, 20, 9.45%, 0, 23, 3, 0.11, 5683, 187
6980, 0, 7, 92, 87, 20, 9.45%, 0, 23, 3, 1.78, 5701, 187
6990, 0, 7, 92, 87, 20, 9.45%, 0, 23, 3, 1.74, 5712, 187
7000, 0, 7, 92, 87, 20, 9.45%, 0, 24, 3, 0.10, 5713, 187
7010, 0, 7, 92, 87, 20, 9.45%, 0, 24, 3, 0.11, 5716, 187
7020, 0, 7, 92, 87, 20, 9.45%, 0, 24, 3, 0.70, 5723, 187
7030, 0, 7, 92, 87, 20, 9.45%, 0, 24, 3, 0.69, 5729, 187
7040, 0, 7, 92, 87, 20, 9.45%, 0, 24, 3, 0.67, 5733, 187
7050, 0, 7, 92, 87, 20, 9.45%, 0, 24, 3, 0.64, 5735, 187
7060, 0, 7, 92, 87, 20, 9.45%, 0, 24, 3, 0.70, 5751, 187
7070, 0, 7, 92, 87, 20, 9.45%, 0, 24, 3, 0.71, 5759, 187
7080, 0, 7, 92, 87, 20, 9.45%, 0, 24, 3, 0.76, 5774, 187
7090, 0, 7, 92, 87, 20, 9.45%, 0, 24, 3, 0.73, 5778, 187
7100, 0, 7, 92, 87, 20, 9.45%, 0, 24, 3, 0.74, 5786, 187
7111, 0, 7, 92, 87, 20, 9.45%, 0, 24, 3, 0.71, 5789, 187
7121, 0, 30, 92, 85, 20, 9.45%, 0, 24, 3, 0.20, 5842, 187
7131, 0, 30, 92, 85, 20, 9.45%, 0, 24, 3, 0.22, 5847, 187
7141, 0, 30, 92, 85, 20, 9.45%, 0, 24, 3, 0.21, 5848, 187
7151, 0, 30, 92, 85, 20, 9.45%, 0, 24, 3, 0.21, 5850, 187
7161, 0, 30, 92, 85, 20, 9.45%, 0, 24, 3, 0.23, 5855, 187
7171, 0, 30, 92, 85, 20, 9.45%, 0, 24, 3, 0.22, 5856, 187
7181, 0, 30, 92, 85, 20, 9.45%, 0, 24, 3, 0.23, 5859, 187
7191, 0, 30, 92, 85, 20, 9.45%, 0, 24, 3, 0.22, 5860, 187
7201, 0, 30, 92, 85, 20, 9.45%, 0, 24, 3, 0.21, 5861, 187
7211, 0, 30, 92, 85, 20, 9.45%, 0, 24, 3, 0.20, 5862, 187
7221, 0, 30, 92, 85, 20, 9.45%, 0, 24, 3, 0.22, 5866, 187
7231, 0, 30, 92, 85, 20, 9.45%, 0, 24, 3, 0.21, 5867, 187
7241, 0, 30, 92, 85, 20, 9.45%, 0, 24, 3, 0.20, 5868, 187
7251, 0, 30, 92, 85, 20, 9.45%, 0, 24, 3, 0.23, 5874, 187
7261, 0, 30, 92, 85, 20, 9.45%, 0, 24, 3, 0.26, 5882, 187
7271, 0, 30, 92, 85, 20, 9.45%, 0, 24, 3, 0.27, 5886, 187
7281, 0, 30, 92, 85, 20, 9.45%, 0, 24, 3, 0.28, 5890, 187
7291, 0, 30, 92, 85, 20, 9.45%, 0, 24, 3, 0.29, 5895, 187
7302, 0, 30, 92, 85, 20, 9.45%, 0, 24, 3, 0.32, 5902, 187
7312, 0, 30, 92, 85, 20, 9.45%, 0, 24, 3, 0.32, 5905, 187
7322, 0, 30, 92, 85, 20, 9.45%, 0, 24, 3, 0.30, 5906, 187
7332, 0, 30, 92, 85, 20, 9.45%, 0, 24, 3, 0.29, 5907, 187
7342, 0, 30, 92, 85, 20, 9.45%, 0, 24, 3, 0.29, 5910, 187
7352, 0, 30, 92, 85, 20, 9.45%, 0, 24, 3, 0.29, 5913, 187
7362, 0, 30, 92, 85, 20, 9.45%, 0, 24, 3, 0.28, 5914, 187
7372, 0, 30, 92, 85, 20, 9.45%, 0, 24, 3, 0.27, 5916, 187
7382, 0, 30, 92, 85, 20, 9.45%, 0, 24, 3, 0.26, 5917, 187
7392, 0, 30, 92, 85, 20, 9.45%, 0, 24, 3, 0.25, 5918, 187
7402, 0, 30, 92, 85, 20, 9.45%, 0, 24, 3, 0.24, 5919, 187
7412, 0, 30, 92, 85, 20, 9.45%, 0, 24, 3, 0.23, 5920, 187
7422, 0, 30, 92, 85, 20, 9.45%, 0, 24, 3, 0.23, 5922, 187
7432, 0, 30, 92, 85, 20, 9.45%, 0, 24, 3, 0.24, 5925, 187
7442, 0, 30, 92, 85, 20, 9.45%, 0, 24, 3, 0.23, 5926, 187
7452, 0, 30, 92, 85, 20, 9.45%, 0, 24, 3, 0.26, 5933, 187
7462, 0, 30, 92, 85, 20, 9.45%, 0, 24, 3, 0.28, 5939, 187
7472, 0, 30, 92, 85, 20, 9.45%, 0, 24, 3, 0.28, 5942, 187
7482, 0, 30, 92, 85, 20, 9.45%, 0, 24, 3, 2.08, 5963, 187
7492, 0, 30, 93, 86, 20, 9.45%, 0, 24, 3, 0.30, 6021, 187
7503, 0, 30, 93, 86, 20, 9.45%, 0, 24, 3, 2.27, 6044, 187
7513, 0, 30, 93, 86, 20, 9.45%, 0, 24, 3, 2.36, 6082, 187
7523, 0, 30, 93, 86, 20, 9.45%, 0, 24, 3, 0.30, 6085, 187
7533, 0, 30, 93, 86, 20, 9.45%, 0, 24, 3, 0.31, 6090, 187
7543, 0, 30, 93, 86, 20, 9.45%, 0, 24, 3, 0.33, 6096, 187
7553, 0, 30, 93, 86, 20, 9.45%, 0, 24, 3, 0.33, 6100, 187
7563, 0, 30, 93, 86, 20, 9.45%, 0, 24, 3, 0.36, 6108, 187
7573, 0, 30, 93, 86, 20, 9.45%, 0, 24, 3, 0.38, 6115, 187
7585, 0, 81, 94, 86, 19, 9.45%, 0, 24, 4, 0.99, 6371, 187
7595, 0, 81, 94, 86, 19, 9.45%, 0, 24, 4, 1.02, 6385, 187
7605, 0, 81, 94, 86, 19, 9.45%, 0, 24, 4, 0.10, 6386, 187
7615, 0, 81, 94, 86, 19, 9.45%, 0, 24, 4, 0.11, 6389, 187
7625, 0, 81, 94, 86, 19, 9.45%, 0, 24, 4, 1.09, 6400, 187
7635, 0, 81, 94, 86, 19, 9.45%, 0, 24, 4, 1.07, 6407, 187
7645, 0, 81, 94, 86, 19, 9.45%, 0, 24, 4, 1.02, 6410, 187
7655, 0, 81, 94, 86, 19, 9.45%, 0, 24, 4, 1.03, 6422, 187
7665, 0, 81, 94, 86, 19, 9.45%, 0, 24, 4, 1.04, 6434, 187
7675, 0, 81, 94, 86, 19, 9.45%, 0, 24, 4, 1.09, 6453, 187
7685, 0, 81, 94, 86, 19, 9.45%, 0, 24, 4, 1.04, 6456, 187
7696, 0, 81, 94, 86, 19, 9.45%, 0, 24, 4, 1.17, 6487, 187
7706, 0, 81, 94, 86, 19, 9.45%, 0, 24, 4, 1.14, 6494, 187
7716, 0, 81, 94, 86, 19, 9.45%, 0, 24, 4, 1.11, 6501, 187
7726, 0, 81, 94, 86, 19, 9.45%, 0, 24, 4, 1.10, 6510, 187
7736, 0, 81, 94, 86, 19, 9.45%, 0, 24, 4, 1.05, 6513, 187
7746, 0, 81, 94, 86, 19, 9.45%, 0, 24, 4, 1.01, 6518, 187
7756, 0, 57, 94, 84, 18, 9.45%, 0, 24, 4, 1.98, 6569, 187
7766, 0, 57, 94, 84, 18, 9.45%, 0, 24, 4, 1.90, 6576, 187
7776, 0, 57, 94, 84, 18, 9.45%, 0, 24, 4, 1.85, 6587, 187
7786, 0, 57, 94, 84, 18, 9.45%, 0, 24, 4, 1.83, 6603, 187
7796, 0, 57, 94, 84, 18, 9.45%, 0, 24, 4, 1.79, 6615, 187
7807, 0, 57, 94, 84, 18, 9.45%, 0, 24, 4, 0.10, 6616, 187
7817, 0, 57, 94, 84, 18, 9.45%, 0, 24, 4, 0.90, 6625, 187
7827, 0, 57, 94, 84, 18, 9.45%, 0, 24, 4, 0.89, 6633, 187
7837, 0, 57, 94, 84, 18, 9.45%, 0, 24, 4, 0.87, 6639, 187
7847, 0, 57, 94, 84, 18, 9.45%, 0, 24, 4, 0.84, 6643, 187
7857, 0, 57, 94, 84, 18, 9.45%, 0, 24, 4, 0.81, 6646, 187
7867, 0, 57, 94, 84, 18, 9.45%, 0, 24, 4, 0.82, 6656, 187
7877, 0, 57, 94, 84, 18, 9.45%, 0, 24, 4, 1.19, 6693, 187
7887, 0, 57, 95, 85, 18, 9.45%, 0, 24, 4, 1.29, 6742, 187
7897, 0, 57, 95, 85, 18, 9.45%, 0, 24, 4, 1.23, 6745, 187
7907, 0, 57, 95, 85, 18, 9.45%, 0, 24, 4, 1.27, 6764, 187
7918, 0, 57, 95, 85, 18, 9.45%, 0, 24, 4, 0.70, 6826, 187
7928, 0, 63, 95, 84, 17, 9.45%, 0, 24, 4, 0.10, 6889, 187
7939, 0, 63, 95, 84, 17, 9.45%, 0, 24, 4, 1.28, 6902, 187
7949, 0, 63, 95, 84, 17, 9.45%, 0, 24, 4, 1.23, 6907, 187
7959, 0, 63, 95, 84, 17, 9.45%, 0, 24, 4, 1.17, 6910, 187
7969, 0, 63, 95, 84, 17, 9.45%, 0, 24, 4, 0.10, 6911, 187
7979, 0, 63, 95, 84, 17, 9.45%, 0, 24, 4, 0.12, 6916, 187
7989, 0, 63, 95, 84, 17, 9.45%, 0, 24, 4, 0.13, 6918, 187
7999, 0, 63, 95, 84, 17, 9.45%, 0, 24, 4, 0.14, 6921, 187
8009, 0, 63, 96, 85, 17, 9.45%, 0, 24, 4, 1.88, 6940, 187
8019, 0, 63, 96, 85, 17, 9.45%, 0, 24, 4, 1.81, 6947, 187
8029, 0, 63, 96, 85, 17, 9.45%, 0, 24, 4, 0.10, 6948, 187
8039, 0, 63, 96, 85, 17, 9.45%, 0, 25, 4, 1.38, 6962, 187
8049, 0, 63, 96, 85, 17, 9.45%, 0, 25, 4, 1.32, 6966, 187
8059, 0, 63, 96, 85, 17, 9.45%, 0, 25, 4, 0.10, 6967, 187
8069, 0, 63, 96, 85, 17, 9.45%, 0, 25, 4, 0.60, 6973, 187
8079, 0, 63, 96, 85, 17, 9.45%, 0, 25, 4, 0.58, 6977, 187
8089, 0, 63, 96, 85, 17, 9.45%, 0, 25, 4, 0.57, 6981, 187
8099, 0, 63, 96, 85, 17, 9.45%, 0, 25, 4, 0.60, 6991, 187
8109, 0, 63, 96, 85, 17, 9.45%, 0, 25, 4, 0.10, 6992, 187
8119, 0, 63, 96, 85, 17, 9.45%, 0, 25, 4, 0.60, 6998, 187
8129, 0, 63, 96, 85, 17, 9.45%, 0, 25, 4, 0.60, 7005, 187
8139, 0, 63, 96, 85, 17, 9.45%, 0, 25, 4, 0.62, 7014, 187
8150, 0, 63, 96, 85, 17, 9.45%, 0, 25, 4, 0.64, 7023, 187
8160, 0, 63, 96, 85, 17, 9.45%, 0, 25, 4, 0.10, 7024, 187
8170, 0, 63, 96, 85, 17, 9.45%, 0, 25, 4, 0.11, 7027, 187
8180, 0, 63, 96, 85, 17, 9.45%, 0, 25, 4, 0.70, 7034, 187
8190, 0, 63, 96, 85, 17, 9.45%, 0, 25, 4, 0.66, 7036, 187
8200, 0, 63, 96, 85, 17, 9.45%, 0, 25, 4, 0.64, 7039, 187
8210, 0, 63, 96, 85, 17, 9.45%, 0, 25, 4, 0.10, 7040, 187
8220, 0, 63, 96, 85, 17, 9.45%, 0, 25, 4, 0.10, 7041, 187
8230, 0, 63, 96, 85, 17, 9.45%, 0, 25, 4, 0.12, 7045, 187
8240, 0, 63, 96, 85, 17, 9.45%, 0, 25, 4, 0.12, 7047, 187
8250, 0, 63, 96, 85, 17, 9.45%, 0, 25, 4, 0.14, 7051, 187
8260, 0, 63, 96, 85, 17, 9.45%, 0, 25, 4, 0.18, 7058, 187
8270, 0, 63, 96, 85, 17, 9.45%, 0, 25, 4, 0.20, 7064, 187
8280, 0, 63, 96, 85, 17, 9.45%, 0, 25, 4, 0.21, 7068, 187
8290, 0, 63, 96, 85, 17, 9.45%, 0, 25, 4, 0.21, 7070, 187
8300, 0, 63, 96, 85, 17, 9.45%, 0, 25, 4, 0.21, 7071, 187
8310, 0, 63, 96, 85, 17, 9.45%, 0, 25, 4, 0.20, 7072, 187
8320, 0, 63, 96, 85, 17, 9.45%, 0, 25, 4, 0.20, 7074, 187
8330, 0, 63, 96, 85, 17, 9.45%, 0, 25, 4, 0.22, 7079, 187
8340, 0, 63, 96, 85, 17, 9.45%, 0, 25, 4, 0.21, 7080, 187
8350, 0, 63, 96, 85, 17, 9.45%, 0, 25, 4, 0.22, 7084, 187
8360, 0, 63, 96, 85, 17, 9.45%, 0, 25, 4, 0.23, 7087, 187
8370, 0, 63, 96, 85, 17, 9.45%, 0, 25, 4, 0.24, 7092, 187
8380, 0, 63, 96, 85, 17, 9.45%, 0, 25, 4, 0.25, 7095, 187
8390, 0, 63, 96, 85, 17, 9.45%, 0, 25, 4, 2.56, 7121, 187
8400, 0, 63, 96, 85, 17, 9.45%, 0, 25, 4, 2.47, 7132, 187
8411, 0, 63, 96, 85, 17, 9.45%, 0, 25, 4, 2.42, 7149, 187
8421, 0, 63, 96, 85, 17, 9.45%, 0, 25, 4, 2.50, 7187, 187
8431, 0, 63, 96, 85, 17, 9.45%, 0, 25, 4, 2.40, 7196, 187
8441, 0, 63, 96, 85, 17, 9.45%, 0, 25, 4, 2.28, 7201, 187
8451, 0, 63, 96, 85, 17, 9.45%, 0, 25, 4, 0.89, 7249, 187
8465, 0, 59, 102, 90, 16, 9.81%, 0, 25, 4, 2.94, 7635, 194
8475, 0, 59, 103, 91, 16, 9.86%, 0, 25, 4, 2.90, 7658, 195
8485, 0, 59, 103, 91, 16, 9.86%, 0, 25, 4, 2.80, 7671, 195
8495, 0, 59, 103, 91, 16, 9.86%, 0, 25, 4, 1.19, 7706, 195
8507, 0, 59, 104, 92, 16, 9.86%, 0, 25, 4, 0.89, 7870, 195
8517, 0, 59, 104, 92, 16, 9.86%, 0, 25, 4, 0.92, 7883, 195
8527, 0, 59, 104, 92, 16, 9.86%, 0, 25, 4, 0.60, 7911, 195
8537, 0, 59, 104, 92, 16, 9.86%, 0, 25, 4, 0.59, 7916, 195
8549, 0, 59, 104, 92, 16, 9.86%, 0, 25, 4, 2.36, 8101, 195
8560, 0, 59, 105, 93, 16, 9.91%, 0, 25, 4, 1.57, 8232, 196
8570, 0, 59, 105, 93, 16, 9.91%, 0, 25, 4, 0.40, 8300, 196
8581, 0, 59, 105, 93, 16, 9.91%, 0, 25, 4, 1.38, 8338, 196
8593, 0, 59, 105, 93, 16, 9.91%, 0, 25, 4, 0.79, 8560, 196
8604, 0, 59, 105, 93, 16, 9.91%, 0, 25, 4, 0.99, 8676, 196
8616, 0, 59, 105, 93, 16, 9.91%, 0, 25, 4, 0.50, 8876, 196
8626, 0, 59, 105, 93, 16, 9.91%, 0, 25, 4, 0.57, 8893, 196
8638, 0, 59, 106, 94, 16, 9.96%, 0, 25, 4, 0.70, 9093, 197
8648, 0, 59, 106, 94, 16, 9.96%, 0, 25, 4, 0.71, 9103, 197
8658, 0, 59, 106, 94, 16, 9.96%, 0, 25, 4, 0.50, 9135, 197
8668, 0, 59, 106, 94, 16, 9.96%, 0, 25, 4, 0.60, 9173, 197
8679, 0, 59, 106, 94, 16, 9.96%, 0, 25, 4, 0.89, 9195, 197
8690, 0, 59, 107, 95, 16, 9.96%, 0, 25, 4, 0.20, 9352, 197
8701, 0, 59, 107, 95, 16, 9.96%, 0, 25, 4, 1.19, 9498, 197
8711, 0, 59, 107, 95, 16, 9.96%, 0, 25, 4, 0.30, 9526, 197
8723, 0, 59, 107, 95, 16, 9.96%, 0, 25, 4, 1.38, 9746, 197
8734, 0, 59, 107, 95, 16, 9.96%, 0, 25, 4, 0.60, 9836, 197
8745, 0, 59, 108, 96, 16, 9.96%, 0, 25, 4, 0.69, 9979, 197
8758, 0, 59, 109, 97, 16, 9.96%, 0, 25, 4, 0.60, 10320, 197
8769, 0, 59, 109, 97, 16, 9.96%, 0, 25, 4, 2.36, 10398, 197
8781, 0, 59, 109, 97, 16, 9.96%, 0, 25, 4, 1.29, 10664, 197
8792, 0, 59, 109, 97, 16, 9.96%, 0, 26, 4, 1.97, 10772, 197
8803, 0, 59, 109, 97, 16, 9.96%, 0, 26, 4, 1.89, 10779, 197
8813, 0, 59, 109, 97, 16, 9.96%, 0, 26, 4, 1.29, 10814, 197
8825, 0, 59, 111, 99, 16, 10.01%, 0, 26, 4, 2.65, 11028, 198
8836, 0, 59, 111, 99, 16, 10.01%, 0, 26, 4, 1.58, 11168, 198
8846, 0, 59, 111, 99, 16, 10.01%, 0, 26, 4, 1.53, 11176, 198
8856, 0, 59, 111, 99, 16, 10.01%, 0, 26, 4, 0.79, 11201, 198
8867, 0, 59, 111, 99, 16, 10.01%, 0, 26, 4, 2.35, 11250, 198
8879, 0, 59, 111, 99, 16, 10.01%, 0, 26, 4, 1.39, 11550, 198
8889, 0, 59, 111, 99, 16, 10.01%, 0, 26, 4, 1.32, 11553, 198
8899, 0, 59, 111, 99, 16, 10.01%, 0, 26, 4, 1.35, 11571, 198
8910, 0, 59, 111, 99, 16, 10.01%, 0, 26, 4, 1.28, 11682, 198
8921, 0, 59, 111, 99, 16, 10.01%, 0, 26, 4, 1.19, 11828, 198
8933, 0, 59, 111, 99, 16, 10.01%, 0, 26, 4, 0.79, 12006, 198
8943, 0, 59, 111, 99, 16, 10.01%, 0, 26, 4, 0.20, 12062, 198
8954, 0, 59, 111, 99, 16, 10.01%, 0, 26, 4, 0.20, 12088, 198
8965, 0, 59, 111, 99, 16, 10.01%, 0, 26, 4, 2.65, 12265, 198
8977, 0, 59, 111, 99, 16, 10.01%, 0, 26, 4, 1.39, 12414, 198
8987, 0, 59, 111, 99, 16, 10.01%, 0, 26, 4, 0.60, 12438, 198
8998, 0, 59, 111, 99, 16, 10.01%, 0, 26, 4, 0.80, 12610, 198
9009, 0, 59, 111, 99, 16, 10.01%, 0, 26, 4, 2.26, 12658, 198
9019, 0, 59, 111, 99, 16, 10.01%, 0, 26, 4, 1.87, 12726, 198
9030, 0, 59, 111, 99, 16, 10.01%, 0, 26, 4, 1.86, 12743, 198
9041, 0, 59, 111, 99, 16, 10.01%, 0, 26, 4, 1.57, 12894, 198
9051, 0, 59, 111, 99, 16, 10.01%, 0, 26, 4, 1.50, 12898, 198
9061, 0, 59, 111, 99, 16, 10.01%, 0, 26, 4, 0.20, 12962, 198
9074, 0, 59, 111, 99, 16, 10.01%, 0, 26, 4, 1.77, 13176, 198
9084, 0, 59, 111, 99, 16, 10.01%, 0, 26, 4, 1.70, 13183, 198
9094, 0, 59, 112, 100, 16, 10.01%, 0, 26, 4, 2.75, 13260, 198
9105, 0, 59, 112, 100, 16, 10.01%, 0, 26, 4, 2.66, 13273, 198
9115, 0, 59, 113, 101, 16, 10.01%, 0, 26, 4, 0.60, 13304, 198
9126, 0, 59, 113, 101, 16, 10.01%, 0, 26, 4, 2.75, 13412, 198
9136, 0, 59, 113, 101, 16, 10.01%, 0, 26, 4, 1.77, 13478, 198
9147, 0, 59, 113, 101, 16, 10.01%, 0, 26, 4, 1.78, 13616, 198
9158, 0, 59, 113, 101, 16, 10.01%, 0, 26, 4, 2.06, 13686, 198
9170, 0, 59, 113, 101, 16, 10.01%, 0, 26, 4, 2.37, 13878, 198
9181, 0, 59, 114, 102, 16, 10.01%, 0, 26, 4, 0.80, 14003, 198
9191, 0, 59, 114, 102, 16, 10.01%, 0, 26, 4, 0.81, 14014, 198
9201, 0, 59, 114, 102, 16, 10.01%, 0, 26, 4, 0.88, 14033, 198
9212, 0, 59, 114, 102, 16, 10.01%, 0, 26, 4, 0.99, 14095, 198
9223, 0, 59, 114, 102, 16, 10.01%, 0, 26, 4, 1.58, 14262, 198
9234, 0, 59, 114, 102, 16, 10.01%, 0, 26, 4, 0.40, 14391, 198
9245, 0, 59, 114, 102, 16, 10.01%, 0, 26, 4, 1.97, 14445, 198
9256, 0, 59, 114, 102, 16, 10.01%, 0, 26, 4, 0.60, 14569, 198
9266, 0, 59, 114, 102, 16, 10.01%, 0, 26, 4, 0.80, 14627, 198
9277, 0, 59, 114, 102, 16, 10.01%, 0, 26, 4, 0.40, 14721, 198
9287, 0, 59, 114, 102, 16, 10.01%, 0, 26, 4, 0.47, 14737, 198
9298, 0, 59, 114, 102, 16, 10.01%, 0, 26, 4, 0.50, 14832, 198
9308, 0, 59, 114, 102, 16, 10.01%, 0, 26, 4, 0.55, 14846, 198
9319, 0, 59, 114, 102, 16, 10.01%, 0, 26, 4, 0.50, 14877, 198
9329, 0, 59, 114, 102, 16, 10.01%, 0, 26, 4, 0.48, 14880, 198
9339, 0, 59, 114, 102, 16, 10.01%, 0, 26, 4, 0.57, 14898, 198
9350, 0, 59, 114, 102, 16, 10.01%, 0, 26, 4, 1.58, 15055, 198
9360, 0, 59, 114, 102, 16, 10.01%, 0, 26, 4, 1.29, 15093, 198
9371, 0, 59, 114, 102, 16, 10.01%, 0, 26, 4, 2.17, 15209, 198
9382, 0, 59, 114, 102, 16, 10.01%, 0, 26, 4, 1.19, 15281, 198
9393, 0, 59, 114, 102, 16, 10.01%, 0, 26, 4, 0.20, 15373, 198
9404, 0, 59, 114, 102, 16, 10.01%, 0, 26, 4, 2.17, 15459, 198
9415, 0, 59, 114, 102, 16, 10.01%, 0, 26, 4, 1.18, 15589, 198
9425, 0, 59, 114, 102, 16, 10.01%, 0, 26, 4, 1.18, 15601, 198
9436, 0, 59, 114, 102, 16, 10.01%, 0, 26, 4, 1.78, 15759, 198
9447, 0, 59, 114, 102, 16, 10.01%, 0, 26, 4, 2.36, 15873, 198
9458, 0, 59, 114, 102, 16, 10.01%, 0, 26, 4, 0.79, 15903, 198
9468, 0, 59, 114, 102, 16, 10.01%, 0, 26, 4, 0.82, 15915, 198
9479, 0, 59, 115, 103, 16, 10.01%, 0, 26, 4, 1.96, 16054, 198
9489, 0, 59, 115, 103, 16, 10.01%, 0, 26, 4, 2.16, 16122, 198
9500, 0, 59, 115, 103, 16, 10.01%, 0, 26, 4, 1.74, 16218, 198
9511, 0, 59, 115, 103, 16, 10.01%, 0, 26, 4, 1.97, 16313, 198
9522, 0, 59, 115, 103, 16, 10.01%, 0, 26, 4, 1.94, 16329, 198
9534, 0, 59, 115, 103, 16, 10.01%, 0, 26, 4, 0.20, 16568, 198
9544, 0, 59, 115, 103, 16, 10.01%, 0, 26, 4, 1.97, 16648, 198
9555, 0, 59, 116, 104, 16, 10.01%, 0, 26, 4, 1.97, 16759, 198
9565, 0, 59, 116, 104, 16, 10.01%, 0, 26, 4, 0.20, 16761, 198
9575, 0, 59, 116, 104, 16, 10.01%, 0, 26, 4, 0.89, 16837, 198
9586, 0, 59, 116, 104, 16, 10.01%, 0, 26, 4, 1.38, 16882, 198
9596, 0, 59, 116, 104, 16, 10.01%, 0, 26, 4, 0.10, 16900, 198
9606, 0, 59, 116, 104, 16, 10.01%, 0, 26, 4, 1.29, 16913, 198
9617, 0, 59, 116, 104, 16, 10.01%, 0, 26, 4, 0.99, 16975, 198
9628, 0, 59, 116, 104, 16, 10.01%, 0, 26, 4, 0.80, 17155, 198
9638, 0, 59, 116, 104, 16, 10.01%, 0, 26, 4, 0.82, 17167, 198
9649, 0, 59, 116, 104, 16, 10.01%, 0, 26, 4, 1.77, 17233, 198
9659, 0, 59, 116, 104, 16, 10.01%, 0, 26, 4, 1.68, 17237, 198
9669, 0, 59, 116, 104, 16, 10.01%, 0, 26, 4, 1.74, 17263, 198
9680, 0, 59, 116, 104, 16, 10.01%, 0, 26, 4, 1.96, 17361, 198
9692, 0, 59, 117, 105, 16, 10.01%, 0, 26, 4, 1.86, 17555, 198
9702, 0, 59, 117, 105, 16, 10.01%, 0, 26, 4, 1.87, 17596, 198
9714, 0, 59, 117, 105, 16, 10.01%, 0, 26, 4, 0.59, 17790, 198
9725, 0, 59, 117, 105, 16, 10.01%, 0, 26, 4, 0.40, 17954, 198
9736, 0, 59, 117, 105, 16, 10.01%, 0, 26, 4, 0.40, 18008, 198
9747, 0, 59, 117, 105, 16, 10.01%, 0, 26, 4, 1.67, 18094, 198
9757, 0, 59, 117, 105, 16, 10.01%, 0, 26, 4, 0.60, 18182, 198
9768, 0, 59, 117, 105, 16, 10.01%, 0, 26, 4, 1.97, 18233, 198
9778, 0, 59, 117, 105, 16, 10.01%, 0, 26, 4, 0.40, 18270, 198
9788, 0, 59, 117, 105, 16, 10.01%, 0, 26, 4, 0.38, 18271, 198
9802, 0, 59, 117, 105, 16, 10.01%, 0, 26, 4, 0.79, 18752, 198
9813, 0, 59, 117, 105, 16, 10.01%, 0, 26, 4, 0.79, 18806, 198
9823, 0, 59, 117, 105, 16, 10.01%, 0, 26, 4, 0.76, 18808, 198
9833, 0, 59, 117, 105, 16, 10.01%, 0, 26, 4, 0.83, 18828, 198
9843, 0, 59, 117, 105, 16, 10.01%, 0, 26, 4, 1.86, 18863, 198
9853, 0, 59, 117, 105, 16, 10.01%, 0, 26, 4, 1.88, 18885, 198
9864, 0, 59, 117, 105, 16, 10.01%, 0, 26, 4, 1.89, 18906, 198
9875, 0, 59, 117, 105, 16, 10.01%, 0, 26, 4, 2.93, 19082, 198
9885, 0, 59, 118, 106, 16, 10.01%, 0, 26, 4, 0.60, 19139, 198
9897, 0, 59, 119, 107, 16, 10.01%, 0, 26, 4, 1.58, 19346, 198
9908, 0, 59, 120, 108, 16, 10.06%, 0, 26, 4, 2.16, 19465, 199
9918, 0, 59, 120, 108, 16, 10.06%, 0, 26, 4, 1.77, 19505, 199
9929, 0, 59, 120, 108, 16, 10.06%, 0, 26, 4, 1.78, 19585, 199
9941, 0, 59, 120, 108, 16, 10.06%, 0, 26, 4, 2.55, 19817, 199
9952, 0, 59, 120, 108, 16, 10.06%, 0, 26, 4, 0.99, 19965, 199
9963, 0, 59, 120, 108, 16, 10.06%, 0, 26, 4, 0.20, 20037, 199
9975, 0, 59, 120, 108, 16, 10.06%, 0, 26, 4, 0.40, 20277, 199
9986, 0, 59, 120, 108, 16, 10.06%, 0, 26, 4, 0.79, 20331, 199
9996, 0, 59, 120, 108, 16, 10.06%, 0, 26, 4, 1.09, 20371, 199
10006, 0, 59, 120, 108, 16, 10.06%, 0, 26, 4, 1.05, 20375, 199
10016, 0, 59, 120, 108, 16, 10.06%, 0, 26, 4, 0.20, 20377, 199
10026, 0, 59, 120, 108, 16, 10.06%, 0, 26, 4, 1.19, 20389, 199
10037, 0, 59, 120, 108, 16, 10.06%, 0, 26, 4, 2.45, 20432, 199
10047, 0, 59, 120, 108, 16, 10.06%, 0, 26, 4, 2.34, 20439, 199
10057, 0, 59, 120, 108, 16, 10.06%, 0, 26, 4, 0.40, 20443, 199
10067, 0, 11, 120, 106, 19, 10.06%, 0, 26, 4, 0.60, 20466, 199
10077, 0, 11, 120, 106, 19, 10.06%, 0, 26, 4, 0.57, 20468, 199
10087, 0, 11, 120, 106, 19, 10.06%, 0, 26, 4, 0.59, 20477, 199
10097, 0, 11, 120, 106, 19, 10.06%, 0, 26, 4, 0.57, 20480, 199
10107, 0, 11, 120, 106, 19, 10.06%, 0, 26, 4, 0.57, 20485, 199
10117, 0, 11, 120, 106, 19, 10.06%, 0, 26, 4, 0.55, 20487, 199
10127, 0, 11, 120, 106, 19, 10.06%, 0, 26, 4, 0.54, 20492, 199
10137, 0, 11, 120, 106, 19, 10.06%, 0, 26, 4, 0.56, 20501, 199
10147, 0, 11, 120, 106, 19, 10.06%, 0, 26, 4, 0.10, 20502, 199
10157, 0, 11, 120, 106, 19, 10.06%, 0, 26, 4, 0.11, 20505, 199
10167, 0, 11, 120, 106, 19, 10.06%, 0, 26, 4, 0.99, 20515, 199
10178, 0, 11, 120, 106, 19, 10.06%, 0, 26, 4, 0.98, 20523, 199
10188, 0, 11, 120, 106, 19, 10.06%, 0, 26, 4, 0.94, 20526, 199
10198, 0, 11, 120, 106, 19, 10.06%, 0, 26, 4, 0.95, 20537, 199
10208, 0, 11, 120, 106, 19, 10.06%, 0, 26, 4, 0.10, 20538, 199
10218, 0, 11, 120, 106, 19, 10.06%, 0, 26, 4, 1.29, 20551, 199
10228, 0, 11, 120, 106, 19, 10.06%, 0, 26, 4, 1.23, 20554, 199
10238, 0, 11, 120, 106, 19, 10.06%, 0, 26, 4, 0.10, 20555, 199
10248, 0, 11, 120, 106, 19, 10.06%, 0, 26, 4, 0.12, 20559, 199
10258, 0, 11, 120, 106, 19, 10.06%, 0, 26, 4, 0.13, 20562, 199
10268, 0, 11, 120, 106, 19, 10.06%, 0, 26, 4, 0.13, 20563, 199
10278, 0, 11, 120, 106, 19, 10.06%, 0, 26, 4, 0.13, 20564, 199
10288, 0, 11, 120, 106, 19, 10.06%, 0, 26, 4, 1.88, 20609, 199
10298, 0, 11, 120, 106, 19, 10.06%, 0, 26, 4, 1.94, 20638, 199
10308, 0, 11, 120, 106, 19, 10.06%, 0, 27, 4, 0.10, 20639, 199
10319, 0, 11, 120, 106, 19, 10.06%, 0, 27, 4, 1.29, 20675, 199
10329, 0, 11, 120, 106, 19, 10.06%, 0, 27, 4, 1.28, 20687, 199
10339, 0, 11, 120, 106, 19, 10.06%, 0, 27, 4, 0.20, 20689, 199
10349, 0, 11, 120, 106, 19, 10.06%, 0, 27, 4, 0.19, 20690, 199
10359, 0, 11, 120, 106, 19, 10.06%, 0, 27, 4, 0.19, 20691, 199
10369, 0, 11, 120, 106, 19, 10.06%, 0, 27, 4, 0.20, 20695, 199
10379, 0, 11, 120, 106, 19, 10.06%, 0, 27, 4, 0.21, 20698, 199
10389, 0, 45, 120, 105, 18, 10.06%, 0, 27, 4, 1.48, 20762, 199
10399, 0, 45, 120, 105, 18, 10.06%, 0, 27, 4, 0.20, 20764, 199
10409, 0, 45, 120, 105, 18, 10.06%, 0, 27, 4, 0.19, 20765, 199
10420, 0, 45, 120, 105, 18, 10.06%, 0, 27, 4, 0.19, 20767, 199
10430, 0, 45, 122, 107, 18, 10.06%, 0, 27, 4, 0.20, 20785, 199
10440, 0, 45, 122, 107, 18, 10.06%, 0, 27, 4, 0.23, 20792, 199
10450, 0, 45, 122, 107, 18, 10.06%, 0, 27, 4, 0.23, 20794, 199
10460, 0, 45, 122, 107, 18, 10.06%, 0, 27, 4, 0.23, 20796, 199
10470, 0, 45, 122, 107, 18, 10.06%, 0, 27, 4, 0.25, 20802, 199
10480, 0, 45, 122, 107, 18, 10.06%, 0, 27, 4, 0.25, 20805, 199
10490, 0, 45, 122, 107, 18, 10.06%, 0, 27, 4, 0.27, 20810, 199
10500, 0, 45, 122, 107, 18, 10.06%, 0, 27, 4, 0.26, 20812, 199
10510, 0, 45, 122, 107, 18, 10.06%, 0, 27, 4, 0.26, 20814, 199
10520, 0, 45, 122, 107, 18, 10.06%, 0, 27, 4, 0.27, 20819, 199
10530, 0, 45, 122, 107, 18, 10.06%, 0, 27, 4, 0.28, 20822, 199
10540, 0, 45, 122, 107, 18, 10.06%, 0, 27, 4, 0.27, 20823, 199
10550, 0, 45, 122, 107, 18, 10.06%, 0, 27, 4, 0.26, 20825, 199
10560, 0, 45, 122, 107, 18, 10.06%, 0, 27, 4, 0.25, 20826, 199
10570, 0, 45, 122, 107, 18, 10.06%, 0, 27, 4, 0.25, 20829, 199
10580, 0, 45, 122, 107, 18, 10.06%, 0, 27, 4, 0.30, 20839, 199
10590, 0, 45, 122, 107, 18, 10.06%, 0, 27, 4, 0.34, 20848, 199
10600, 0, 45, 122, 107, 18, 10.06%, 0, 27, 4, 0.35, 20853, 199
10610, 0, 45, 122, 107, 18, 10.06%, 0, 27, 4, 0.33, 20854, 199
10621, 0, 45, 122, 107, 18, 10.06%, 0, 27, 4, 1.68, 20871, 199
10631, 0, 45, 122, 107, 18, 10.06%, 0, 27, 4, 0.10, 20872, 199
10641, 0, 45, 122, 107, 18, 10.06%, 0, 27, 4, 1.29, 20885, 199
10651, 0, 45, 122, 107, 18, 10.06%, 0, 27, 4, 1.25, 20891, 199
10661, 0, 45, 122, 107, 18, 10.06%, 0, 27, 4, 1.19, 20894, 199
10671, 0, 45, 122, 107, 18, 10.06%, 0, 27, 4, 0.10, 20895, 199
10681, 0, 45, 122, 107, 18, 10.06%, 0, 27, 4, 0.11, 20898, 199
10691, 0, 45, 122, 107, 18, 10.06%, 0, 27, 4, 0.70, 20905, 199
10701, 0, 45, 122, 107, 18, 10.06%, 0, 27, 4, 0.10, 20906, 199
10711, 0, 45, 122, 107, 18, 10.06%, 0, 27, 4, 0.11, 20908, 199
10721, 0, 45, 122, 107, 18, 10.06%, 0, 27, 4, 0.12, 20912, 199
10731, 0, 45, 122, 107, 18, 10.06%, 0, 27, 4, 0.80, 20920, 199
10741, 0, 45, 122, 107, 18, 10.06%, 0, 27, 4, 0.78, 20925, 199
10751, 0, 45, 122, 107, 18, 10.06%, 0, 27, 4, 0.76, 20930, 199
10761, 0, 45, 122, 107, 18, 10.06%, 0, 27, 4, 0.74, 20934, 199
10771, 0, 45, 122, 107, 18, 10.06%, 0, 27, 4, 0.71, 20937, 199
10781, 0, 45, 122, 107, 18, 10.06%, 0, 27, 4, 0.69, 20941, 199
10791, 0, 45, 122, 107, 18, 10.06%, 0, 27, 4, 0.10, 20942, 199
10801, 0, 45, 122, 107, 18, 10.06%, 0, 27, 4, 0.79, 20950, 199
10811, 0, 45, 122, 107, 18, 10.06%, 0, 27, 4, 0.77, 20954, 199
10822, 0, 45, 123, 108, 18, 10.06%, 0, 27, 4, 0.85, 20975, 199
10832, 0, 45, 123, 108, 18, 10.06%, 0, 28, 4, 0.82, 20978, 199
10842, 0, 45, 123, 108, 18, 10.06%, 0, 28, 4, 0.78, 20981, 199
10852, 0, 45, 123, 108, 18, 10.06%, 0, 28, 4, 0.78, 20988, 199
10862, 0, 45, 123, 108, 18, 10.06%, 0, 28, 4, 0.77, 20995, 199
10872, 0, 45, 123, 108, 18, 10.06%, 0, 28, 4, 0.75, 20999, 199
10882, 0, 45, 124, 109, 18, 10.06%, 0, 28, 4, 0.20, 21022, 199
10892, 0, 45, 124, 109, 18, 10.06%, 0, 28, 4, 0.20, 21024, 199
10902, 0, 45, 124, 109, 18, 10.06%, 0, 28, 4, 0.22, 21029, 199
10912, 0, 45, 124, 109, 18, 10.06%, 0, 28, 4, 0.21, 21030, 199
10922, 0, 45, 124, 109, 18, 10.06%, 0, 28, 4, 0.24, 21037, 199
10932, 0, 45, 124, 109, 18, 10.06%, 0, 28, 4, 0.24, 21039, 199
10942, 0, 45, 124, 109, 18, 10.06%, 0, 28, 4, 0.24, 21042, 199
10952, 0, 45, 124, 109, 18, 10.06%, 0, 28, 4, 0.23, 21043, 199
10962, 0, 45, 124, 109, 18, 10.06%, 0, 28, 4, 0.23, 21044, 199
10972, 0, 45, 124, 109, 18, 10.06%, 0, 28, 4, 0.24, 21048, 199
10982, 0, 45, 124, 109, 18, 10.06%, 0, 28, 4, 0.23, 21050, 199
10992, 0, 45, 124, 109, 18, 10.06%, 0, 28, 4, 0.26, 21056, 199
11002, 0, 45, 124, 109, 18, 10.06%, 0, 28, 4, 0.25, 21057, 199
11012, 0, 45, 124, 109, 18, 10.06%, 0, 28, 4, 0.24, 21058, 199
11022, 0, 45, 124, 109, 18, 10.06%, 0, 28, 4, 0.24, 21061, 199
11032, 0, 45, 124, 109, 18, 10.06%, 0, 28, 4, 0.23, 21062, 199
11043, 0, 45, 124, 109, 18, 10.06%, 0, 28, 4, 0.26, 21068, 199
11053, 0, 45, 124, 109, 18, 10.06%, 0, 28, 4, 0.26, 21072, 199
11063, 0, 45, 124, 109, 18, 10.06%, 0, 28, 4, 2.17, 21094, 199
11073, 0, 45, 124, 109, 18, 10.06%, 0, 28, 4, 2.11, 21107, 199
11083, 0, 45, 124, 109, 18, 10.06%, 0, 28, 4, 0.20, 21109, 199
11093, 0, 45, 124, 109, 18, 10.06%, 0, 28, 4, 0.20, 21111, 199
11103, 0, 45, 124, 109, 18, 10.06%, 0, 28, 4, 0.20, 21113, 199
11113, 0, 45, 124, 109, 18, 10.06%, 0, 28, 4, 0.22, 21119, 199
11123, 0, 45, 124, 109, 18, 10.06%, 0, 28, 4, 0.22, 21121, 199
11133, 0, 45, 124, 109, 18, 10.06%, 0, 28, 4, 0.23, 21124, 199
11143, 0, 45, 124, 109, 18, 10.06%, 0, 28, 4, 0.24, 21129, 199
11153, 0, 45, 124, 109, 18, 10.06%, 0, 28, 4, 0.24, 21131, 199
11163, 0, 45, 124, 109, 18, 10.06%, 0, 28, 4, 0.25, 21135, 199
11173, 0, 45, 124, 109, 18, 10.06%, 0, 28, 4, 0.25, 21137, 199
11183, 0, 45, 124, 109, 18, 10.06%, 0, 28, 4, 0.25, 21139, 199
11193, 0, 45, 124, 109, 18, 10.06%, 0, 28, 4, 1.39, 21153, 199
11203, 0, 45, 124, 109, 18, 10.06%, 0, 28, 4, 1.35, 21161, 199
11213, 0, 45, 124, 109, 18, 10.06%, 0, 28, 4, 1.28, 21164, 199
11224, 0, 45, 126, 111, 18, 10.06%, 0, 28, 4, 0.30, 21190, 199
11234, 0, 45, 126, 111, 18, 10.06%, 0, 28, 4, 0.31, 21195, 199
11244, 0, 45, 126, 111, 18, 10.06%, 0, 28, 4, 0.32, 21200, 199
11254, 0, 45, 126, 111, 18, 10.06%, 0, 28, 4, 0.35, 21207, 199
11264, 0, 45, 126, 111, 18, 10.06%, 0, 28, 4, 0.34, 21209, 199
11274, 0, 45, 126, 111, 18, 10.06%, 0, 28, 4, 0.38, 21219, 199
11284, 0, 45, 126, 111, 18, 10.06%, 0, 28, 4, 0.36, 21220, 199
11294, 0, 45, 126, 111, 18, 10.06%, 0, 28, 4, 0.36, 21224, 199
11304, 0, 45, 126, 111, 18, 10.06%, 0, 28, 4, 0.35, 21225, 199
11314, 0, 45, 126, 111, 18, 10.06%, 0, 28, 4, 0.33, 21226, 199
11324, 0, 45, 126, 111, 18, 10.06%, 0, 28, 4, 0.32, 21227, 199
11334, 0, 45, 126, 111, 18, 10.06%, 0, 28, 4, 0.37, 21239, 199
11344, 0, 45, 126, 111, 18, 10.06%, 0, 28, 4, 0.38, 21244, 199
11354, 0, 45, 126, 111, 18, 10.06%, 0, 28, 4, 0.37, 21246, 199
11364, 0, 45, 126, 111, 18, 10.06%, 0, 28, 4, 0.36, 21249, 199
11374, 0, 45, 126, 111, 18, 10.06%, 0, 28, 4, 0.38, 21255, 199
11384, 0, 45, 126, 111, 18, 10.06%, 0, 28, 4, 0.38, 21259, 199
11394, 0, 45, 126, 111, 18, 10.06%, 0, 28, 4, 0.41, 21267, 199
11404, 0, 45, 126, 111, 18, 10.06%, 0, 28, 4, 0.41, 21271, 199
11414, 0, 45, 126, 111, 18, 10.06%, 0, 28, 4, 0.46, 21284, 199
11424, 0, 45, 126, 111, 18, 10.06%, 0, 28, 4, 0.46, 21289, 199
11434, 0, 45, 126, 111, 18, 10.06%, 0, 28, 4, 0.48, 21296, 199
11445, 0, 45, 126, 111, 18, 10.06%, 0, 28, 4, 0.48, 21301, 199
11455, 0, 45, 126, 111, 18, 10.06%, 0, 28, 4, 0.47, 21305, 199
11465, 0, 45, 126, 111, 18, 10.06%, 0, 28, 4, 0.45, 21306, 199
11475, 0, 45, 126, 111, 18, 10.06%, 0, 28, 4, 0.47, 21313, 199
11485, 0, 45, 126, 111, 18, 10.06%, 0, 28, 4, 0.46, 21316, 199
11495, 0, 45, 126, 111, 18, 10.06%, 0, 28, 4, 0.43, 21317, 199
11505, 0, 45, 126, 111, 18, 10.06%, 0, 28, 4, 0.52, 21336, 199
11515, 0, 45, 126, 111, 18, 10.06%, 0, 28, 4, 0.50, 21338, 199
11525, 0, 45, 126, 111, 18, 10.06%, 0, 28, 4, 0.62, 21362, 199
11535, 0, 45, 126, 111, 18, 10.06%, 0, 28, 4, 0.63, 21370, 199
11545, 0, 45, 126, 111, 18, 10.06%, 0, 28, 4, 0.62, 21375, 199
11555, 0, 45, 126, 111, 18, 10.06%, 0, 28, 4, 0.10, 21376, 199
11565, 0, 45, 126, 111, 18, 10.06%, 0, 28, 4, 0.11, 21378, 199
11575, 0, 45, 126, 111, 18, 10.06%, 0, 28, 4, 0.11, 21379, 199
11585, 0, 45, 126, 111, 18, 10.06%, 0, 28, 4, 0.12, 21383, 199
11595, 0, 45, 126, 111, 18, 10.06%, 0, 28, 4, 0.12, 21384, 199
11605, 0, 45, 126, 111, 18, 10.06%, 0, 28, 4, 0.13, 21386, 199
11615, 0, 45, 126, 111, 18, 10.06%, 0, 28, 4, 0.13, 21387, 199
11625, 0, 45, 126, 111, 18, 10.06%, 0, 28, 4, 0.16, 21393, 199
11635, 0, 45, 126, 111, 18, 10.06%, 0, 28, 4, 0.16, 21395, 199
11645, 0, 45, 126, 111, 18, 10.06%, 0, 28, 4, 0.17, 21399, 199
11655, 0, 45, 126, 111, 18, 10.06%, 0, 28, 4, 0.19, 21404, 199
11665, 0, 45, 126, 111, 18, 10.06%, 0, 28, 4, 0.19, 21406, 199
11675, 0, 45, 126, 111, 18, 10.06%, 0, 28, 4, 0.19, 21407, 199
11685, 0, 45, 126, 111, 18, 10.06%, 0, 28, 4, 0.20, 21411, 199
11695, 0, 45, 126, 111, 18, 10.06%, 0, 28, 4, 0.19, 21412, 199
11706, 0, 45, 126, 111, 18, 10.06%, 0, 28, 4, 0.19, 21413, 199
11716, 0, 45, 126, 111, 18, 10.06%, 0, 28, 4, 0.19, 21415, 199
11726, 0, 45, 126, 111, 18, 10.06%, 0, 28, 4, 0.20, 21419, 199
11736, 0, 45, 126, 111, 18, 10.06%, 0, 28, 4, 0.20, 21421, 199
11746, 0, 45, 126, 111, 18, 10.06%, 0, 28, 4, 0.20, 21423, 199
11756, 0, 45, 126, 111, 18, 10.06%, 0, 28, 4, 0.21, 21427, 199
11766, 0, 45, 126, 111, 18, 10.06%, 0, 28, 4, 0.23, 21432, 199
11776, 0, 45, 126, 111, 18, 10.06%, 0, 28, 4, 0.25, 21438, 199
11786, 0, 45, 126, 111, 18, 10.06%, 0, 28, 4, 0.26, 21441, 199
11796, 0, 45, 126, 111, 18, 10.06%, 0, 28, 4, 0.25, 21443, 199
11806, 0, 45, 126, 111, 18, 10.06%, 0, 28, 4, 0.29, 21452, 199
11816, 0, 45, 126, 111, 18, 10.06%, 0, 28, 4, 0.31, 21458, 199
11826, 0, 45, 126, 111, 18, 10.06%, 0, 28, 4, 0.31, 21461, 199
11836, 0, 45, 127, 112, 18, 10.06%, 0, 28, 4, 0.36, 21472, 199
11846, 0, 45, 127, 112, 18, 10.06%, 0, 28, 4, 0.37, 21477, 199
11856, 0, 45, 127, 112, 18, 10.06%, 0, 28, 4, 0.36, 21479, 199
11866, 0, 45, 127, 112, 18, 10.06%, 0, 28, 4, 0.30, 21499, 199
11877, 0, 45, 127, 112, 18, 10.06%, 0, 28, 4, 0.32, 21506, 199
11887, 0, 45, 127, 112, 18, 10.06%, 0, 28, 4, 0.35, 21513, 199
11897, 0, 45, 127, 112, 18, 10.06%, 0, 28, 4, 0.37, 21520, 199
11907, 0, 45, 127, 112, 18, 10.06%, 0, 28, 4, 0.38, 21525, 199
11917, 0, 45, 127, 112, 18, 10.06%, 0, 28, 4, 0.38, 21529, 199
11927, 0, 45, 127, 112, 18, 10.06%, 0, 28, 4, 0.36, 21530, 199
11937, 0, 45, 127, 112, 18, 10.06%, 0, 28, 4, 0.36, 21533, 199
11947, 0, 45, 127, 112, 18, 10.06%, 0, 28, 4, 0.38, 21541, 199
11957, 0, 45, 127, 112, 18, 10.06%, 0, 28, 4, 0.40, 21548, 199
11967, 0, 45, 127, 112, 18, 10.06%, 0, 28, 4, 0.38, 21549, 199
11977, 0, 45, 127, 112, 18, 10.06%, 0, 28, 4, 0.40, 21556, 199
11987, 0, 45, 127, 112, 18, 10.06%, 0, 28, 4, 0.39, 21558, 199
11997, 0, 45, 127, 112, 18, 10.06%, 0, 28, 4, 0.40, 21564, 199
12007, 0, 45, 127, 112, 18, 10.06%, 0, 28, 4, 0.38, 21565, 199
12017, 0, 45, 127, 112, 18, 10.06%, 0, 28, 4, 0.40, 21572, 199
12027, 0, 45, 127, 112, 18, 10.06%, 0, 28, 4, 0.38, 21573, 199
12038, 0, 45, 127, 112, 18, 10.06%, 0, 28, 4, 2.16, 21595, 199
12048, 0, 45, 127, 112, 18, 10.06%, 0, 28, 4, 0.20, 21597, 199
12058, 0, 45, 127, 112, 18, 10.06%, 0, 28, 4, 0.23, 21604, 199
12068, 0, 45, 127, 112, 18, 10.06%, 0, 28, 4, 0.24, 21608, 199
12078, 0, 45, 127, 112, 18, 10.06%, 0, 28, 4, 0.28, 21617, 199
12088, 0, 45, 127, 112, 18, 10.06%, 0, 28, 4, 0.30, 21622, 199
12098, 0, 45, 127, 112, 18, 10.06%, 0, 28, 4, 0.29, 21624, 199
12108, 0, 45, 127, 112, 18, 10.06%, 0, 28, 4, 0.30, 21629, 199
12118, 0, 45, 127, 112, 18, 10.06%, 0, 28, 4, 0.30, 21632, 199
12128, 0, 45, 127, 112, 18, 10.06%, 0, 28, 4, 0.31, 21636, 199
12138, 0, 45, 127, 112, 18, 10.06%, 0, 28, 4, 0.31, 21639, 199
12148, 0, 45, 127, 112, 18, 10.06%, 0, 28, 4, 0.33, 21645, 199
12158, 0, 45, 127, 112, 18, 10.06%, 0, 28, 4, 0.34, 21650, 199
12168, 0, 45, 127, 112, 18, 10.06%, 0, 28, 4, 0.40, 21663, 199
12178, 0, 45, 127, 112, 18, 10.06%, 0, 28, 4, 0.41, 21669, 199
12188, 0, 45, 127, 112, 18, 10.06%, 0, 28, 4, 0.40, 21671, 199
12198, 0, 45, 127, 112, 18, 10.06%, 0, 28, 4, 0.38, 21673, 199
12209, 0, 45, 127, 112, 18, 10.06%, 0, 28, 4, 0.48, 21692, 199
12219, 0, 45, 127, 112, 18, 10.06%, 0, 28, 4, 0.46, 21694, 199
12229, 0, 45, 127, 112, 18, 10.06%, 0, 28, 4, 0.44, 21695, 199
12239, 0, 45, 127, 112, 18, 10.06%, 0, 28, 4, 0.43, 21699, 199
12249, 0, 45, 127, 112, 18, 10.06%, 0, 28, 4, 0.41, 21700, 199
12259, 0, 45, 127, 112, 18, 10.06%, 0, 28, 4, 0.40, 21702, 199
12269, 0, 45, 127, 112, 18, 10.06%, 0, 28, 4, 0.38, 21703, 199
12279, 0, 45, 127, 112, 18, 10.06%, 0, 28, 4, 0.38, 21707, 199
12289, 0, 45, 127, 112, 18, 10.06%, 0, 28, 4, 0.36, 21708, 199
12299, 0, 45, 127, 112, 18, 10.06%, 0, 28, 4, 0.41, 21719, 199
12309, 0, 45, 127, 112, 18, 10.06%, 0, 28, 4, 0.45, 21730, 199
12319, 0, 45, 127, 112, 18, 10.06%, 0, 28, 4, 0.43, 21731, 199
12329, 0, 45, 127, 112, 18, 10.06%, 0, 28, 4, 0.46, 21740, 199
12339, 0, 45, 127, 112, 18, 10.06%, 0, 28, 4, 0.44, 21741, 199
12349, 0, 45, 127, 112, 18, 10.06%, 0, 28, 4, 0.43, 21744, 199
12359, 0, 45, 127, 112, 18, 10.06%, 0, 28, 4, 0.43, 21748, 199
12369, 0, 45, 127, 112, 18, 10.06%, 0, 28, 4, 0.42, 21752, 199
12379, 0, 45, 127, 112, 18, 10.06%, 0, 28, 4, 0.42, 21755, 199
12389, 0, 45, 127, 112, 18, 10.06%, 0, 28, 4, 0.42, 21759, 199
12399, 0, 45, 127, 112, 18, 10.06%, 0, 28, 4, 0.40, 21760, 199
12409, 0, 45, 127, 112, 18, 10.06%, 0, 28, 4, 0.40, 21764, 199
12419, 0, 45, 127, 112, 18, 10.06%, 0, 28, 4, 0.38, 21765, 199
12429, 0, 45, 127, 112, 18, 10.06%, 0, 28, 4, 0.39, 21770, 199
12440, 0, 45, 127, 112, 18, 10.06%, 0, 28, 4, 0.69, 21795, 199
12450, 0, 45, 127, 112, 18, 10.06%, 0, 28, 4, 0.69, 21801, 199
12460, 0, 45, 127, 112, 18, 10.06%, 0, 28, 4, 0.66, 21804, 199
12470, 0, 45, 127, 112, 18, 10.06%, 0, 28, 4, 0.65, 21808, 199
12480, 0, 45, 127, 112, 18, 10.06%, 0, 28, 4, 0.64, 21813, 199
12490, 0, 45, 127, 112, 18, 10.06%, 0, 28, 4, 0.65, 21822, 199
12500, 0, 45, 127, 112, 18, 10.06%, 0, 28, 4, 0.66, 21829, 199
12510, 0, 45, 127, 112, 18, 10.06%, 0, 28, 4, 0.10, 21830, 199
12520, 0, 45, 127, 112, 18, 10.06%, 0, 28, 4, 0.60, 21836, 199
12530, 0, 45, 127, 112, 18, 10.06%, 0, 28, 4, 0.10, 21837, 199
12540, 0, 45, 127, 112, 18, 10.06%, 0, 28, 4, 0.12, 21841, 199
12550, 0, 45, 127, 112, 18, 10.06%, 0, 28, 4, 0.13, 21844, 199
12560, 0, 45, 127, 112, 18, 10.06%, 0, 28, 4, 0.99, 21854, 199
12570, 0, 45, 127, 112, 18, 10.06%, 0, 28, 4, 0.97, 21860, 199
12580, 0, 45, 127, 112, 18, 10.06%, 0, 28, 4, 0.92, 21862, 199
12590, 0, 45, 127, 112, 18, 10.06%, 0, 28, 4, 0.10, 21863, 199
12600, 0, 45, 127, 112, 18, 10.06%, 0, 28, 4, 0.80, 21871, 199
12610, 0, 45, 127, 112, 18, 10.06%, 0, 28, 4, 0.81, 21881, 199
12620, 0, 45, 127, 112, 18, 10.06%, 0, 28, 4, 0.78, 21884, 199
12630, 0, 45, 127, 112, 18, 10.06%, 0, 28, 4, 0.77, 21890, 199
12640, 0, 45, 127, 112, 18, 10.06%, 0, 28, 4, 0.10, 21891, 199
12650, 0, 45, 127, 112, 18, 10.06%, 0, 28, 4, 0.12, 21895, 199
12660, 0, 45, 127, 112, 18, 10.06%, 0, 28, 4, 0.12, 21896, 199
12671, 0, 45, 127, 112, 18, 10.06%, 0, 28, 4, 1.48, 21911, 199
12681, 0, 45, 127, 112, 18, 10.06%, 0, 28, 4, 0.20, 21913, 199
12691, 0, 45, 127, 112, 18, 10.06%, 0, 28, 4, 0.24, 21922, 199
12701, 0, 45, 127, 112, 18, 10.06%, 0, 28, 4, 0.26, 21927, 199
12711, 0, 45, 127, 112, 18, 10.06%, 0, 28, 4, 0.31, 21938, 199
12721, 0, 45, 127, 112, 18, 10.06%, 0, 28, 4, 0.36, 21949, 199
12731, 0, 45, 127, 112, 18, 10.06%, 0, 28, 4, 0.34, 21950, 199
12741, 0, 45, 127, 112, 18, 10.06%, 0, 28, 4, 0.36, 21956, 199
12751, 0, 45, 127, 112, 18, 10.06%, 0, 28, 4, 0.36, 21960, 199
12761, 0, 45, 127, 112, 18, 10.06%, 0, 28, 4, 0.36, 21963, 199
12771, 0, 45, 127, 112, 18, 10.06%, 0, 28, 4, 0.34, 21964, 199
12781, 0, 45, 127, 112, 18, 10.06%, 0, 28, 4, 0.34, 21967, 199
12791, 0, 45, 127, 112, 18, 10.06%, 0, 28, 4, 0.34, 21970, 199
12801, 0, 45, 127, 112, 18, 10.06%, 0, 28, 4, 0.33, 21972, 199
12811, 0, 45, 127, 112, 18, 10.06%, 0, 28, 4, 0.33, 21976, 199
12821, 0, 45, 127, 112, 18, 10.06%, 0, 28, 4, 0.32, 21978, 199
12831, 0, 45, 127, 112, 18, 10.06%, 0, 28, 4, 0.32, 21980, 199
12841, 0, 45, 127, 112, 18, 10.06%, 0, 28, 4, 0.32, 21984, 199
12852, 0, 45, 127, 112, 18, 10.06%, 0, 28, 4, 0.38, 21996, 199
12862, 0, 45, 127, 112, 18, 10.06%, 0, 28, 4, 0.36, 21997, 199
12872, 0, 45, 127, 112, 18, 10.06%, 0, 28, 4, 0.35, 22000, 199
12882, 0, 45, 127, 112, 18, 10.06%, 0, 28, 4, 0.34, 22001, 199
12892, 0, 45, 127, 112, 18, 10.06%, 0, 28, 4, 0.33, 22003, 199
12902, 0, 45, 127, 112, 18, 10.06%, 0, 28, 4, 0.32, 22004, 199
12912, 0, 45, 128, 113, 18, 10.06%, 0, 28, 4, 1.97, 22024, 199
12922, 0, 45, 128, 113, 18, 10.06%, 0, 28, 4, 1.92, 22036, 199
12932, 0, 45, 128, 113, 18, 10.06%, 0, 28, 4, 1.84, 22043, 199
12942, 0, 45, 128, 113, 18, 10.06%, 0, 28, 4, 1.78, 22051, 199
12952, 0, 45, 128, 113, 18, 10.06%, 0, 28, 4, 1.72, 22060, 199
12962, 0, 45, 128, 113, 18, 10.06%, 0, 28, 4, 1.64, 22064, 199
12972, 0, 45, 128, 113, 18, 10.06%, 0, 28, 4, 0.20, 22066, 199
12982, 0, 45, 128, 113, 18, 10.06%, 0, 28, 4, 0.19, 22067, 199
12992, 0, 45, 128, 113, 18, 10.06%, 0, 28, 4, 0.40, 22094, 199
13002, 0, 45, 128, 113, 18, 10.06%, 0, 28, 4, 0.40, 22098, 199
13013, 0, 45, 128, 113, 18, 10.06%, 0, 28, 4, 0.38, 22099, 199
13023, 0, 45, 128, 113, 18, 10.06%, 0, 28, 4, 0.36, 22100, 199
13033, 0, 45, 128, 113, 18, 10.06%, 0, 28, 4, 0.42, 22113, 199
13043, 0, 45, 128, 113, 18, 10.06%, 0, 28, 4, 0.41, 22116, 199
13053, 0, 45, 128, 113, 18, 10.06%, 0, 28, 4, 0.39, 22117, 199
13063, 0, 45, 128, 113, 18, 10.06%, 0, 28, 4, 0.38, 22119, 199
13073, 0, 45, 128, 113, 18, 10.06%, 0, 28, 4, 0.36, 22120, 199
13083, 0, 45, 128, 113, 18, 10.06%, 0, 28, 4, 0.35, 22122, 199
13093, 0, 45, 128, 113, 18, 10.06%, 0, 28, 4, 0.34, 22123, 199
13103, 0, 45, 128, 113, 18, 10.06%, 0, 28, 4, 0.37, 22132, 199
13113, 0, 45, 128, 113, 18, 10.06%, 0, 28, 4, 0.42, 22144, 199
13123, 0, 45, 128, 113, 18, 10.06%, 0, 28, 4, 0.41, 22146, 199
13133, 0, 45, 128, 113, 18, 10.06%, 0, 28, 4, 0.41, 22150, 199
13143, 0, 45, 128, 113, 18, 10.06%, 0, 28, 4, 0.40, 22152, 199
13153, 0, 45, 128, 113, 18, 10.06%, 0, 28, 4, 0.41, 22158, 199
13163, 0, 45, 128, 113, 18, 10.06%, 0, 28, 4, 0.41, 22162, 199
13173, 0, 45, 128, 113, 18, 10.06%, 0, 28, 4, 0.40, 22165, 199
13183, 0, 45, 128, 113, 18, 10.06%, 0, 28, 4, 0.44, 22175, 199
13193, 0, 45, 128, 113, 18, 10.06%, 0, 28, 4, 0.42, 22176, 199
13203, 0, 45, 128, 113, 18, 10.06%, 0, 28, 4, 0.40, 22178, 199
13213, 0, 45, 128, 113, 18, 10.06%, 0, 28, 4, 0.40, 22181, 199
13223, 0, 45, 128, 113, 18, 10.06%, 0, 28, 4, 0.40, 22186, 199
13233, 0, 45, 128, 113, 18, 10.06%, 0, 28, 4, 0.40, 22190, 199
13243, 0, 45, 128, 113, 18, 10.06%, 0, 28, 4, 0.46, 22203, 199
13254, 0, 45, 128, 113, 18, 10.06%, 0, 28, 4, 0.46, 22208, 199
13264, 0, 45, 128, 113, 18, 10.06%, 0, 28, 4, 0.46, 22213, 199
13274, 0, 45, 128, 113, 18, 10.06%, 0, 28, 4, 0.46, 22217, 199
13284, 0, 45, 128, 113, 18, 10.06%, 0, 28, 4, 0.44, 22219, 199
13294, 0, 45, 128, 113, 18, 10.06%, 0, 28, 4, 0.46, 22227, 199
13304, 0, 45, 128, 113, 18, 10.06%, 0, 28, 4, 0.44, 22228, 199
13314, 0, 45, 128, 113, 18, 10.06%, 0, 28, 4, 0.45, 22234, 199
13324, 0, 45, 128, 113, 18, 10.06%, 0, 28, 4, 0.43, 22235, 199
13334, 0, 45, 128, 113, 18, 10.06%, 0, 28, 4, 0.44, 22241, 199
13344, 0, 45, 128, 113, 18, 10.06%, 0, 28, 4, 0.42, 22243, 199
13354, 0, 45, 128, 113, 18, 10.06%, 0, 28, 4, 0.47, 22254, 199
13364, 0, 45, 128, 113, 18, 10.06%, 0, 28, 4, 0.45, 22256, 199
13374, 0, 45, 128, 113, 18, 10.06%, 0, 28, 4, 0.45, 22260, 199
13384, 0, 45, 128, 113, 18, 10.06%, 0, 28, 4, 0.44, 22263, 199
13394, 0, 45, 128, 113, 18, 10.06%, 0, 28, 4, 0.42, 22264, 199
13404, 0, 45, 128, 113, 18, 10.06%, 0, 28, 4, 0.40, 22265, 199
13414, 0, 45, 128, 113, 18, 10.06%, 0, 28, 4, 0.39, 22268, 199
13424, 0, 45, 128, 113, 18, 10.06%, 0, 28, 4, 0.37, 22269, 199
13434, 0, 45, 128, 113, 18, 10.06%, 0, 28, 4, 0.37, 22272, 199
13444, 0, 45, 128, 113, 18, 10.06%, 0, 28, 4, 0.35, 22273, 199
13454, 0, 45, 128, 113, 18, 10.06%, 0, 28, 4, 0.35, 22276, 199
13464, 0, 45, 128, 113, 18, 10.06%, 0, 28, 4, 0.34, 22279, 199
13474, 0, 45, 128, 113, 18, 10.06%, 0, 28, 4, 0.35, 22284, 199
13484, 0, 45, 128, 113, 18, 10.06%, 0, 28, 4, 0.36, 22289, 199
13494, 0, 45, 128, 113, 18, 10.06%, 0, 28, 4, 0.35, 22290, 199
13504, 0, 45, 128, 113, 18, 10.06%, 0, 28, 4, 0.33, 22291, 199
13514, 0, 45, 128, 113, 18, 10.06%, 0, 28, 4, 0.32, 22292, 199
13524, 0, 45, 128, 113, 18, 10.06%, 0, 28, 4, 0.34, 22299, 199
13535, 0, 45, 128, 113, 18, 10.06%, 0, 28, 4, 0.35, 22304, 199
13545, 0, 45, 128, 113, 18, 10.06%, 0, 28, 4, 0.35, 22308, 199
13555, 0, 45, 128, 113, 18, 10.06%, 0, 28, 4, 0.36, 22312, 199
13565, 0, 45, 128, 113, 18, 10.06%, 0, 28, 4, 0.38, 22319, 199
13575, 0, 45, 128, 113, 18, 10.06%, 0, 28, 4, 0.37, 22321, 199
13585, 0, 45, 128, 113, 18, 10.06%, 0, 28, 4, 0.41, 22331, 199
13595, 0, 45, 128, 113, 18, 10.06%, 0, 28, 4, 0.44, 22340, 199
13605, 0, 45, 128, 113, 18, 10.06%, 0, 28, 4, 0.42, 22342, 199
13615, 0, 45, 128, 113, 18, 10.06%, 0, 28, 4, 0.46, 22353, 199
13625, 0, 45, 128, 113, 18, 10.06%, 0, 28, 4, 0.45, 22355, 199
13635, 0, 45, 128, 113, 18, 10.06%, 0, 28, 4, 0.47, 22363, 199
13645, 0, 45, 128, 113, 18, 10.06%, 0, 28, 4, 0.46, 22367, 199
13655, 0, 45, 128, 113, 18, 10.06%, 0, 28, 4, 0.46, 22371, 199
13665, 0, 45, 128, 113, 18, 10.06%, 0, 28, 4, 0.51, 22384, 199
13675, 0, 45, 128, 113, 18, 10.06%, 0, 28, 4, 0.50, 22388, 199
13685, 0, 45, 128, 113, 18, 10.06%, 0, 28, 4, 0.50, 22393, 199
13695, 0, 45, 128, 113, 18, 10.06%, 0, 28, 4, 0.49, 22395, 199
13705, 0, 45, 128, 113, 18, 10.06%, 0, 28, 4, 0.47, 22398, 199
13715, 0, 45, 128, 113, 18, 10.06%, 0, 28, 4, 0.45, 22399, 199
13725, 0, 45, 128, 113, 18, 10.06%, 0, 28, 4, 0.43, 22401, 199
13735, 0, 45, 128, 113, 18, 10.06%, 0, 28, 4, 0.44, 22407, 199
13745, 0, 45, 128, 113, 18, 10.06%, 0, 28, 4, 0.42, 22408, 199
13755, 0, 45, 128, 113, 18, 10.06%, 0, 28, 4, 0.40, 22409, 199
13765, 0, 45, 128, 113, 18, 10.06%, 0, 28, 4, 0.40, 22413, 199
13776, 0, 45, 128, 113, 18, 10.06%, 0, 28, 4, 0.48, 22430, 199
13786, 0, 45, 128, 113, 18, 10.06%, 0, 28, 4, 0.46, 22432, 199
13796, 0, 45, 128, 113, 18, 10.06%, 0, 28, 4, 0.45, 22434, 199
13806, 0, 45, 128, 113, 18, 10.06%, 0, 28, 4, 0.46, 22440, 199
13816, 0, 45, 128, 113, 18, 10.06%, 0, 28, 4, 0.47, 22446, 199
13826, 0, 45, 128, 113, 18, 10.06%, 0, 28, 4, 0.45, 22448, 199
13836, 0, 45, 128, 113, 18, 10.06%, 0, 28, 4, 0.43, 22449, 199
13846, 0, 45, 128, 113, 18, 10.06%, 0, 28, 4, 0.43, 22453, 199
13856, 0, 45, 128, 113, 18, 10.06%, 0, 28, 4, 0.43, 22458, 199
13866, 0, 45, 128, 113, 18, 10.06%, 0, 28, 4, 0.47, 22468, 199
13876, 0, 45, 128, 113, 18, 10.06%, 0, 28, 4, 0.52, 22481, 199
13886, 0, 45, 128, 113, 18, 10.06%, 0, 28, 4, 0.55, 22492, 199
13896, 0, 45, 128, 113, 18, 10.06%, 0, 28, 4, 0.53, 22494, 199
13906, 0, 45, 128, 113, 18, 10.06%, 0, 28, 4, 0.55, 22502, 199
13916, 0, 45, 128, 113, 18, 10.06%, 0, 28, 4, 0.20, 22522, 199
13927, 0, 45, 128, 113, 18, 10.06%, 0, 28, 4, 0.20, 22524, 199
13937, 0, 45, 128, 113, 18, 10.06%, 0, 28, 4, 0.21, 22527, 199
13947, 0, 45, 128, 113, 18, 10.06%, 0, 28, 4, 0.25, 22536, 199
13957, 0, 45, 128, 113, 18, 10.06%, 0, 28, 4, 0.27, 22542, 199
13967, 0, 45, 128, 113, 18, 10.06%, 0, 28, 4, 0.27, 22545, 199
13977, 0, 45, 128, 113, 18, 10.06%, 0, 28, 4, 0.26, 22546, 199
13987, 0, 45, 128, 113, 18, 10.06%, 0, 28, 4, 0.26, 22548, 199
13997, 0, 45, 128, 113, 18, 10.06%, 0, 28, 4, 0.26, 22551, 199
14007, 0, 45, 129, 114, 18, 10.06%, 0, 28, 4, 1.67, 22568, 199
14017, 0, 45, 129, 114, 18, 10.06%, 0, 28, 4, 0.10, 22569, 199
14027, 0, 45, 129, 114, 18, 10.06%, 0, 28, 4, 0.79, 22577, 199
14037, 0, 45, 129, 114, 18, 10.06%, 0, 28, 4, 0.81, 22587, 199
14047, 0, 45, 129, 114, 18, 10.06%, 0, 28, 4, 0.77, 22589, 199
14057, 0, 45, 129, 114, 18, 10.06%, 0, 28, 4, 0.74, 22592, 199
14067, 0, 45, 129, 114, 18, 10.06%, 0, 28, 4, 0.73, 22598, 199
14077, 0, 45, 129, 114, 18, 10.06%, 0, 28, 4, 0.70, 22601, 199
14087, 0, 45, 129, 114, 18, 10.06%, 0, 28, 4, 0.73, 22613, 199
14097, 0, 45, 129, 114, 18, 10.06%, 0, 28, 4, 0.10, 22614, 199
14107, 0, 45, 129, 114, 18, 10.06%, 0, 28, 4, 0.11, 22616, 199
14118, 0, 45, 129, 114, 18, 10.06%, 0, 28, 4, 0.11, 22618, 199
14128, 0, 45, 129, 114, 18, 10.06%, 0, 28, 4, 0.70, 22625, 199
14138, 0, 45, 129, 114, 18, 10.06%, 0, 28, 4, 0.68, 22630, 199
14148, 0, 45, 129, 114, 18, 10.06%, 0, 28, 4, 0.73, 22644, 199
14158, 0, 45, 129, 114, 18, 10.06%, 0, 28, 4, 0.73, 22651, 199
14168, 0, 45, 129, 114, 18, 10.06%, 0, 28, 4, 0.70, 22654, 199
14178, 0, 45, 129, 114, 18, 10.06%, 0, 28, 4, 0.67, 22657, 199
14188, 0, 45, 129, 114, 18, 10.06%, 0, 28, 4, 0.68, 22664, 199
14198, 0, 45, 129, 114, 18, 10.06%, 0, 28, 4, 0.10, 22665, 199
14208, 0, 45, 129, 114, 18, 10.06%, 0, 28, 4, 0.60, 22671, 199
14218, 0, 45, 129, 114, 18, 10.06%, 0, 28, 4, 0.57, 22673, 199
14228, 0, 45, 129, 114, 18, 10.06%, 0, 28, 4, 0.57, 22678, 199
14238, 0, 45, 129, 114, 18, 10.06%, 0, 28, 4, 0.56, 22682, 199
14248, 0, 45, 129, 114, 18, 10.06%, 0, 28, 4, 0.55, 22686, 199
14258, 0, 45, 129, 114, 18, 10.06%, 0, 28, 4, 0.10, 22687, 199
14268, 0, 45, 129, 114, 18, 10.06%, 0, 28, 4, 0.12, 22691, 199
14278, 0, 45, 129, 114, 18, 10.06%, 0, 28, 4, 0.13, 22694, 199
14288, 0, 45, 129, 114, 18, 10.06%, 0, 28, 4, 1.58, 22710, 199
14298, 0, 45, 129, 114, 18, 10.06%, 0, 28, 4, 1.56, 22723, 199
14308, 0, 45, 129, 114, 18, 10.06%, 0, 28, 4, 0.10, 22724, 199
14319, 0, 45, 129, 114, 18, 10.06%, 0, 28, 4, 0.99, 22734, 199
14329, 0, 45, 129, 114, 18, 10.06%, 0, 28, 4, 0.95, 22738, 199
14339, 0, 45, 129, 114, 18, 10.06%, 0, 28, 4, 0.93, 22744, 199
14349, 0, 45, 129, 114, 18, 10.06%, 0, 28, 4, 0.90, 22748, 199
14359, 0, 45, 129, 114, 18, 10.06%, 0, 28, 4, 0.85, 22750, 199
14369, 0, 45, 129, 114, 18, 10.06%, 0, 28, 4, 0.84, 22757, 199
14379, 0, 45, 129, 114, 18, 10.06%, 0, 28, 4, 0.81, 22760, 199
14389, 0, 45, 129, 114, 18, 10.06%, 0, 28, 4, 0.78, 22763, 199
14399, 0, 45, 129, 114, 18, 10.06%, 0, 28, 4, 0.80, 22775, 199
14409, 0, 45, 129, 114, 18, 10.06%, 0, 28, 4, 0.77, 22777, 199
14419, 0, 45, 129, 114, 18, 10.06%, 0, 28, 4, 0.80, 22790, 199
14429, 0, 45, 129, 114, 18, 10.06%, 0, 28, 4, 0.83, 22803, 199
14439, 0, 45, 129, 114, 18, 10.06%, 0, 28, 4, 0.10, 22804, 199
14449, 0, 45, 129, 114, 18, 10.06%, 0, 28, 4, 0.70, 22811, 199
14459, 0, 45, 129, 114, 18, 10.06%, 0, 28, 4, 0.70, 22818, 199
14469, 0, 45, 129, 114, 18, 10.06%, 0, 28, 4, 0.10, 22819, 199
14479, 0, 45, 129, 114, 18, 10.06%, 0, 28, 4, 0.10, 22820, 199
14489, 0, 45, 129, 114, 18, 10.06%, 0, 28, 4, 0.11, 22823, 199
14499, 0, 45, 129, 114, 18, 10.06%, 0, 28, 4, 0.12, 22825, 199
14509, 0, 45, 129, 114, 18, 10.06%, 0, 28, 4, 0.13, 22828, 199
14520, 0, 45, 129, 114, 18, 10.06%, 0, 28, 4, 0.80, 22836, 199
14530, 0, 45, 129, 114, 18, 10.06%, 0, 28, 4, 0.78, 22841, 199
14540, 0, 45, 129, 114, 18, 10.06%, 0, 28, 4, 0.75, 22845, 199
14550, 0, 45, 129, 114, 18, 10.06%, 0, 28, 4, 0.74, 22850, 199
14560, 0, 45, 129, 114, 18, 10.06%, 0, 28, 4, 0.73, 22856, 199
14570, 0, 45, 129, 114, 18, 10.06%, 0, 28, 4, 0.72, 22862, 199
14580, 0, 45, 129, 114, 18, 10.06%, 0, 28, 4, 0.76, 22876, 199
14590, 0, 45, 129, 114, 18, 10.06%, 0, 28, 4, 0.75, 22882, 199
14600, 0, 45, 129, 114, 18, 10.06%, 0, 28, 4, 0.74, 22888, 199
14610, 0, 45, 129, 114, 18, 10.06%, 0, 28, 4, 0.74, 22895, 199
14620, 0, 45, 129, 114, 18, 10.06%, 0, 28, 4, 0.71, 22898, 199
14630, 0, 45, 129, 114, 18, 10.06%, 0, 28, 4, 0.76, 22913, 199
14640, 0, 45, 129, 114, 18, 10.06%, 0, 28, 4, 0.77, 22923, 199
14650, 0, 45, 129, 114, 18, 10.06%, 0, 28, 4, 0.74, 22926, 199
14660, 0, 45, 129, 114, 18, 10.06%, 0, 28, 4, 0.71, 22928, 199
14670, 0, 45, 129, 114, 18, 10.06%, 0, 28, 4, 0.10, 22929, 199
14680, 0, 45, 129, 114, 18, 10.06%, 0, 28, 4, 0.10, 22930, 199
14690, 0, 45, 129, 114, 18, 10.06%, 0, 28, 4, 0.12, 22935, 199
14700, 0, 45, 129, 114, 18, 10.06%, 0, 28, 4, 0.14, 22938, 199
14710, 0, 45, 129, 114, 18, 10.06%, 0, 28, 4, 0.15, 22942, 199
14720, 0, 45, 129, 114, 18, 10.06%, 0, 28, 4, 0.17, 22947, 199
14730, 0, 45, 129, 114, 18, 10.06%, 0, 28, 4, 0.18, 22950, 199
14741, 0, 45, 129, 114, 18, 10.06%, 0, 28, 4, 1.09, 22961, 199
14751, 0, 45, 129, 114, 18, 10.06%, 0, 28, 4, 1.05, 22966, 199
14761, 0, 45, 129, 114, 18, 10.06%, 0, 28, 4, 0.20, 22968, 199
14771, 0, 45, 129, 114, 18, 10.06%, 0, 28, 4, 0.23, 22975, 199
14781, 0, 45, 129, 114, 18, 10.06%, 0, 28, 4, 0.28, 22985, 199
14791, 0, 45, 129, 114, 18, 10.06%, 0, 28, 4, 0.28, 22988, 199
14801, 0, 45, 129, 114, 18, 10.06%, 0, 28, 4, 0.27, 22990, 199
14811, 0, 45, 129, 114, 18, 10.06%, 0, 28, 4, 0.27, 22992, 199
14821, 0, 45, 129, 114, 18, 10.06%, 0, 28, 4, 0.31, 23002, 199
14831, 0, 45, 129, 114, 18, 10.06%, 0, 28, 4, 0.31, 23005, 199
14841, 0, 45, 129, 114, 18, 10.06%, 0, 28, 4, 0.32, 23010, 199
14851, 0, 45, 129, 114, 18, 10.06%, 0, 28, 4, 0.32, 23013, 199
14861, 0, 45, 129, 114, 18, 10.06%, 0, 28, 4, 0.33, 23018, 199
14871, 0, 45, 129, 114, 18, 10.06%, 0, 28, 4, 0.36, 23026, 199
14881, 0, 45, 129, 114, 18, 10.06%, 0, 28, 4, 0.35, 23028, 199
14891, 0, 45, 129, 114, 18, 10.06%, 0, 28, 4, 0.35, 23031, 199
14901, 0, 45, 129, 114, 18, 10.06%, 0, 28, 4, 0.35, 23035, 199
14911, 0, 45, 129, 114, 18, 10.06%, 0, 28, 4, 0.37, 23041, 199
14921, 0, 45, 129, 114, 18, 10.06%, 0, 28, 4, 0.36, 23044, 199
14931, 0, 45, 129, 114, 18, 10.06%, 0, 28, 4, 0.36, 23047, 199
14941, 0, 45, 129, 114, 18, 10.06%, 0, 28, 4, 0.34, 23048, 199
14952, 0, 45, 129, 114, 18, 10.06%, 0, 28, 4, 0.39, 23059, 199
14962, 0, 45, 129, 114, 18, 10.06%, 0, 28, 4, 0.37, 23060, 199
14972, 0, 45, 129, 114, 18, 10.06%, 0, 28, 4, 0.35, 23061, 199
14982, 0, 45, 129, 114, 18, 10.06%, 0, 28, 4, 0.39, 23071, 199
14992, 0, 45, 129, 114, 18, 10.06%, 0, 28, 4, 0.41, 23077, 199
15002, 0, 45, 129, 114, 18, 10.06%, 0, 28, 4, 0.43, 23085, 199
15012, 0, 45, 129, 114, 18, 10.06%, 0, 28, 4, 0.42, 23088, 199
15022, 0, 45, 129, 114, 18, 10.06%, 0, 28, 4, 0.41, 23090, 199
15032, 0, 45, 129, 114, 18, 10.06%, 0, 28, 4, 0.39, 23091, 199
15042, 0, 45, 129, 114, 18, 10.06%, 0, 28, 4, 0.39, 23095, 199
15052, 0, 45, 129, 114, 18, 10.06%, 0, 28, 4, 0.37, 23096, 199
15062, 0, 45, 129, 114, 18, 10.06%, 0, 28, 4, 0.39, 23103, 199
15072, 0, 45, 129, 114, 18, 10.06%, 0, 28, 4, 0.38, 23105, 199
15082, 0, 45, 129, 114, 18, 10.06%, 0, 28, 4, 0.38, 23109, 199
15092, 0, 45, 129, 114, 18, 10.06%, 0, 28, 4, 0.39, 23114, 199
15102, 0, 45, 129, 114, 18, 10.06%, 0, 28, 4, 0.38, 23117, 199
15112, 0, 45, 129, 114, 18, 10.06%, 0, 28, 4, 0.37, 23118, 199
15122, 0, 45, 129, 114, 18, 10.06%, 0, 28, 4, 0.41, 23129, 199
15132, 0, 45, 129, 114, 18, 10.06%, 0, 28, 4, 0.40, 23132, 199
15142, 0, 45, 129, 114, 18, 10.06%, 0, 28, 4, 0.38, 23133, 199
15152, 0, 45, 129, 114, 18, 10.06%, 0, 28, 4, 0.40, 23139, 199
15162, 0, 45, 129, 114, 18, 10.06%, 0, 28, 4, 0.39, 23142, 199
15172, 0, 45, 129, 114, 18, 10.06%, 0, 28, 4, 0.39, 23145, 199
15182, 0, 45, 129, 114, 18, 10.06%, 0, 28, 4, 0.39, 23149, 199
15192, 0, 45, 129, 114, 18, 10.06%, 0, 28, 4, 0.37, 23150, 199
15202, 0, 45, 129, 114, 18, 10.06%, 0, 28, 4, 0.36, 23153, 199
15213, 0, 45, 129, 114, 18, 10.06%, 0, 28, 4, 0.37, 23158, 199
15223, 0, 45, 129, 114, 18, 10.06%, 0, 28, 4, 0.40, 23166, 199
15233, 0, 45, 129, 114, 18, 10.06%, 0, 28, 4, 0.40, 23170, 199
15243, 0, 45, 129, 114, 18, 10.06%, 0, 28, 4, 0.38, 23171, 199
15253, 0, 45, 129, 114, 18, 10.06%, 0, 28, 4, 0.36, 23172, 199
15263, 0, 45, 129, 114, 18, 10.06%, 0, 28, 4, 0.38, 23178, 199
15273, 0, 45, 129, 114, 18, 10.06%, 0, 28, 4, 0.37, 23180, 199
15283, 0, 45, 129, 114, 18, 10.06%, 0, 28, 4, 0.40, 23189, 199
15293, 0, 45, 129, 114, 18, 10.06%, 0, 28, 4, 0.38, 23190, 199
15303, 0, 45, 129, 114, 18, 10.06%, 0, 28, 4, 0.41, 23199, 199
15313, 0, 45, 129, 114, 18, 10.06%, 0, 28, 4, 0.41, 23203, 199
15323, 0, 45, 129, 114, 18, 10.06%, 0, 28, 4, 0.41, 23207, 199
15333, 0, 45, 129, 114, 18, 10.06%, 0, 28, 4, 0.45, 23217, 199
15343, 0, 45, 129, 114, 18, 10.06%, 0, 28, 4, 0.44, 23220, 199
15353, 0, 45, 129, 114, 18, 10.06%, 0, 28, 4, 0.44, 23225, 199
15363, 0, 45, 129, 114, 18, 10.06%, 0, 28, 4, 0.44, 23229, 199
15373, 0, 45, 129, 114, 18, 10.06%, 0, 28, 4, 0.42, 23231, 199
15383, 0, 45, 129, 114, 18, 10.06%, 0, 28, 4, 0.51, 23250, 199
15393, 0, 45, 129, 114, 18, 10.06%, 0, 28, 4, 0.53, 23257, 199
15404, 0, 45, 129, 114, 18, 10.06%, 0, 28, 4, 0.51, 23260, 199
15414, 0, 45, 129, 114, 18, 10.06%, 0, 28, 4, 0.51, 23265, 199
15424, 0, 45, 129, 114, 18, 10.06%, 0, 28, 4, 0.49, 23267, 199
15434, 0, 45, 129, 114, 18, 10.06%, 0, 28, 4, 0.49, 23271, 199
15444, 0, 45, 129, 114, 18, 10.06%, 0, 28, 4, 0.50, 23279, 199
15454, 0, 45, 129, 114, 18, 10.06%, 0, 28, 4, 0.49, 23281, 199
15464, 0, 45, 129, 114, 18, 10.06%, 0, 28, 4, 0.50, 23289, 199
15474, 0, 45, 129, 114, 18, 10.06%, 0, 28, 4, 0.50, 23293, 199
15484, 0, 45, 129, 114, 18, 10.06%, 0, 28, 4, 0.48, 23295, 199
15494, 0, 45, 129, 114, 18, 10.06%, 0, 28, 4, 0.46, 23296, 199
15504, 0, 45, 129, 114, 18, 10.06%, 0, 28, 4, 0.57, 23319, 199
15514, 0, 45, 129, 114, 18, 10.06%, 0, 28, 4, 0.10, 23320, 199
15524, 0, 45, 129, 114, 18, 10.06%, 0, 28, 4, 0.12, 23325, 199
15534, 0, 45, 129, 114, 18, 10.06%, 0, 28, 4, 0.14, 23328, 199
15544, 0, 45, 129, 114, 18, 10.06%, 0, 28, 4, 0.16, 23333, 199
15554, 0, 45, 129, 114, 18, 10.06%, 0, 28, 4, 0.17, 23336, 199
15564, 0, 45, 129, 114, 18, 10.06%, 0, 28, 4, 0.20, 23343, 199
15574, 0, 45, 129, 114, 18, 10.06%, 0, 28, 4, 0.23, 23349, 199
15584, 0, 45, 129, 114, 18, 10.06%, 0, 28, 4, 0.27, 23359, 199
15594, 0, 45, 129, 114, 18, 10.06%, 0, 28, 4, 0.27, 23361, 199
15604, 0, 45, 129, 114, 18, 10.06%, 0, 28, 4, 0.26, 23363, 199
15614, 0, 45, 129, 114, 18, 10.06%, 0, 28, 4, 0.26, 23365, 199
15624, 0, 45, 129, 114, 18, 10.06%, 0, 28, 4, 0.31, 23375, 199
15635, 0, 45, 129, 114, 18, 10.06%, 0, 28, 4, 0.37, 23388, 199
15645, 0, 45, 129, 114, 18, 10.06%, 0, 28, 4, 0.41, 23398, 199
15655, 0, 45, 129, 114, 18, 10.06%, 0, 28, 4, 0.46, 23410, 199
15665, 0, 45, 129, 114, 18, 10.06%, 0, 28, 4, 0.50, 23435, 199
15675, 0, 45, 129, 114, 18, 10.06%, 0, 28, 4, 0.47, 23436, 199
15685, 0, 45, 129, 114, 18, 10.06%, 0, 28, 4, 0.55, 23454, 199
15695, 0, 45, 129, 114, 18, 10.06%, 0, 28, 4, 0.53, 23456, 199
15705, 0, 45, 129, 114, 18, 10.06%, 0, 28, 4, 0.58, 23469, 199
15715, 0, 45, 129, 114, 18, 10.06%, 0, 28, 4, 0.59, 23477, 199
15725, 0, 45, 129, 114, 18, 10.06%, 0, 28, 4, 0.59, 23482, 199
15735, 0, 45, 129, 114, 18, 10.06%, 0, 28, 4, 0.56, 23484, 199
15746, 0, 45, 129, 114, 18, 10.06%, 0, 28, 4, 0.59, 23494, 199
15756, 0, 45, 129, 114, 18, 10.06%, 0, 28, 4, 0.58, 23498, 199
15766, 0, 45, 129, 114, 18, 10.06%, 0, 28, 4, 0.62, 23510, 199
15776, 0, 45, 129, 114, 18, 10.06%, 0, 28, 4, 0.61, 23515, 199
15786, 0, 45, 129, 114, 18, 10.06%, 0, 28, 4, 0.60, 23519, 199
15796, 0, 45, 129, 114, 18, 10.06%, 0, 28, 4, 0.61, 23527, 199
15806, 0, 45, 129, 114, 18, 10.06%, 0, 28, 4, 0.10, 23528, 199
15816, 0, 45, 129, 114, 18, 10.06%, 0, 28, 4, 0.10, 23529, 199
15826, 0, 45, 129, 114, 18, 10.06%, 0, 28, 4, 0.11, 23531, 199
15836, 0, 45, 129, 114, 18, 10.06%, 0, 28, 4, 0.60, 23537, 199
15846, 0, 45, 129, 114, 18, 10.06%, 0, 28, 4, 0.63, 23548, 199
15856, 0, 45, 129, 114, 18, 10.06%, 0, 28, 4, 0.61, 23552, 199
15866, 0, 45, 129, 114, 18, 10.06%, 0, 28, 4, 0.63, 23561, 199
15876, 0, 45, 129, 114, 18, 10.06%, 0, 28, 4, 0.60, 23563, 199
15886, 0, 45, 129, 114, 18, 10.06%, 0, 28, 4, 0.60, 23568, 199
15896, 0, 45, 129, 114, 18, 10.06%, 0, 28, 4, 0.59, 23573, 199
15906, 0, 45, 129, 114, 18, 10.06%, 0, 28, 4, 0.58, 23577, 199
15916, 0, 45, 129, 114, 18, 10.06%, 0, 28, 4, 0.57, 23582, 199
15926, 0, 45, 129, 114, 18, 10.06%, 0, 28, 4, 0.10, 23583, 199
15936, 0, 45, 129, 114, 18, 10.06%, 0, 28, 4, 0.11, 23586, 199
15947, 0, 45, 129, 114, 18, 10.06%, 0, 28, 4, 0.13, 23590, 199
15957, 0, 45, 129, 114, 18, 10.06%, 0, 28, 4, 0.14, 23593, 199
15967, 0, 45, 129, 114, 18, 10.06%, 0, 28, 4, 0.80, 23601, 199
15977, 0, 45, 129, 114, 18, 10.06%, 0, 28, 4, 0.79, 23608, 199
15987, 0, 45, 129, 114, 18, 10.06%, 0, 28, 4, 0.81, 23619, 199
15997, 0, 45, 129, 114, 18, 10.06%, 0, 28, 4, 0.80, 23626, 199
16007, 0, 45, 129, 114, 18, 10.06%, 0, 28, 4, 0.76, 23628, 199
16017, 0, 45, 129, 114, 18, 10.06%, 0, 28, 4, 0.75, 23634, 199
16027, 0, 45, 129, 114, 18, 10.06%, 0, 28, 4, 0.10, 23635, 199
16037, 0, 45, 129, 114, 18, 10.06%, 0, 28, 4, 0.60, 23641, 199
16047, 0, 45, 129, 114, 18, 10.06%, 0, 28, 4, 0.10, 23642, 199
16057, 0, 45, 129, 114, 18, 10.06%, 0, 28, 4, 0.10, 23643, 199
16067, 0, 45, 129, 114, 18, 10.06%, 0, 28, 4, 2.17, 23665, 199
16077, 0, 45, 129, 114, 18, 10.06%, 0, 28, 4, 0.20, 23667, 199
16087, 0, 45, 129, 114, 18, 10.06%, 0, 28, 4, 0.23, 23674, 199
16097, 0, 45, 129, 114, 18, 10.06%, 0, 28, 4, 0.24, 23678, 199
16107, 0, 45, 129, 114, 18, 10.06%, 0, 28, 4, 0.24, 23681, 199
16118, 0, 45, 129, 114, 18, 10.06%, 0, 28, 4, 0.28, 23689, 199
16128, 0, 45, 129, 114, 18, 10.06%, 0, 28, 4, 0.28, 23692, 199
16138, 0, 45, 129, 114, 18, 10.06%, 0, 28, 4, 0.27, 23693, 199
16148, 0, 45, 129, 114, 18, 10.06%, 0, 28, 4, 3.14, 23725, 199
16158, 0, 45, 129, 114, 18, 10.06%, 0, 28, 4, 0.20, 23727, 199
16168, 0, 45, 129, 114, 18, 10.06%, 0, 28, 4, 1.88, 23746, 199
16178, 0, 45, 129, 114, 18, 10.06%, 0, 28, 4, 1.79, 23750, 199
16188, 0, 45, 129, 114, 18, 10.06%, 0, 28, 4, 1.73, 23758, 199
16198, 0, 45, 129, 114, 18, 10.06%, 0, 28, 4, 1.66, 23764, 199
16208, 0, 45, 129, 114, 18, 10.06%, 0, 28, 4, 0.20, 23766, 199
16218, 0, 45, 129, 114, 18, 10.06%, 0, 28, 4, 0.19, 23767, 199
16228, 0, 45, 129, 114, 18, 10.06%, 0, 28, 4, 2.46, 23792, 199
16238, 0, 45, 129, 114, 18, 10.06%, 0, 28, 4, 0.40, 23796, 199
16248, 0, 45, 129, 114, 18, 10.06%, 0, 28, 4, 0.43, 23805, 199
16258, 0, 45, 129, 114, 18, 10.06%, 0, 28, 4, 0.43, 23810, 199
16269, 0, 45, 129, 114, 18, 10.06%, 0, 28, 4, 0.49, 23824, 199
16279, 0, 45, 129, 114, 18, 10.06%, 0, 28, 4, 0.48, 23827, 199
16289, 0, 45, 129, 114, 18, 10.06%, 0, 28, 4, 0.49, 23834, 199
16299, 0, 45, 129, 114, 18, 10.06%, 0, 28, 4, 0.48, 23836, 199
16309, 0, 45, 129, 114, 18, 10.06%, 0, 28, 4, 0.46, 23838, 199
16319, 0, 45, 129, 114, 18, 10.06%, 0, 28, 4, 0.44, 23839, 199
16329, 0, 45, 129, 114, 18, 10.06%, 0, 28, 4, 0.42, 23840, 199
16339, 0, 45, 129, 114, 18, 10.06%, 0, 28, 4, 0.42, 23845, 199
16349, 0, 45, 129, 114, 18, 10.06%, 0, 28, 4, 0.41, 23847, 199
16359, 0, 45, 129, 114, 18, 10.06%, 0, 28, 4, 0.39, 23849, 199
16369, 0, 45, 129, 114, 18, 10.06%, 0, 28, 4, 0.41, 23855, 199
16379, 0, 45, 129, 114, 18, 10.06%, 0, 28, 4, 0.41, 23859, 199
16389, 0, 45, 129, 114, 18, 10.06%, 0, 28, 4, 0.44, 23868, 199
16399, 0, 45, 129, 114, 18, 10.06%, 0, 28, 4, 0.43, 23871, 199
16409, 0, 45, 129, 114, 18, 10.06%, 0, 28, 4, 0.41, 23873, 199
16419, 0, 45, 129, 114, 18, 10.06%, 0, 28, 4, 0.41, 23876, 199
16429, 0, 45, 129, 114, 18, 10.06%, 0, 28, 4, 0.39, 23877, 199
16439, 0, 45, 129, 114, 18, 10.06%, 0, 28, 4, 0.45, 23891, 199
16449, 0, 45, 129, 114, 18, 10.06%, 0, 28, 4, 0.46, 23898, 199
16459, 0, 45, 129, 114, 18, 10.06%, 0, 28, 4, 0.47, 23903, 199
16469, 0, 45, 129, 114, 18, 10.06%, 0, 28, 4, 0.49, 23912, 199
16479, 0, 45, 129, 114, 18, 10.06%, 0, 28, 4, 0.56, 23927, 199
16490, 0, 45, 129, 114, 18, 10.06%, 0, 28, 4, 0.10, 23928, 199
16500, 0, 45, 129, 114, 18, 10.06%, 0, 28, 4, 0.10, 23929, 199
16510, 0, 45, 129, 114, 18, 10.06%, 0, 28, 4, 0.12, 23933, 199
16520, 0, 45, 129, 114, 18, 10.06%, 0, 28, 4, 0.14, 23937, 199
16530, 0, 45, 129, 114, 18, 10.06%, 0, 28, 4, 0.16, 23942, 199
