# relative_time, cycles_done, cur_item, corpus_count, pending_total, pending_favs, map_size, saved_crashes, saved_hangs, max_depth, execs_per_sec, total_execs, edges_found
61, 3, 12, 28, 0, 0, 7.86%, 1, 0, 1, 403.29, 30208, 33
66, 4, 12, 28, 0, 0, 7.86%, 1, 0, 1, 488.84, 32826, 33
71, 4, 12, 28, 0, 0, 7.86%, 1, 0, 1, 506.57, 35530, 33
76, 5, 12, 28, 0, 0, 7.86%, 1, 0, 1, 513.30, 38256, 33
81, 5, 12, 28, 0, 0, 7.86%, 1, 0, 1, 558.16, 41143, 33
86, 5, 12, 28, 0, 0, 7.86%, 1, 0, 1, 496.65, 43610, 33
91, 5, 12, 28, 0, 0, 7.86%, 1, 0, 1, 397.75, 45440, 33
97, 6, 12, 28, 0, 0, 7.86%, 1, 0, 1, 427.43, 47672, 33
102, 6, 12, 28, 0, 0, 7.86%, 1, 0, 1, 524.85, 50474, 33
107, 6, 12, 28, 0, 0, 7.86%, 1, 0, 1, 436.11, 52877, 33
