# relative_time, cycles_done, cur_item, corpus_count, pending_total, pending_favs, map_size, saved_crashes, saved_hangs, max_depth, execs_per_sec, total_execs, edges_found
63, 0, 0, 26, 26, 1, 16.29%, 0, 0, 2, 2.73, 3236, 29
68, 0, 0, 30, 30, 1, 16.29%, 0, 0, 2, 154.60, 4121, 29
73, 0, 0, 30, 30, 1, 16.29%, 0, 0, 2, 194.65, 5182, 29
78, 0, 0, 31, 31, 1, 16.29%, 0, 0, 2, 212.60, 6229, 29
83, 0, 0, 31, 31, 1, 16.29%, 0, 0, 2, 203.00, 7269, 29
88, 0, 0, 31, 31, 1, 16.29%, 0, 0, 2, 222.13, 8391, 29
94, 0, 0, 32, 32, 1, 17.98%, 0, 0, 2, 197.11, 9344, 32
99, 0, 0, 32, 32, 1, 17.98%, 0, 0, 2, 186.14, 10361, 32
104, 0, 0, 33, 33, 1, 17.98%, 0, 0, 2, 213.05, 11514, 32
109, 0, 20, 34, 32, 8, 20.22%, 0, 0, 2, 77.83, 12366, 36
114, 0, 20, 35, 33, 8, 20.22%, 0, 0, 3, 91.43, 12827, 36
119, 0, 20, 35, 33, 8, 20.22%, 0, 0, 3, 91.93, 13307, 36
125, 0, 20, 37, 35, 8, 20.22%, 0, 1, 3, 26.67, 13725, 36
131, 0, 20, 41, 39, 8, 20.22%, 0, 2, 3, 247.03, 14440, 36
86411, 0, 20, 43, 41, 8, 21.91%, 0, 3, 3, 0.00, 15162, 39
