# relative_time, cycles_done, cur_item, corpus_count, pending_total, pending_favs, map_size, saved_crashes, saved_hangs, max_depth, execs_per_sec, total_execs, edges_found
68, 0, 0, 36, 36, 1, 40.97%, 23, 14, 2, 3.53, 417, 644
74, 0, 0, 38, 38, 1, 41.09%, 23, 15, 2, 3.51, 440, 646
81, 0, 0, 40, 40, 1, 41.73%, 24, 17, 2, 3.39, 462, 656
89, 0, 0, 42, 42, 1, 41.98%, 25, 17, 2, 3.45, 490, 660
95, 0, 0, 44, 44, 1, 42.18%, 25, 17, 2, 3.45, 506, 663
101, 0, 0, 48, 48, 1, 43.19%, 26, 18, 2, 4.70, 550, 679
108, 0, 0, 51, 51, 1, 43.19%, 26, 19, 2, 4.65, 579, 679
117, 0, 0, 55, 55, 1, 43.19%, 26, 19, 2, 5.13, 620, 679
124, 0, 0, 58, 58, 1, 44.08%, 27, 20, 2, 5.38, 659, 693
129, 0, 0, 61, 61, 1, 44.27%, 29, 20, 2, 5.49, 690, 696
136, 0, 0, 64, 64, 1, 44.47%, 29, 22, 2, 6.33, 725, 699
142, 0, 0, 68, 68, 1, 44.91%, 32, 22, 2, 6.36, 769, 706
148, 0, 0, 71, 71, 1, 44.97%, 32, 23, 2, 7.36, 809, 707
154, 0, 0, 73, 73, 1, 44.97%, 32, 24, 2, 5.04, 839, 707
162, 0, 0, 75, 75, 1, 44.97%, 32, 24, 2, 2.46, 868, 707
169, 0, 0, 77, 77, 1, 44.97%, 33, 25, 2, 5.97, 904, 707
174, 0, 0, 78, 78, 1, 44.97%, 33, 26, 2, 5.67, 922, 707
179, 0, 0, 79, 79, 1, 44.97%, 33, 27, 2, 29.61, 949, 707
190, 0, 0, 81, 81, 1, 44.97%, 33, 27, 2, 2.72, 985, 707
196, 0, 0, 83, 83, 1, 44.97%, 34, 27, 2, 2.83, 1007, 707
203, 0, 0, 86, 86, 1, 45.17%, 34, 28, 2, 3.35, 1039, 710
209, 0, 0, 88, 88, 1, 45.17%, 34, 28, 2, 3.31, 1057, 710
216, 0, 0, 90, 90, 1, 45.17%, 34, 28, 2, 3.30, 1081, 710
224, 0, 0, 92, 92, 1, 45.17%, 34, 28, 2, 2.01, 1104, 710
231, 0, 0, 94, 94, 1, 45.17%, 34, 28, 2, 2.19, 1128, 710
237, 0, 0, 96, 96, 1, 45.17%, 34, 29, 2, 2.55, 1154, 710
249, 0, 0, 98, 98, 1, 45.17%, 34, 31, 2, 1.21, 1191, 710
255, 0, 0, 100, 100, 1, 45.23%, 35, 31, 2, 26.86, 1228, 711
262, 0, 0, 104, 104, 1, 45.23%, 36, 32, 2, 3.11, 1278, 711
268, 0, 0, 107, 107, 1, 45.29%, 38, 32, 2, 26.40, 1343, 712
274, 0, 0, 108, 108, 1, 45.29%, 38, 32, 2, 27.03, 1366, 712
280, 0, 0, 110, 110, 1, 45.29%, 38, 32, 2, 3.35, 1395, 712
287, 0, 0, 114, 114, 1, 45.29%, 38, 33, 2, 2.86, 1442, 712
293, 0, 0, 116, 116, 1, 45.29%, 39, 34, 2, 5.10, 1487, 712
299, 0, 0, 119, 119, 1, 45.29%, 40, 34, 2, 4.42, 1530, 712
305, 0, 0, 120, 120, 1, 45.29%, 40, 34, 2, 1.49, 1551, 712
311, 0, 0, 121, 121, 1, 45.36%, 40, 34, 2, 1.49, 1560, 713
318, 0, 0, 124, 124, 1, 45.36%, 41, 34, 2, 4.68, 1618, 713
326, 0, 0, 126, 126, 1, 45.67%, 41, 34, 2, 4.46, 1639, 718
333, 0, 0, 128, 128, 1, 45.93%, 41, 34, 2, 3.80, 1683, 722
341, 0, 0, 130, 130, 1, 46.31%, 41, 34, 2, 3.58, 1759, 728
346, 0, 0, 131, 131, 1, 46.31%, 41, 35, 2, 24.94, 1834, 728
352, 0, 0, 133, 133, 1, 46.31%, 41, 37, 2, 2.75, 1885, 728
357, 0, 0, 134, 134, 1, 46.31%, 42, 37, 2, 3.13, 1954, 728
363, 0, 0, 136, 136, 1, 46.31%, 42, 37, 2, 3.58, 2008, 728
370, 0, 0, 138, 138, 1, 46.31%, 42, 37, 2, 3.25, 2034, 728
376, 0, 0, 140, 140, 1, 46.31%, 42, 37, 2, 3.18, 2052, 728
382, 0, 0, 142, 142, 1, 46.31%, 42, 37, 2, 4.01, 2083, 728
388, 0, 0, 145, 145, 1, 46.44%, 42, 37, 2, 20.13, 2149, 730
393, 0, 0, 146, 146, 1, 46.44%, 42, 37, 2, 23.44, 2249, 730
401, 0, 0, 149, 149, 1, 46.50%, 42, 37, 2, 2.94, 2299, 731
407, 0, 0, 151, 151, 1, 46.50%, 43, 37, 2, 19.18, 2349, 731
412, 0, 0, 152, 152, 1, 46.50%, 43, 37, 2, 20.37, 2415, 731
418, 0, 0, 153, 153, 1, 46.50%, 44, 37, 2, 21.98, 2517, 731
424, 0, 0, 155, 155, 1, 46.50%, 44, 37, 2, 3.54, 2551, 731
431, 0, 0, 157, 157, 1, 46.76%, 44, 38, 2, 22.74, 2585, 735
437, 0, 0, 159, 159, 1, 46.82%, 45, 38, 2, 4.09, 2672, 736
442, 0, 0, 161, 161, 1, 46.88%, 47, 38, 2, 16.88, 2773, 737
449, 0, 0, 163, 163, 1, 47.26%, 47, 38, 2, 1.94, 2806, 743
460, 0, 0, 165, 165, 1, 47.26%, 48, 39, 2, 1.19, 2868, 743
467, 0, 0, 166, 166, 1, 47.33%, 48, 39, 2, 1.39, 2882, 744
472, 0, 0, 167, 167, 1, 47.33%, 49, 39, 2, 22.03, 2908, 744
477, 0, 0, 168, 168, 1, 47.33%, 49, 39, 2, 19.99, 2961, 744
483, 0, 0, 169, 169, 1, 47.39%, 49, 39, 2, 1.83, 2978, 745
1823, 0, 0, 170, 170, 1, 48.09%, 49, 40, 2, 0.00, 3049, 756
1833, 0, 0, 171, 171, 1, 48.09%, 49, 40, 2, 1.42, 3091, 756
1839, 0, 0, 172, 172, 1, 48.35%, 49, 41, 2, 3.66, 3130, 760
1844, 0, 0, 174, 174, 1, 48.47%, 49, 41, 2, 3.86, 3149, 762
1850, 0, 0, 176, 176, 1, 48.47%, 50, 41, 2, 18.56, 3192, 762
1855, 0, 0, 176, 176, 1, 48.47%, 50, 43, 2, 18.27, 3255, 762
1861, 0, 0, 177, 177, 1, 48.47%, 50, 43, 2, 2.65, 3308, 762
1866, 0, 0, 178, 178, 1, 48.47%, 50, 43, 2, 21.21, 3338, 762
25652, 0, 0, 179, 179, 1, 48.47%, 50, 43, 2, 0.00, 3370, 762
38292, 0, 0, 180, 180, 1, 48.47%, 50, 43, 2, 0.00, 3375, 762
86400, 0, 0, 181, 181, 1, 48.47%, 51, 43, 2, 0.00, 3381, 762
